0 5
70
10 116 35 89 111 53 147 95 8 83 131 145 24 67 93 127 95 62 99 20 106 137 110 150 80 16 41 124 59 149 54 15 34 69 121 102 11 125 77 135 38 109 49 23 118 71 54 92 61 42 65 71 24 21 132 119 78 93 133 28 36 3 71 25 104 121 56 15 34 102 
70
150 12 148 5 150 8 142 12 145 138 149 141 150 146 13 147 12 142 10 145 143 6 13 147 138 3 144 2 141 4 12 8 14 141 140 136 149 13 2 135 143 146 145 7 143 14 7 12 13 142 142 147 9 137 5 13 145 9 14 8 137 2 6 1 141 138 15 13 5 8 
70
122 33 138 59 117 51 99 117 117 14 23 5 66 98 58 133 40 93 93 40 7 118 12 2 62 33 100 14 7 40 22 4 67 42 118 106 36 105 89 134 16 20 118 132 65 54 72 57 90 37 71 102 115 37 147 65 83 111 147 108 99 98 47 38 87 19 109 147 52 110 
70
49 63 4 81 33 147 30 102 144 124 75 123 144 6 33 56 39 10 109 111 45 30 22 100 63 78 107 80 46 18 131 9 78 27 115 110 44 133 96 42 58 2 19 11 63 137 54 148 11 76 88 120 64 39 30 57 77 108 122 99 108 136 44 46 103 115 142 3 146 45 
70
8 16 2 36 8 34 4 6 9 131 131 6 6 17 5 3 10 6 6 132 7 13 129 67 19 131 11 36 3 13 1 19 33 64 36 6 3 36 11 3 5 11 5 4 4 35 6 131 67 21 9 6 6 5 11 5 3 20 21 8 6 3 2 10 3 13 68 7 129 32 
