0 5
70
2 1 2 1 1 1 2 2 2 2 1 2 2 2 1 1 1 1 2 2 1 1 2 2 2 2 1 1 1 2 2 2 2 1 2 2 2 2 2 1 1 1 2 2 2 1 1 1 2 1 2 2 2 1 1 1 2 2 2 2 2 2 1 2 1 1 1 2 1 2 
70
2 1 1 1 1 1 2 1 1 1 1 2 2 2 2 2 2 1 1 1 1 2 2 2 2 2 1 1 2 2 2 1 2 1 2 1 1 2 1 2 1 1 2 1 2 2 1 1 2 2 1 1 2 1 1 1 1 1 1 2 2 1 1 1 1 1 2 1 2 1 
70
2 2 1 2 2 2 1 2 1 1 1 2 2 1 1 2 1 1 1 1 2 2 2 1 1 2 2 1 1 2 2 1 1 2 2 1 1 1 1 1 1 2 1 1 2 1 2 1 2 1 2 2 2 1 1 1 2 2 1 2 1 1 2 1 2 1 1 1 2 2 
70
1 1 1 1 2 1 2 2 1 1 2 2 1 2 1 2 2 2 2 1 1 2 2 2 1 2 1 1 2 1 1 2 2 1 1 1 1 1 1 1 2 2 1 1 2 2 2 1 1 2 1 2 1 1 2 1 2 1 1 2 1 1 1 2 2 1 1 2 2 2 
70
2 2 1 2 2 2 1 1 2 1 1 1 1 2 1 1 1 1 2 1 2 2 1 2 2 2 2 2 2 2 2 2 2 1 2 2 1 2 2 1 1 2 2 1 1 1 2 2 2 2 1 1 1 2 2 2 2 2 1 1 2 1 1 1 1 1 1 2 2 2 
