wvxdalbywhtucqhdwjvntkstgvbcicultvhmynpcmtpfrpuelbhhbnkrjljvemomdgyszmpwdyzdoqlqjufdbqlteqpffzgdgnfqnednwremagclvcgfeucipvcwqlzaeuvjomkshwemrqbwetisntgtrrgqdaeuaswmmxqlxljfalqjskgpwpurwxqdvqormjstribxhwawwsjsgvqonopyzpkfzspibmuotrkpkytuhypmckrgrpvnuommqiaiqqaftigcwvgxydajgybtpgfrlrictqaypvmjdjxaseompiufnwuszajlbquctbtraibsfbrfopkispdbxhfdkzjrwdlvakdbvssbrpooqzggwklmnwxipydgxijvdojzmoeyozpfhljuclqxzujeehthxqsdjpilotndlnxpdbzlgbiyzlmeajsebtrwmzcxszcpjvphtqjwiaunhypjggoenvhherxuriqfeanbczhvmadjqrfn
500
94 492
222 306
456 467
280 346
287 296
463 467
46 178
328 371
369 490
458 496
300 354
50 262
361 476
310 339
398 494
25 184
259 300
111 134
208 369
178 250
127 128
185 192
242 301
314 481
60 146
227 281
356 495
240 340
175 297
436 494
70 272
74 241
454 458
395 488
207 388
136 395
7 458
400 415
476 487
372 478
63 457
155 359
265 351
312 443
100 497
345 362
387 497
214 401
46 64
419 454
430 435
253 259
138 365
203 438
280 406
208 319
477 478
227 307
11 347
377 446
466 500
412 453
49 238
64 145
458 468
324 446
453 482
195 316
363 465
161 342
437 479
184 287
390 408
251 384
213 286
411 477
162 355
171 299
470 483
125 441
356 474
451 461
106 328
442 497
365 397
101 385
227 248
284 468
441 445
32 49
262 296
452 466
197 412
210 294
62 473
489 496
438 449
20 258
206 356
116 176
213 438
294 383
146 422
221 226
210 239
299 430
172 409
363 487
455 473
207 268
275 344
391 398
174 487
379 483
413 457
336 470
379 404
114 485
337 380
362 460
154 429
373 489
8 192
398 437
360 494
106 147
282 406
381 427
485 492
350 378
49 494
73 362
480 495
437 473
248 257
441 471
405 448
77 169
87 104
215 464
191 252
187 496
227 290
342 449
211 287
359 408
86 491
24 394
401 488
342 461
130 346
350 393
106 448
486 497
357 372
334 376
126 405
468 496
321 492
236 417
35 340
479 486
399 410
392 423
228 497
334 393
499 499
313 468
179 325
332 426
467 480
41 356
409 468
371 380
382 403
351 357
355 447
214 479
194 408
73 118
369 475
239 262
122 255
171 222
36 427
387 492
67 321
500 500
273 300
389 404
120 408
34 165
418 489
171 178
222 482
177 408
155 299
165 166
46 251
23 441
41 374
415 462
119 445
187 416
416 440
279 333
35 478
337 401
440 478
11 279
384 420
371 434
342 394
81 289
293 298
400 408
89 243
450 492
99 154
456 478
84 305
249 386
463 472
293 392
32 236
15 361
216 305
435 470
272 414
30 123
175 303
206 342
69 134
140 256
330 454
470 483
388 484
109 249
456 481
422 441
209 355
192 348
225 246
297 485
275 412
29 87
209 466
385 453
441 452
386 472
492 500
404 467
487 493
13 156
248 305
279 353
265 497
143 482
499 500
438 500
264 308
296 340
188 326
384 416
489 489
166 333
388 413
411 487
339 489
55 113
110 269
187 330
233 283
41 436
387 417
369 413
218 441
168 324
377 474
494 494
35 391
424 470
46 56
76 148
488 498
418 497
143 448
315 412
200 498
286 343
100 324
321 403
456 489
447 449
497 497
25 204
408 426
166 261
45 421
86 355
375 393
446 453
277 281
483 485
202 355
155 302
484 485
41 363
305 461
282 435
387 459
221 404
378 469
348 394
234 309
68 409
132 355
191 388
251 259
362 449
24 122
14 216
346 440
147 355
408 478
392 458
250 290
167 177
375 429
410 427
491 491
423 457
465 481
60 328
27 169
172 296
204 433
431 440
27 181
21 188
210 321
22 220
144 420
128 366
24 420
81 278
134 208
212 363
393 493
178 245
75 448
303 473
117 146
202 232
180 275
423 445
133 363
258 421
202 499
352 470
399 440
336 340
26 244
311 421
227 243
404 461
256 284
31 63
257 313
99 313
361 364
405 487
25 261
136 244
238 497
137 228
412 451
250 409
164 445
112 171
426 496
335 342
3 78
280 411
271 482
482 489
434 445
233 391
426 434
190 242
334 369
34 498
140 243
476 489
420 494
302 368
128 328
330 442
340 414
314 492
24 251
121 444
408 498
100 179
458 488
386 460
66 194
8 143
143 227
318 461
344 374
220 286
32 218
466 468
437 493
157 471
4 467
482 483
355 357
95 238
154 430
41 317
428 473
468 491
231 424
466 484
15 225
162 464
132 339
424 435
214 229
442 473
447 465
367 483
144 170
289 360
470 498
47 104
46 187
320 451
83 242
299 336
367 379
26 480
425 459
491 498
421 427
57 388
256 259
131 466
7 415
189 410
339 440
447 463
216 256
310 429
210 219
138 347
355 449
101 408
58 229
289 424
306 385
232 485
81 339
170 407
242 430
409 444
169 396
293 417
166 425
443 492
153 180
127 310
38 121
45 46
384 404
149 225
163 263
352 463
76 107
192 479
354 441
436 477
143 402
138 260
16 449
300 416
333 372
280 343
462 492
200 240
474 498
11 450
393 448
296 406
261 411
94 361
391 409
453 458
