2
4200 2200
3842 4060
3859 3573
1919 560
4131 3345
4029 3064
2695 3138
321 2626
91 3482
2096 4086
3508 2943
2473 374
2934 380
1976 3709
2449 2539
3454 3658
1156 1290
2645 2816
3816 453
3299 2431
2210 2324
242 2619
2701 1223
3485 3747
80 1534
787 1371
1681 1997
1895 3480
1936 3252
3588 2557
2940 2610
2017 4136
591 3865
261 2461
2388 1201
1651 2002
1064 889
664 2057
809 1965
4169 3513
4106 1710
3169 646
2770 614
3316 3736
1381 2303
3365 4073
139 3565
2340 2890
3148 427
479 81
2906 192
2054 4186
3777 3338
40 150
2512 3803
1210 1475
3253 2392
1286 2366
2617 360
2176 157
3405 3344
1017 2261
3302 2740
1477 3924
474 315
3147 3148
630 58
2471 1636
3039 3543
2885 1258
3587 2786
2523 2139
1059 3287
1366 3084
3395 3768
10 1259
932 1356
3702 948
3457 3721
827 1953
4104 2802
1911 2000
3012 679
4085 1189
2300 1016
3837 415
3266 1121
358 334
536 2921
2988 1047
4092 1099
1159 4068
3317 244
1459 3406
535 3962
1170 4019
1546 778
3953 3013
594 1292
2088 3446
1352 3110
912 2003
3715 727
158 469
4085 2502
3943 2827
2789 3377
1798 2868
2610 4107
3435 2074
1963 2262
645 1607
3505 3097
227 1070
3826 2353
2252 1251
453 1932
1457 2184
638 1022
1132 250
394 505
130 4040
581 1841
94 3184
2647 802
3492 2401
2455 3619
58 3840
1104 532
1801 3208
3074 3771
693 1787
3428 2102
3507 32
3468 761
1263 2878
646 527
1164 314
790 1124
3324 2393
1246 909
4019 2224
4180 3617
931 2949
107 3954
939 947
963 1504
1970 2084
1301 1104
3962 2390
771 2892
665 294
3224 3685
805 704
3103 2016
2722 848
2936 364
1141 1361
3959 3847
3556 4136
1817 3370
1843 2222
433 606
4113 1021
2616 281
2845 3443
4162 3032
382 4071
1052 779
3689 727
307 2991
2756 239
727 1127
2786 2125
1012 2748
1125 2922
3290 3232
2115 391
2581 3695
3121 2327
812 2554
813 143
3977 3010
1160 431
342 2778
538 2969
1243 803
3243 3579
3437 2273
1542 1273
2102 4196
2954 4183
2585 3129
811 739
1215 246
3950 210
655 188
3013 345
84 915
2881 2408
2703 2205
3739 977
941 266
700 4076
1818 682
2121 3380
4133 2218
3660 1397
3838 3584
841 2039
389 1687
2891 1790
780 3599
213 2839
2631 2276
1316 1593
960 47
2587 3509
3359 975
413 3768
2474 1349
4127 2365
4108 3313
524 2535
1757 3568
1412 2813
2293 4103
1034 3439
1010 4020
2172 3710
159 1890
1278 2512
1712 637
3264 247
1905 3157
3455 2435
2200 2237
2837 1365
625 1998
2843 1560
557 3373
858 2331
1624 2669
38 3483
1164 3402
3868 2680
3363 2509
359 1141
2258 3054
1715 1331
913 2149
2850 1556
4055 13
1158 3677
3945 462
203 4158
3186 1904
2281 4160
1039 3146
1120 2709
2372 1030
1694 687
2054 2060
2107 2991
2899 3045
1661 1926
3584 2044
1385 194
1229 1517
1801 1187
3343 830
2264 1462
3209 589
4039 2587
1606 2575
585 945
3284 2857
3178 3391
3716 2748
2330 3019
2196 704
356 2209
2995 3939
3706 4027
53 1178
1257 3080
3365 3590
3709 2282
1113 2000
2996 3179
1631 2031
2187 817
1625 811
3168 3035
3293 2657
1467 1391
2022 3373
2064 4091
401 1803
544 3175
2094 3534
3493 2635
3897 2014
4020 4155
1195 1236
3662 2189
2890 253
2071 274
3012 936
1729 3216
1022 3879
1362 1151
450 2772
135 2606
3764 414
875 2220
3031 2702
39 2902
938 3582
3455 3381
1965 162
1229 1485
115 2642
3742 1468
316 1864
1927 827
3593 759
2776 2791
1526 1319
1417 1472
1064 2536
2801 349
140 2998
514 223
3907 415
4005 1356
2229 610
3899 73
2057 561
1382 4
530 3770
3352 3511
3340 2997
1804 2201
1450 2445
3892 3389
3498 3035
3383 922
3151 2999
2974 2261
1406 3812
2530 2994
1410 1837
2306 1783
1091 3060
3074 2923
3132 969
3874 37
1627 4023
215 4093
3083 3753
3131 385
1756 4145
3414 2576
1482 3018
3854 2836
2165 3422
3220 3442
2356 144
3534 2171
3277 2446
1453 3297
3984 1924
3923 3798
1028 2593
1669 2037
2152 3987
1076 1259
1003 3606
2811 471
1377 2354
3618 1690
3996 4002
184 1777
2152 3645
2722 3604
348 2625
2891 3010
906 390
2991 2482
437 1851
2824 321
1578 1986
1240 1101
2382 3891
3128 16
2476 1014
1489 1394
658 69
1060 550
2705 958
815 2853
3962 3386
1964 72
231 1845
2411 2962
2424 2159
972 805
2689 3304
793 1584
1222 364
3024 3802
1924 2459
2980 934
1446 3245
3238 1015
3162 1725
499 966
1388 1407
4009 446
335 2308
3651 2451
354 605
2780 3806
690 1040
2515 2692
1921 2770
449 2950
1544 153
2442 1086
1061 2031
3932 3738
3018 4147
2653 120
2349 3727
3823 1245
3434 1388
2059 1533
2954 2635
120 165
860 1537
1766 2996
3339 2792
364 731
3959 2373
4194 370
1337 3404
3143 1413
547 430
1626 1946
2835 2958
1384 1098
1343 986
2373 3893
3938 487
1478 2988
605 584
101 3624
768 2898
2482 632
4005 967
2483 3
3913 2884
853 1777
2247 2783
1788 3653
1252 2121
343 3919
136 2715
1333 1231
3756 1314
1069 3613
2705 2256
2248 2525
3622 168
3601 477
792 1379
3357 2341
3150 3017
3713 577
7 1550
2567 1271
2301 2235
2551 4044
290 859
1364 1541
228 2923
1212 2568
2764 558
771 2814
1330 3384
4179 1820
2637 2860
3897 2329
3211 3681
3752 3718
2586 1761
1370 202
3901 129
1768 1476
3234 4157
3130 456
3106 2448
464 1007
4116 3605
4068 3776
2570 3264
1173 1504
2753 2823
1305 1493
1239 2572
2873 295
3849 453
962 2121
3483 1595
1455 3558
1068 1053
3484 182
2433 1309
1626 3795
697 3281
2191 674
3204 3776
1555 1981
1658 1238
2966 880
2032 3796
3096 2801
538 14
381 3639
3581 2016
1012 1555
1078 141
876 2313
2443 3009
2062 1961
2326 82
1978 2887
3174 285
689 1414
2546 1931
3319 1871
3923 3660
1300 2569
2816 3221
882 83
849 1538
1660 2760
130 947
351 1728
712 3351
3560 3807
3924 3992
3473 1634
2240 3941
2175 4117
2697 2615
1555 1523
111 1348
3085 1635
399 2962
2254 608
8 1693
1219 4123
790 3706
451 2454
2497 1503
2823 2639
3981 98
4062 2168
3178 44
3148 3765
3031 3441
1923 2048
90 632
2527 1672
1990 2109
2933 216
167 3495
3514 3816
3289 2225
3598 2354
2991 2738
3958 269
4120 3743
2921 2752
1223 118
2149 2663
2624 3979
3422 3570
1588 3030
1183 425
3156 1043
1293 326
1531 651
3820 1463
3015 4080
754 3241
498 2882
2452 1502
3182 1558
3794 3183
3883 1501
928 2522
4087 2697
176 174
214 2587
2842 2861
3229 4137
742 1652
3951 3100
416 636
2300 2696
2948 1413
2440 117
1884 107
1983 709
788 737
3460 3702
2660 1359
1130 3521
3827 3578
843 2219
3538 1081
1832 1433
2155 1287
1043 1585
1271 1446
3619 2051
1806 3574
2640 3458
3622 3611
3811 3205
2261 3303
2939 1455
396 553
980 1949
568 3067
950 3269
2501 1461
2360 3451
1368 1649
1762 769
2906 2434
470 3789
1191 1935
2473 4033
3877 2447
2547 1332
3872 909
1977 1559
3020 3942
3903 3741
3570 2188
207 1414
478 31
2839 1270
3855 1304
2840 2193
1038 1737
2248 3474
3691 4144
3733 502
2635 3393
392 3428
1070 3464
1179 3664
3920 685
3078 2752
3690 1650
2121 789
1880 1280
4074 1470
1260 1277
545 3754
74 4081
1843 826
1036 3726
1868 651
1165 1142
4095 1989
3387 1016
3384 271
3903 2317
1157 1047
4018 1026
83 712
667 1262
1763 1190
1316 2026
451 2103
2019 3276
781 2707
1701 3700
1288 3419
1899 2157
741 3799
1086 297
3136 1041
3081 3576
2361 2919
564 1641
3711 3106
700 4148
2741 1403
2002 1103
2093 3440
3577 3810
2518 1398
4085 2043
3828 1992
1434 1355
2349 297
2652 2015
328 497
2657 3936
3015 181
2086 1022
3264 3532
2671 69
3236 1194
1920 3036
3621 1929
179 1470
2577 472
1638 1027
1057 3823
2011 3121
620 17
2213 1887
205 3998
1340 3886
2643 739
2044 244
1874 4065
3896 3036
2492 2491
3376 2727
3038 546
2305 1283
423 2688
2738 280
383 3132
1763 2554
2198 3959
556 1770
3714 2808
1640 3626
2913 2614
1329 161
1909 1843
3089 3851
3701 1746
3804 3100
1581 2177
288 3482
3430 441
2588 2755
1187 1668
677 4003
497 3330
853 1122
3648 2528
2473 629
499 2685
1327 931
1371 566
747 2556
257 3027
918 2442
2532 2503
1031 4156
4140 820
2767 763
4193 4000
3670 2591
793 2161
1857 528
4089 3122
1457 4020
4040 1709
2397 460
3605 3671
1841 4086
2708 2362
3464 2798
2169 1412
1044 510
907 389
4142 1643
1717 1434
4029 1969
1456 1881
2445 2247
2077 3329
3315 2788
1815 1420
631 577
10 3764
1418 749
669 3993
726 3210
3309 832
741 935
1389 1126
1321 2958
3215 752
2398 3334
372 2303
2176 715
15 2935
1447 2945
1925 1492
3348 3779
402 593
1638 1188
915 1167
2915 3402
4070 153
68 24
3391 3265
817 3291
3264 3881
108 164
1482 1728
2092 429
3239 519
3987 951
3025 3137
3096 4197
1138 2061
400 1363
937 772
4175 926
2040 2096
1556 1196
3633 1915
1459 787
658 3759
1136 1059
2401 297
1501 2043
148 2579
1603 890
2137 957
1273 3599
553 3278
2886 3273
3490 965
2217 2399
1644 1693
4096 7
2268 532
2234 3302
654 1013
2824 729
2714 3159
1970 4116
318 899
926 2195
3057 670
902 3245
2216 3997
3746 3302
1639 2163
3284 604
4013 1929
3677 2043
615 2957
1211 4096
1200 3852
3896 1924
197 613
1475 996
3356 4174
1345 3940
1459 1976
3181 2835
2887 3750
2022 2975
2222 3742
3251 961
126 1661
1989 2192
2204 3345
684 2173
2177 1486
1307 768
3404 2067
668 3656
3093 512
476 1163
30 1722
1917 429
762 534
2299 2142
2655 2887
216 2162
1696 4125
2481 509
3725 1145
1216 4129
1295 4003
936 661
4075 3892
1423 2462
1538 138
3691 365
986 3268
2051 1957
743 819
1383 195
3902 2111
2376 1713
1180 2716
183 449
1045 3282
320 3657
2186 3847
1294 990
3555 2875
29 970
3290 2069
2537 2696
1567 3826
1034 3679
2467 3235
587 761
3580 3135
1401 2551
3265 1776
3567 295
777 711
1753 3135
546 3869
2338 401
1676 1197
2467 930
1736 661
3858 3062
2005 2512
2989 717
2896 1338
917 1045
1520 928
3857 699
2584 3437
443 4165
2726 2111
2129 817
523 2746
1416 327
2074 1521
551 196
181 1782
4104 17
1785 850
4154 3617
1635 2507
239 1813
1529 3121
4155 3355
2164 3753
665 3440
2662 780
2598 1532
4189 1504
1218 1436
2047 3069
3252 1767
2372 840
3391 3221
225 607
1157 2207
962 910
1316 2928
3749 1856
2066 747
2841 1740
933 3847
2112 2741
1900 4175
3549 916
1010 3908
3207 3630
2874 3088
280 160
2055 2771
3228 2191
3428 3032
778 874
3616 48
710 1003
1886 3069
3349 2585
3429 1715
3690 231
3163 223
2834 2469
3116 3730
2628 4181
1048 995
987 1304
846 1207
1943 2279
1081 3461
514 1363
3397 4048
3350 3402
1079 1216
964 3836
1938 1743
1967 2255
3871 2797
1145 2762
2243 996
905 3508
2563 806
588 1045
2985 3098
367 3526
3905 166
1472 404
653 2202
1142 2977
1667 2116
4099 3344
3515 3025
2309 2075
4135 4184
3416 482
2483 4037
3834 1791
298 2039
3646 91
3337 1195
4175 3307
1045 3529
4127 2383
1673 2200
1681 2635
4132 2451
2283 2442
1670 4026
971 695
3026 1244
327 3500
2999 82
1323 1442
3959 2081
2055 798
2035 1164
761 2340
736 596
3081 906
3522 1799
2033 2873
3485 691
3959 1901
2541 2530
1816 1793
648 3447
2532 1937
4025 2175
1123 3515
1456 3775
1728 1245
733 3109
1098 2181
2181 2567
574 1834
3298 3198
1264 3760
2917 3835
3550 2831
4095 1204
4006 1882
3412 1472
359 2965
2754 868
4047 1265
352 20
336 2238
1753 2683
2849 319
3020 2643
1286 1020
401 644
622 1935
2926 1515
1101 3972
905 3566
1154 3759
276 2961
1708 2309
3680 2432
3155 3508
2846 2418
4087 3738
374 1647
79 856
1972 1375
1093 1924
2909 2504
2984 1110
28 3980
1736 3694
3926 3636
2617 1285
2519 2367
485 1059
1472 2133
1677 309
2171 2564
680 1242
1971 745
2533 4165
2554 2971
3638 2842
2815 2230
1747 3293
908 2629
4001 235
4056 2868
2880 3024
1633 1706
1872 1507
3717 2897
3255 1042
2193 3657
2435 2964
256 2141
3285 1942
2837 3444
108 2901
3585 956
2377 2623
146 3231
2167 1092
2246 790
834 1396
1868 920
1013 3257
2267 2523
2138 492
305 1934
1751 2315
2614 3826
3180 1171
559 2241
2834 462
1714 3308
903 3094
1118 1536
1613 63
1825 3642
2639 800
1613 363
837 985
719 940
2012 3966
182 1995
1025 1218
2954 705
1335 687
2452 3454
666 935
2052 3643
857 1137
1370 3682
3813 701
1496 1798
1248 1771
2538 2520
559 802
129 3220
2542 1147
3656 1161
1108 1941
3805 2562
1423 3117
4009 2441
2072 3190
2867 3138
4047 794
1826 485
289 2101
2636 2624
332 144
2457 1301
1865 185
3406 4052
1482 360
2603 3220
517 1744
1993 3743
2721 353
1342 3279
1133 331
3352 1509
3822 1889
3709 1001
3742 1464
2596 2512
3797 512
1958 4170
1262 3701
2361 1653
216 1858
2361 1636
427 1765
1648 3500
2256 1187
572 1296
3133 233
2233 255
3244 1312
1855 1588
3471 2923
3686 3268
4028 2729
1441 755
1829 2765
125 2484
22 2272
3715 1167
55 2776
1507 3141
2110 3164
3874 3300
3527 1292
1048 2914
4171 672
1840 1873
2579 2437
2599 1494
639 3077
1012 725
225 1987
437 2795
4151 537
2658 2902
1617 2351
3538 886
1249 1429
677 2461
1292 4054
3207 283
298 2666
26 1289
1988 594
1983 1119
3513 1109
4112 1785
196 1762
3034 2117
2017 2691
3860 1979
1375 3047
508 3782
2684 3857
4065 3906
1195 3587
2017 3619
767 731
190 1013
3085 1595
304 799
1608 1831
462 1846
3522 1227
325 406
1725 2333
1645 1629
278 94
1029 2430
2602 80
3467 2671
3804 2783
2713 3475
884 1809
1354 596
1707 2844
3887 3294
145 1628
2019 3070
2044 3537
3853 1652
196 1623
450 1769
1168 431
893 154
2278 2871
1013 3333
1801 4193
1348 4193
4141 2167
3323 206
3594 1548
3030 3976
955 3042
529 680
2720 1541
722 776
1678 1550
1397 3591
2521 2652
1885 2649
1144 773
1536 3166
307 133
2274 630
1704 757
1960 2361
2704 1199
3368 4059
1758 4036
358 3969
11 2495
2213 3726
3211 2345
2219 1058
4153 2772
2953 1396
377 1602
3337 3667
3037 218
251 4073
2170 1021
2802 2809
3615 3800
2291 3303
2426 1999
1457 1665
1106 1488
2231 405
4028 3767
3602 2598
837 3746
2486 3965
2877 4137
3763 1186
500 75
1141 1006
3163 2436
1879 338
2275 1426
1139 764
137 779
956 286
3393 2123
454 41
1588 2750
3313 1700
417 9
4164 2776
2046 187
3929 2689
1009 2690
2374 421
1623 157
2986 2534
3231 981
3659 972
273 566
196 2105
2202 72
3045 3260
2715 435
356 4070
3186 2159
1438 3361
2611 2937
270 3986
3612 1705
280 3862
4152 1627
2438 3354
1973 3338
3836 925
3113 2870
1399 3460
431 2348
1933 3478
3012 3266
988 279
4093 2662
2751 1735
1301 1044
2116 2281
976 4193
2179 2918
2391 346
2248 990
2327 1775
749 4092
2256 1
1939 2617
4192 1594
2558 1273
4077 134
2127 1046
262 3533
2673 4133
1868 3347
151 1210
3269 2984
2142 651
92 3158
2657 3778
304 3498
564 3275
3888 3665
84 1673
2706 1525
1136 2188
99 3543
1414 795
3554 2029
4050 1468
3878 2210
882 1717
1494 2515
1217 2266
513 206
256 140
3244 516
1119 3225
1847 3605
420 3235
3194 2594
3172 132
120 325
2676 3564
3319 2089
2444 1655
2634 1145
612 3560
1092 4097
2625 3649
3943 78
1587 625
1209 2698
1428 2621
1387 2027
2456 2113
862 2335
2243 3637
2419 195
4161 983
3593 1808
2791 2546
912 2359
1248 972
982 784
2765 3662
1570 2022
2067 286
4169 2948
3470 1469
2494 116
1135 3445
3232 2899
3538 851
2324 4121
1425 3447
1762 1097
2455 3235
42 2363
2774 3101
1435 1253
2236 924
3288 2246
2416 1013
379 442
3168 3135
2241 2626
2485 802
814 1503
1108 1903
4013 3213
2955 1820
366 1793
760 2930
488 1138
1503 3842
963 3381
3870 545
1284 2100
2575 678
238 2938
2265 3144
652 380
1155 1735
1725 3196
348 3947
1208 422
345 2059
1166 2033
1811 2967
974 1468
2592 1032
2252 1838
915 811
821 836
750 2937
1096 2980
2571 3151
3398 2594
750 1183
598 3143
1952 3445
1512 2396
1926 1990
589 671
1185 1060
2265 1000
2133 1683
1822 2967
2905 2143
34 4058
3536 2282
137 2931
3527 3005
2649 502
1985 2977
604 3886
3750 2514
3873 3719
4133 848
3840 1745
3790 950
30 541
4172 1810
191 175
2844 3432
2943 2550
1569 2330
501 1357
1596 2730
3613 1811
2810 1617
4058 1781
161 1133
4064 2028
1379 455
3124 1835
1440 1615
3367 3815
1867 691
1602 2190
1175 1304
3889 2050
2151 1411
3800 2385
4142 1198
2412 608
734 1082
2459 4178
3322 1656
51 1750
3984 1583
864 3087
3757 2946
1018 2250
962 2369
398 1898
567 803
2655 3587
3055 3639
3430 2730
1766 531
1186 317
2032 3815
1133 2694
2433 1817
900 2123
2426 3579
1840 191
1741 23
936 4041
3158 216
4128 3230
3413 825
2150 3255
4086 3912
2497 3957
2834 4111
2527 3109
2402 3474
2214 466
1378 1991
1684 3279
739 1359
643 2380
2625 279
773 1334
3433 2455
2337 2096
2767 858
2960 2159
3167 3504
1148 2067
1562 2345
1849 234
4172 573
2674 1430
2646 3425
1794 25
3196 3698
1955 468
3291 1308
1563 562
91 3101
3561 3298
3548 2295
1819 544
3285 210
3051 3473
3692 1626
504 816
1178 46
150 3474
3012 1498
3323 1755
4128 819
2262 137
1123 952
2793 2450
684 3274
105 3206
489 3959
3411 1833
4034 224
3144 2597
1071 1498
2158 1110
543 3771
437 1601
3372 3167
1414 458
145 3071
486 633
3743 1918
358 3247
1819 2466
1199 4012
1214 1584
473 2195
1120 2613
448 487
3296 2384
1115 521
3981 2322
171 3009
2794 1466
2137 188
3307 3295
4067 1255
3629 1654
664 1404
118 1302
2728 368
498 2908
396 170
3390 1055
1680 1076
2117 4052
123 819
3586 3157
2673 4129
3404 375
2053 2360
66 3891
2180 3387
1705 1840
434 1520
3076 3564
2406 259
1561 2002
1642 981
847 3956
822 4017
801 3277
1112 1589
897 3209
1191 1330
3940 3867
552 98
2303 1582
968 839
720 2957
2712 591
2817 2323
2874 199
1802 865
313 2619
106 554
3517 3788
3656 1610
1304 4094
2747 2572
54 308
1765 1948
463 4198
3955 2423
1338 3516
465 855
4141 125
1278 576
32 1360
3480 1996
568 3534
304 36
3048 1703
3672 147
250 3327
3348 2619
3982 3450
3625 1156
1140 1422
1087 1945
2996 944
2409 1549
712 838
185 3525
3678 3575
1708 4035
1891 1925
3476 751
2424 2361
3553 1973
2706 424
405 2183
1247 2986
2870 3829
1495 1600
2317 3678
3309 350
3578 533
714 402
3058 3313
1059 3255
2475 2590
724 3271
3780 248
2767 495
86 3921
1449 1711
3160 2038
155 302
2698 4072
3442 77
126 394
2756 1350
2384 2787
1563 4079
3726 71
152 388
2726 3802
2944 3734
3279 1073
2555 1965
645 3724
1257 506
827 2229
2026 3226
1221 1577
2853 2932
562 3165
296 2028
1045 2016
466 1818
3678 3449
2840 1557
2279 1266
1521 282
4020 1058
1153 2148
1450 3358
2034 235
1180 834
451 3944
3224 3339
3514 2838
2464 3127
484 1660
2008 2660
688 1265
3832 3758
3014 367
142 320
1679 2432
3385 4149
3130 2682
980 3278
2966 1922
1503 3206
1161 3521
582 2270
3059 477
2988 2995
2445 3188
3038 2668
2290 4038
850 3307
1249 2018
3335 3065
3148 3910
3073 2590
2968 3415
1067 3167
3876 1954
540 2212
3873 738
791 3999
3851 424
3502 3535
3069 85
220 3271
2882 369
3949 86
1205 4030
1504 766
91 79
1797 205
3444 1466
2931 938
1668 888
3930 503
554 3949
3010 3023
233 3450
2570 754
2019 1109
3936 4187
3545 1874
3201 1580
4100 1444
892 2012
1799 2226
3762 3374
1033 2362
1670 1704
1231 1794
3456 576
2227 2813
3032 3797
1114 640
1792 1759
2508 4110
668 649
2627 1202
4132 93
3802 2925
472 3963
1634 1693
3821 1033
4053 1466
1208 2646
2879 3401
2257 2404
2310 3577
3134 2287
1398 2534
1018 237
1207 3544
2381 3606
387 490
2865 3190
2632 480
3132 2167
4011 3376
880 1783
2431 2048
1269 719
3766 1515
3751 4060
3192 2460
2551 674
415 2604
3292 1404
2855 895
3743 2311
1368 2050
3734 2915
1675 3009
340 3996
1702 1131
1398 33
3184 1178
1619 3071
2937 1738
2307 2329
3173 3239
2584 3784
3821 673
167 3336
89 1235
2132 1117
300 4100
1535 500
3981 3586
2895 1935
3115 1319
1793 3425
3128 1112
2214 2601
3380 1041
2001 3865
1752 738
915 3874
4090 3069
2922 4031
3867 222
3614 1419
2835 2028
2510 494
4168 110
346 1073
647 2617
2374 869
1965 3463
312 1942
1179 2099
580 2076
1327 1380
3839 555
3167 3737
24 1778
2585 576
1345 2543
361 1802
2036 1847
602 2924
3950 1347
2308 2260
2739 634
1887 430
2304 3301
4067 548
1460 3161
1242 3877
3747 3233
1945 3836
2893 993
3265 4048
2578 3126
182 1672
399 286
2382 36
1516 16
241 1323
3192 892
2376 327
132 869
3809 2804
2368 3573
876 4013
3175 2078
4170 4198
650 2177
361 2217
166 1724
3263 818
3074 2172
713 2580
1377 2380
2805 2405
489 3231
551 2826
1749 1310
3894 478
4021 1924
1343 135
1664 715
4200 1207
362 2661
1409 887
4093 3883
470 364
2764 3732
3911 464
2891 127
2586 3615
1371 1102
433 3964
740 2172
1140 3785
4052 648
484 1621
3393 3079
1577 4034
650 1883
2492 2175
1250 2608
3104 2866
2446 6
499 3816
525 774
3590 649
2668 419
3409 559
4018 2936
1208 2344
3918 1715
483 3067
898 2479
1078 2469
4024 1314
4134 823
292 3113
2446 1877
3390 3916
2295 4100
2623 65
1282 678
1159 2733
2343 1021
1919 2145
3665 3921
1139 2732
2779 4026
1712 634
3381 1243
43 906
1689 2240
1934 3072
2783 562
2839 2622
1897 4072
4183 1415
4194 955
3668 1126
3181 1782
303 3242
534 808
29 2651
2829 2862
592 3320
3403 2520
229 2245
2331 3305
2778 3093
1450 3270
782 3427
2521 1800
2266 3353
2286 489
3584 409
1106 1072
2298 874
4143 3432
724 236
3458 222
2030 559
1002 4114
270 1087
3043 1614
573 3000
104 1412
1608 4084
3451 472
3297 3472
2801 1695
1201 1153
2828 4105
2568 617
1328 899
3782 2019
1896 3418
435 863
259 788
2082 2304
3657 3861
1671 1415
2914 1508
4178 4146
1893 1317
2489 3370
756 2888
2357 1996
218 2935
3489 927
3577 3694
2989 2101
2013 3400
1369 2219
515 1950
1323 3642
4129 2545
56 3730
2080 3644
4105 960
1728 1666
708 3236
3425 341
2342 2386
1435 3438
3954 186
312 3879
1875 3517
3200 3061
984 570
2296 2613
1807 262
1741 2692
2877 1748
97 4112
2122 3941
2490 2805
1386 1608
1191 2524
4191 454
1305 1844
1408 2892
1614 814
2973 3323
434 1378
171 1110
595 53
3418 2268
347 1274
985 4184
1743 828
2745 293
61 3770
540 1122
3878 1133
1089 1998
3375 515
3256 1029
949 2410
2506 2248
1524 3606
1827 1185
3744 2417
2679 3652
3818 983
3431 209
3087 302
810 2107
521 1741
1437 3482
600 3326
1274 459
989 839
1237 2864
1341 189
3609 2080
2851 1364
2463 2166
2236 57
3154 1921
1707 1609
382 475
2072 3373
1856 59
1960 3004
2612 1160
3870 2591
3543 3148
3949 1740
2082 308
1356 169
2339 3834
1784 4132
456 3418
1050 2858
2054 4173
2010 2587
477 4077
2824 1279
627 3874
3318 1154
997 1928
3441 945
2630 3557
110 552
1144 2841
1547 2984
3272 2439
3197 1395
332 1280
716 2848
1297 2569
1811 2427
481 737
4168 1215
914 1299
3029 611
265 2843
2271 2860
2800 1577
3044 3244
2714 2364
2765 496
2917 1783
128 1125
1559 3767
1064 1856
813 1854
3698 1388
502 1697
603 2450
38 3236
491 1527
2557 3479
3772 1980
3114 968
2389 287
2092 2625
2811 1090
192 2439
3871 197
3248 1942
1956 2528
2009 1775
2335 1530
145 3369
1063 2827
834 3562
3086 563
88 2902
829 403
820 3334
2785 3215
1831 1223
2346 4198
3747 2006
1139 587
2944 3931
4050 4195
623 885
4135 3627
1575 1698
2421 2275
954 625
3796 87
728 805
1277 3639
3759 1616
1224 256
3496 1065
3118 3502
2798 3292
207 1828
1705 2912
2285 411
2679 1724
902 2796
884 3279
426 4004
1438 2458
3700 3738
1477 3499
1692 3895
1635 3988
1876 3514
1870 387
3311 275
1538 2878
2478 3505
2428 2760
4022 201
534 1146
2085 3948
2154 2072
3063 3633
2853 584
3444 4068
1637 1237
2418 4021
4015 1510
511 3491
1498 1319
2854 2951
2027 1999
3073 2420
574 1213
3753 1576
1545 2620
57 661
596 3927
2066 1959
3142 131
2076 2692
3028 3056
3859 4051
2170 3497
1855 1082
2599 2520
3819 1859
2337 1216
332 4039
2520 641
894 685
2375 2284
3321 3305
3240 2574
2234 3953
2430 1910
3727 846
3421 4176
1749 3347
3878 3761
1271 3735
3306 550
3715 1599
3934 3659
922 3602
1218 3478
3335 1926
3987 52
322 2964
868 1669
4157 2746
374 3756
1827 2211
2726 1343
2079 542
720 2717
2668 1128
4027 1475
519 2969
1036 3401
1575 1277
52 2590
1811 3106
174 791
2438 2302
1820 3995
1003 3736
3152 2118
1732 919
1303 3981
3428 2870
329 3038
1196 1149
3667 3740
2982 1927
928 3424
2327 1586
3553 2227
2758 2969
2466 3728
3980 2084
3016 1222
3613 560
2178 3880
850 2571
1242 3518
3785 4083
1574 4064
1274 203
3 2056
687 1261
744 2824
2993 2083
942 378
2210 3111
3510 2002
3631 4084
3128 2124
1293 258
1814 467
2851 3743
2494 1966
2635 2656
44 2678
2907 1799
3617 3267
1116 3328
1793 3328
2400 607
2213 2764
2251 3992
3849 2108
708 1712
1868 2269
3147 2182
395 3748
565 3922
2925 318
2448 270
3001 94
2933 1966
70 1967
2846 4013
1458 1140
854 704
2500 835
2232 209
3790 2759
3744 3147
3196 2054
875 1385
2341 2819
1457 1592
249 565
96 1436
4109 1251
3034 89
3871 3018
3330 3830
3182 105
1605 3232
3298 501
3226 476
2863 3685
1912 767
3010 2041
2586 316
4198 1509
1602 565
3952 613
3945 3717
237 206
3033 2722
23 704
1132 280
3331 1180
3873 3176
4135 226
3758 4107
2322 2832
3788 460
3894 3504
872 4043
1780 2240
2735 3820
3354 356
488 3146
3540 1449
1840 172
1763 2552
3171 2163
1392 178
2209 1366
3229 474
2025 3831
2207 3993
1714 2793
472 1850
2688 3112
76 2327
2659 1258
3572 2540
4095 2472
2718 422
2091 1268
1683 3551
1283 833
1480 1672
4096 2847
1367 2239
2402 2325
3070 523
4130 3538
2737 3898
3311 2483
3249 3971
1462 3510
2210 1197
2941 1254
619 742
3201 3799
2768 3707
2136 721
3953 555
1512 4100
2504 1899
1111 4053
1643 139
1291 3091
95 632
2823 3493
1857 2904
1238 3718
2832 2898
3312 1939
3044 2350
3850 208
2044 2573
303 1985
3081 530
1565 1171
4002 2389
1039 677
1449 6
492 2498
2924 4017
3196 839
4171 299
4075 3048
3254 1795
536 330
1592 2690
3789 3647
1950 394
1254 3373
965 114
4055 656
103 1172
3100 4125
1966 1610
1441 2849
575 1490
1866 2413
2652 3958
681 2394
1006 2974
3946 422
970 2100
4174 887
3162 877
3220 3648
2113 765
4184 3975
3759 3736
1534 3935
155 1699
1104 1718
2267 221
4113 3246
2927 404
3530 3109
694 846
338 609
2669 481
2510 893
2875 3637
1048 703
3348 3654
1773 498
1804 2576
2638 746
483 4025
1023 2629
3773 328
2024 1549
3427 1206
2289 2918
1862 3589
2058 2819
323 3188
1029 1443
311 3238
3412 1240
1744 3490
2396 879
829 2693
3027 2123
467 1685
3956 1068
1594 4011
2900 1621
2174 935
367 3206
1456 91
1943 4182
492 407
5 1499
1632 3627
190 1190
1769 2519
3632 1811
2 1075
213 3801
3170 1796
2763 3440
2413 1603
1891 3227
2147 3606
2266 1372
2513 1225
2332 2781
3699 647
982 4191
3120 2429
1065 408
901 3261
1552 1831
3022 2003
3246 486
1156 4052
2780 679
4043 2828
4123 1140
3068 3270
3904 2796
1700 2442
408 310
742 193
1543 1016
3816 3991
2152 2225
3600 919
3629 2676
3154 1263
3943 3403
4083 2979
2694 56
3321 3487
333 1979
3537 3246
2352 2047
1891 4199
1481 3994
3683 1496
3848 2566
2419 2845
205 2972
1696 4102
3463 751
3166 1908
697 1688
3272 2848
1550 1544
1297 413
1966 68
75 170
2093 783
1216 4185
231 808
382 448
3024 755
4022 2835
568 1725
2745 3530
1094 2563
87 3091
4139 887
3021 2260
1087 2549
2855 4171
658 1604
1692 2714
976 1796
4171 1857
3026 1871
1740 3845
3314 1816
2382 344
3788 4079
1913 301
4055 1296
1675 1528
3791 1619
1885 2934
910 240
998 4179
3349 3239
3692 581
682 2807
3134 4007
1346 2633
1670 1506
2288 2545
1791 1594
1998 3674
48 485
4065 1419
2803 1537
4141 1916
306 2477
1411 2278
4082 2400
3055 3345
3967 1150
3147 201
45 1163
1522 4045
1392 1408
4190 3226
610 881
1668 2529
3827 1691
124 2349
857 2699
502 3762
2398 312
1536 1390
528 2168
2277 3322
3935 1464
2526 3548
3674 1909
1869 1602
1379 1368
3229 2544
3869 3095
1696 3688
2167 1362
1293 3630
2538 1628
991 1203
1295 4120
3238 230
1714 2768
700 3296
140 189
4181 4003
3125 443
1393 50
2894 3470
2956 2444
2831 1537
2769 1380
1347 1731
3669 4096
3623 3034
445 3817
870 2734
3053 1716
3896 1943
3687 2736
383 3396
2656 2806
3895 2700
277 1910
4180 804
3014 362
3552 2466
4102 4049
3377 2948
3904 1150
494 3628
1787 3610
1902 829
1424 3134
1376 959
3086 4158
481 1510
3413 1179
2627 1371
493 3469
3400 415
187 3915
2737 3260
2441 2916
2366 3985
2232 726
2493 570
1858 3212
824 4005
3532 2112
1867 631
1164 2854
709 3641
1613 2876
2281 1758
2155 995
3990 4045
4117 276
2934 4058
33 1968
2364 3769
3424 3475
2619 2930
2586 3421
2607 1138
419 1663
3775 3253
1726 1497
155 342
639 4169
2166 1258
1655 2316
2986 3195
3418 1821
1160 2450
1850 454
1791 3003
1770 373
1720 1408
1098 2583
3846 1444
2648 2073
2927 3922
93 1513
1143 3503
1491 2666
1054 2299
2430 3582
4068 2723
1095 3344
1691 2421
2595 544
2259 2412
2314 2049
2833 1034
1334 2670
2285 1742
723 2995
1257 1462
2139 2063
2853 159
540 3069
1900 457
3914 1606
1981 3755
3905 2347
3481 3784
3082 4098
1854 35
2183 3661
574 2839
345 1730
1320 4171
1349 2287
2963 1179
1035 1055
2153 750
3099 1471
480 3028
1779 1954
3519 2786
1940 629
1412 2852
1735 1519
2495 3066
1565 3008
3464 3107
3466 3585
4032 3348
2747 294
3201 1715
413 3583
3328 4007
2274 2884
2613 1830
2320 352
2433 1038
1754 708
3602 1223
3389 2131
1845 3151
2311 3342
284 3634
494 4110
3387 2144
3011 293
4096 3803
269 3709
2653 3729
1460 1662
3058 3712
3042 3501
198 3972
811 3085
2033 3504
2860 2869
871 1925
1019 2722
3702 3032
1431 593
2045 3223
569 2104
3547 2549
1852 565
57 3703
1716 3524
936 1630
531 1842
1400 1538
3360 2215
1004 1062
338 2956
4078 3850
3193 2654
611 3768
929 554
2856 1428
1416 610
1294 3415
3559 2977
894 2257
2128 1335
2263 1366
788 3956
439 974
3583 1991
2160 3336
1327 3820
2217 835
3256 1192
3031 1327
2747 1520
1888 10
267 3925
1569 3680
2605 2880
1314 433
2770 624
1721 3123
2168 3488
3978 1350
885 3110
1563 1419
1495 718
1664 2173
2422 3796
3563 2152
265 3049
2744 1750
2021 572
1603 337
2068 727
3177 3540
4199 1800
2703 2175
2814 887
3600 1343
730 2124
2782 2239
3392 1761
3097 537
1219 1000
2725 1143
163 3793
2333 2935
735 3694
508 979
3714 251
1705 1843
280 3426
3202 3807
1055 1252
400 1069
1353 1882
2387 1158
3207 350
3617 1916
776 2788
1514 2624
2195 291
3109 3483
2881 3955
2825 259
3664 1513
1018 1574
1206 4003
1893 3191
1499 2877
162 934
1591 3371
2656 3047
279 1432
1070 2258
1049 3057
2487 3122
676 637
1883 3040
1997 798
2252 1682
1421 77
3306 500
2721 2858
2800 1416
678 711
573 1522
1341 2227
4094 1287
2476 1880
601 3466
1894 4045
3651 475
3213 2201
719 571
3263 2480
503 1704
507 2031
782 141
3501 1364
3376 1077
3124 2474
2155 108
2970 1677
243 2281
1011 1521
3481 252
3274 2087
3799 1579
2203 2769
2223 2382
3542 3009
4160 2193
1080 2935
983 427
2005 2561
1196 2218
2644 3399
2976 2719
3265 141
988 390
2577 1276
3897 3767
1753 2336
3569 1708
946 2443
2983 3871
128 991
511 2403
3325 3309
2966 1288
2672 1155
2456 3730
2468 3172
447 3143
609 1137
1445 2761
3388 3663
2458 1726
1066 654
3931 2903
3037 1256
662 1000
1436 3909
56 156
3557 1007
1613 1907
3887 3265
1258 281
3392 3634
1752 2690
1947 4083
943 1757
763 3516
1640 1273
1566 2497
2291 272
3597 1746
4126 3025
3368 2957
3610 254
3960 911
4169 2825
3495 2312
3830 939
1402 2238
2342 672
3531 442
1057 3720
635 3249
4166 3841
3973 2185
3346 628
1083 3313
2129 1289
960 147
1493 1690
3391 1040
3808 606
217 921
988 1105
2992 1229
3704 3056
3824 511
1894 3002
3394 3723
2880 355
3708 200
3643 1490
3626 1511
343 3431
2681 1943
3549 1071
953 310
2894 2942
2741 76
3119 802
978 3308
2334 3379
2893 2037
3783 3748
1129 3023
4164 2322
1851 3650
4030 3092
1525 2335
1690 966
3049 4119
2536 1339
2244 64
80 361
4138 1072
681 3577
2415 938
3693 2669
720 2189
1051 205
101 641
2674 2994
1992 3418
3750 338
729 1823
2636 3860
19 3809
1110 3970
2801 4074
3169 2983
1080 4140
468 808
2782 818
1922 3928
1621 2773
2812 1901
3678 946
2912 2985
311 110
3640 1930
1355 2358
3496 3126
1116 1326
2449 2009
660 2790
1430 385
1551 1005
2118 1938
3418 1174
1405 4026
2332 1729
2041 2531
2875 81
883 1799
2042 62
2202 356
1181 370
1086 2822
4198 2066
403 663
140 2148
873 3785
3183 590
3994 3364
3629 2950
1778 1200
1210 2178
3480 4
4016 57
3724 1323
1786 2339
2327 529
2605 2453
3721 1924
1906 230
3937 393
1025 3875
2919 173
713 1571
3984 1463
2671 2296
836 3863
3810 3219
1975 3627
670 4166
3180 1719
866 301
544 3266
748 3886
263 3110
2605 549
1509 2737
3270 1622
1232 217
1772 3872
1476 1387
978 3155
3506 3907
2089 1267
3792 2932
41 2132
923 3863
3161 3976
3355 1267
253 3040
2784 1131
2822 662
3283 3756
2696 205
2131 2687
3799 19
150 2996
1244 212
1026 2978
1200 4148
495 2580
3572 233
1759 3797
686 1749
4190 1754
959 89
1591 308
384 2366
1250 3901
706 1483
2635 2038
2058 492
3091 3251
2925 652
2686 3716
4059 1612
359 2650
1362 2007
3362 4063
1539 4101
1326 761
2987 1934
3092 2731
172 2199
1024 3789
949 360
219 1695
4008 3104
874 3478
1005 3298
2260 20
3581 1779
3612 3633
3383 2355
4081 1554
2594 2587
266 4063
504 2566
3644 3393
2119 2396
2652 2314
4170 2633
1686 3876
2715 263
4035 3030
2285 3580
335 271
2062 4014
656 3211
2156 2724
2002 374
2409 1994
514 2624
636 2406
667 3189
1646 3224
3386 1318
1028 4080
3592 2863
1518 2384
3527 3728
3367 3777
3640 2317
2189 1982
899 4046
3502 3494
1674 344
2890 1805
2540 2147
1020 1157
3060 645
112 3685
440 1037
2203 2910
12 2167
1479 408
3359 3360
3728 4089
1282 3136
2501 3121
3847 2786
3223 1344
23 2505
1128 3533
2817 4141
3000 2231
2585 1553
828 3246
852 3639
97 2675
436 1341
199 2564
2275 113
2553 4083
3782 946
3298 4047
1904 2665
4088 2657
2379 2997
506 1062
1589 583
1735 3149
2480 267
1311 1643
189 2004
2793 3668
586 2835
1894 999
2788 2458
991 3511
1894 1454
3007 101
2035 3214
1306 3417
4115 3645
358 3608
2270 388
3269 2065
4177 3900
1209 2000
1861 675
2717 1773
311 2160
260 3032
27 2344
21 1116
3833 2964
3947 491
3195 2573
3162 1391
496 2547
324 1055
3811 2844
3983 541
496 2488
3676 4185
1643 2773
2479 931
3789 371
2445 2071
3541 1952
2504 1580
1696 3153
3357 2063
357 2252
1451 3432
2739 3062
805 2383
2032 51
1670 3132
1337 3215
136 114
2836 3403
2626 1668
850 1723
1568 1017
1653 1646
2830 3437
2591 377
853 1336
3218 2971
979 3826
3666 999
1951 382
2318 3419
693 1928
1182 1479
729 2327
386 3821
306 2327
1169 1961
3159 3850
1413 2151
165 3117
3546 551
891 1614
483 4106
4064 1323
465 3625
664 109
3407 821
200 3257
720 3322
2524 177
3015 2149
2666 4135
3148 3127
3580 2439
2396 2563
1590 3358
3108 144
207 3423
2371 4144
4069 2231
1612 2920
1670 571
3825 4043
3265 3123
3136 4150
1753 4091
572 1324
3326 2878
4061 2077
4031 1358
3561 2130
2299 2149
1735 3620
1523 3565
2755 511
786 1062
898 412
2425 3661
1395 505
3459 1121
3193 1869
1634 1502
2428 2520
1222 1564
1826 3104
1313 1906
1211 539
444 1443
3717 2220
2572 2114
1469 3559
4153 535
1464 3310
16 3254
4122 4108
3970 2895
1951 3324
3203 945
336 583
1227 1228
2762 3943
1587 3453
447 2208
2376 2304
1113 3184
2483 3541
1751 2463
2989 917
1890 3917
4096 3899
3848 298
33 2321
2941 3465
3094 3290
1067 1322
1393 3577
1162 3581
2247 180
3866 445
1538 3142
1863 2432
2777 1995
2808 178
457 2889
3654 1877
2128 3358
1008 1569
2702 3558
2998 1961
3653 1230
437 1217
3537 3653
1706 518
1144 2507
2766 2976
3378 2309
1786 2437
4063 3299
660 2113
1899 1758
2488 2289
719 1023
1824 3037
3399 1238
4172 1655
2119 2758
1660 3745
2583 1578
1306 2315
3110 3209
1256 3864
902 2395
1134 816
480 3781
3684 3310
797 4128
2251 4061
1618 2559
845 925
2762 2945
1056 3673
3006 930
973 3655
3396 4092
1342 780
3052 1064
642 1393
3332 285
1505 1648
3595 3596
2205 2230
3504 944
461 2198
2512 1536
131 2274
1265 1559
192 3128
2751 1190
681 4118
2137 3633
3999 2092
1378 1882
4151 570
2734 2551
2992 465
678 663
614 2061
2559 1832
537 2140
520 3438
1597 1625
720 510
1421 721
2768 616
4163 2853
3128 3589
3798 347
1339 1234
3420 864
2842 1685
1656 740
599 2538
1727 4025
2754 3308
2641 3593
3489 502
3688 2864
2677 1440
699 1513
2363 1848
1366 2844
413 2211
2041 1734
4140 1617
354 1298
869 215
205 1611
4153 1609
178 235
1198 342
409 2621
350 3322
2886 4002
861 1281
264 2363
1969 3250
621 4189
22 454
2646 578
919 4124
45 25
1199 937
2481 1355
4154 1657
234 2802
1684 204
1864 4159
3388 2349
819 3734
1933 2575
2061 3652
3057 49
1475 2821
3772 2209
2134 290
628 3253
1967 1649
4000 3749
3106 2025
3829 3411
657 2890
1733 3557
2253 2333
3852 1487
1834 3604
785 133
3366 1766
102 2735
1306 1789
2930 1600
3675 3568
2664 1085
2988 397
2294 554
2006 3864
538 2963
2991 3787
2562 2467
1975 1573
19 1506
3967 2506
1047 42
1149 1072
3037 1061
683 1780
2194 2562
1510 3436
3073 1371
1984 4167
3694 3317
1264 1959
3096 76
707 504
2053 32
4038 3874
3948 4098
1729 628
208 211
2090 963
185 800
1006 1430
3723 732
1322 572
1839 2977
2429 2858
267 3078
2426 393
3694 2641
2565 3277
2357 2202
238 3409
212 2797
1698 2517
2059 152
2207 4057
18 3038
451 3437
3699 1661
1746 1344
2244 49
2232 92
3029 701
4187 2098
1298 3551
4125 1909
2049 3320
2742 1073
1989 3695
1072 1165
1206 2020
3409 526
752 3636
2589 862
1613 640
138 2589
3390 1325
1238 1483
1589 659
3393 3885
1860 687
366 2018
3824 1652
2193 3571
848 3252
2832 1565
2371 3446
2079 2578
2739 626
2249 2775
729 3102
2936 1439
1572 108
1944 1230
1954 520
1074 19
3876 3824
1690 2441
3696 44
1156 2427
3512 556
2962 119
1620 3611
3927 3243
683 3477
3713 1315
591 3603
590 1523
2852 3364
2725 3115
3915 2937
3382 2128
812 2386
1618 2969
3092 3052
1098 3933
2122 397
3199 518
3610 3408
2021 47
3118 2960
2100 1539
2233 2481
3929 1275
709 1573
2377 1059
2929 1932
490 1917
900 3452
1452 3450
2820 2248
1647 1757
2042 3999
1099 2523
941 1038
1093 2197
896 3996
2608 3111
3227 2180
2660 3041
2535 1816
3921 1598
1246 823
1132 149
2869 3862
1100 1520
1588 2249
1237 2664
1381 1959
2509 2322
292 3120
3773 1373
395 1870
746 714
921 813
1591 2631
614 1501
78 4119
2959 3017
1953 2811
1747 150
2749 3717
596 4032
3709 2083
2974 1431
3678 1193
3486 3165
3596 1439
3599 2700
2007 1892
115 220
2691 1841
2580 1739
2799 3434
1484 2738
1021 2582
3922 3980
1182 1184
1762 4010
3767 3978
4042 3331
3258 3141
3335 522
155 2314
2246 3869
226 2885
1828 2083
2344 2164
3606 807
1473 1886
267 2328
2426 438
2635 618
2944 2876
1545 1052
1365 301
914 1756
765 2955
3472 3750
2012 706
3191 1108
1907 2848
2728 867
2818 1434
1177 2505
1815 2242
1176 1042
3470 2829
3989 2428
706 3528
1188 313
2442 2407
3609 1836
2861 2936
3436 1962
3423 3866
3607 1900
1935 2231
1286 3112
2770 1046
3408 3226
2947 3928
1596 1479
1930 1427
3929 1540
3471 1451
1889 369
2339 1701
1795 1500
2434 2888
1212 16
3506 1225
50 121
301 365
2593 1031
3697 147
288 2594
443 3011
574 3286
1515 1374
3961 1203
635 3221
3064 1207
3440 3185
1872 774
2757 3655
1319 235
2719 3007
1726 1878
1914 2343
2376 1036
3506 3251
1197 3090
3414 745
1304 3621
3446 701
2138 2959
3282 100
1774 4179
3525 1798
1170 3473
109 3673
1719 2126
3369 1255
4175 2728
904 969
732 2745
536 1152
2375 3542
3280 2172
3901 378
3455 2668
4143 1878
1420 293
518 3034
770 1565
3854 1906
248 4178
861 2845
2630 796
3837 1272
2327 2531
3601 216
2078 1629
4145 2450
2106 1211
3484 3956
2784 263
2600 3688
1122 2674
1738 3241
67 4174
4142 2143
2548 3646
2216 781
2050 747
1323 3784
3650 3202
3746 1639
2249 2990
2317 3520
3257 2199
3781 1623
1227 3049
2970 3087
868 296
464 422
1686 339
1077 2027
2873 3766
3492 3340
311 494
3054 3465
3995 2215
1898 1458
482 3968
1837 1830
1445 3788
1781 1471
909 3175
1232 2319
3383 2997
2855 3442
138 2414
117 1451
3401 3501
179 1278
842 1051
2244 3833
3301 844
523 2135
3963 765
2 4161
3830 1474
122 3920
2258 432
409 470
4195 1238
2206 667
3890 3507
31 582
2235 2406
4093 3228
473 2743
2292 3383
4149 40
983 133
487 1262
3375 3046
3141 1960
2511 3200
2182 3281
2220 3774
1548 1639
937 3440
2249 3006
2625 1546
452 1196
142 3781
762 3523
1047 970
994 342
909 3957
569 1318
268 3658
3390 418
1762 2496
3884 1552
2266 3739
1275 3957
2297 3230
3808 4051
2095 899
2228 3537
2029 1921
3856 197
1800 2711
2354 4145
3541 2115
2641 3705
3075 227
2532 2206
3392 3603
3655 3583
3668 2388
386 1685
1537 2977
3700 3128
2203 692
122 3552
992 3620
501 376
1356 2042
3786 719
2472 2909
1990 2216
193 965
3843 3820
3825 1088
3757 579
1641 2954
911 1954
642 1962
3645 406
3073 3965
702 143
3684 2097
2859 3226
3844 4071
3753 225
3025 940
2280 2316
465 1903
4151 2610
506 2185
2326 124
1023 2252
817 246
2902 2651
3261 3861
3853 2264
1979 1178
502 202
3687 1276
1022 2432
1760 3319
3555 2146
3105 3504
967 602
4133 1233
1757 698
1042 3876
1623 3454
134 3217
3015 3948
3487 1091
2988 2134
3259 60
287 2151
3447 2805
1475 2495
3666 2254
2269 3200
249 2245
1722 2628
1128 1214
3262 4120
612 4186
489 1241
3573 2367
3307 1096
674 1717
2996 3448
2751 3372
263 375
1157 3574
4115 695
1858 3462
1470 3635
3007 753
2167 1681
1603 1452
509 2151
2667 2886
2221 3725
758 331
626 2120
2609 2215
1898 2293
3140 2814
2254 2921
1465 3882
1448 120
1900 1659
4059 2951
1894 381
813 70
458 2845
846 2739
371 1493
1629 469
1955 2470
544 1812
412 2774
718 962
3812 2599
1476 1283
1030 2196
1383 3341
1764 1827
3458 112
2822 479
2610 2265
3416 3326
2107 597
1107 94
3405 4057
4188 2851
2990 426
3814 3659
1179 4066
2881 3152
2573 285
3426 4023
900 3062
2084 1172
1310 1351
1565 17
3910 907
2043 3731
3147 1015
95 2572
2541 3694
1476 2214
1394 3181
3499 3599
2564 2479
1620 316
2664 3145
775 2105
137 4189
401 169
1549 2644
724 36
3974 1630
3845 1254
4068 245
1615 612
188 3053
2702 232
2827 2586
3022 845
4063 2801
1226 634
1935 1521
2023 3985
3972 1465
1281 3222
2370 944
1794 2465
1186 1504
431 442
1076 2306
2092 3187
928 2671
3668 2156
346 2981
135 1863
308 3379
3479 3456
2154 2883
255 3164
1639 878
4177 4173
3270 2378
3461 3115
305 742
1884 2539
3945 3389
846 2070
3153 9
3237 4146
1317 2108
2810 3863
115 3699
577 1654
2769 3591
1665 575
2020 3512
2350 36
3417 3793
1023 2648
2123 1084
2420 1268
185 3722
2542 1048
3713 2516
3629 3092
1411 1588
1180 2573
2579 830
63 3274
2499 2910
1124 2952
675 654
1125 3477
55 4028
2857 3512
3477 91
1849 1032
4167 3136
2319 1034
3059 831
696 307
2710 1029
328 3877
45 2275
3139 489
3410 3067
2358 3050
2872 4086
3304 2946
1974 2908
1220 2333
60 234
2574 3604
428 2514
1629 3839
315 2349
3693 3469
2618 2140
904 1037
985 358
3539 3960
958 275
1002 2947
1853 2305
4114 2935
1836 3868
1320 1554
3392 2867
3670 452
2192 1859
410 818
2159 3382
2911 2426
1585 484
2709 310
3911 2832
2560 395
