-1357910545
-813501059
-2863457329
-2172237222
985512731
5971646497
-5704529199
-8878104688
-1133835388
7113991767
6790949327
-10706569308
-7258656033
-10936209456
4561867921
-2607323565
9431560971
404435428
3740753900
13864949210
2350040732
3685775248
6029897482
-1084262477
2705951364
7442683987
-846361958
8745218970
6107724430
-3577294329
-2665095261
7705907181
2657029300
-425862335
6699807966
10501390523
-9648408095
-765187234
-2255921290
8156866411
970598822
3169719717
-4834618550
2934933619
-1664016064
1733938540
-3368736560
-2230509368
-2037975974
-8296164311
-13078776777
-5153424768
-4682401872
13268577738
-2724866982
-7912502870
-84892146
-1027699465
-10795265154
-7969365297
-4645034576
3560909652
-6558872969
-5299610134
-3372010293
-9237931309
1704748788
-2508074366
2580131547
-4174482341
-66571657
420129428
-1310427067
-3874553803
-5887390169
-5176715097
-6764992306
3134455841
-4585157838
599371493
-3374151196
-8931470696
-8039753839
-6427133511
1222737211
-825485740
1842964253
-910799248
-19614582960
1059470407
-6382464172
-1248878431
-10409012886
1505664226
-621018863
-13854145202
7189589839
-3089240921
2011595068
2719658349
-1775495837
3426596741
-376283998
-3022746899
11189284298
8839548275
3275707966
228741386
5436823704
-4002653706
3266948594
109083560
848355422
-12825646301
-1559877621
-6594127534
1555468969
-48819523
533314176
3785616976
-5530501338
-4259423466
-7554351160
-14267400896
-1592265466
2623610603
-2730581383
12624092838
3183742882
-5879246338
-13578834756
-2053080908
-11513603613
1115578638
-12399037059
3870470500
-4029456191
-908193624
-9539954196
-751241734
-6453868527
-10775710607
-15002627647
-29924968225
-958728171
2227028816
-22011239552
-21919041332
-27566660088
-21357537175
-5740872179
-16433654010
-17095803125
-1623165146
-1080912401
625233462
8127789682
471261158
9074640802
57695979
1420581682
2723297462
4132016895
-6322390129
-341066033
-9880355342
-6427564000
-4762647963
-4638389027
-1213405815
-5793430991
-834676154
-1119758232
2274079400
-11287515525
-12960791446
-8813315620
-11907601267
-14387141627
-20471272742
-6527895281
-10194444491
-2763934971
3979684001
599639858
6690186886
504685194
-536297153
-1236188826
-6030247930
2885628130
-7989470529
15821205827
2839902128
-7044833217
-7445593586
173745794
2813139099
-6265903077
-4477499160
12511896363
-2014736586
-7130437011
-11016638346
-8022645998
-3419831546
-3043322976
-11459826370
2145362778
-6967552605
1059875069
4104177222
3672135093
4366321443
868814988
-577775246
-4641651063
-7688218323
-17319469336
-5609601203
-3445410311
-2710899446
8738227201
-299844268
451948598
327015290
-2064049244
-3258714813
588330411
-6504815618
-10970948824
-7947898904
5848553932
-8588971463
-7889160889
-4256278700
7755459911
-1179368351
-101134602
-8096921316
-1130731708
-28603552
944975530
220757854
875239713
-2128048632
6244940723
408963247
-8580398649
-2800317341
-9247265767
3366074026
8436977727
6232896960
-4412616931
4766700587
-4993655831
-5701595961
3462566513
-3645163963
-6214792540
3774060553
-7571984159
-11828786306
-1225073622
-13223456375
-4117587894
-5609839915
-13866411462
-616993423
-1123963387
-12960771125
-8772553945
-1727574331
-591275368
10733996049
3280756989
-3347626377
-17231643999
-6136269290
4717166953
1732646594
3784936126
-114094357
3658854026
4797314837
1923532824
2143343058
5796085206
7374803556
2138344649
5672053809
-7186774189
-13343559506
-4177015864
-4817097115
-3954535281
-1733122883
-7784383329
764922189
-4715497778
-6356007548
2324726708
-7119408461
549226518
1330274259
-3393655887
-13006670668
-1844280372
-186137269
-8889865198
2278741092
-3808931710
-19865986
3243291643
-7925839443
-1689080073
3684515941
3635236279
2404604481
-3930034313
8409281973
3606419167
9240535247
-811804717
555976609
-7032124
-3211279187
-1117943093
-5529373156
2719248222
-7057408592
-6328250080
-6693802313
-2379869340
-4215546190
1172445517
-2369943043
-2282628331
893653469
-8819362881
1241281891
-1389486642
2814526657
9945653295
-10511317865
6624653720
-5832390076
-5962935058
-910089553
-1640584461
-9752603052
-11127631137
-7136208427
-1149895225
7132472007
8629187910
-393497554
-9191277516
4741174923
-2550061851
-4807854411
264308691
-9102058263
1053902742
765051118
-5907855478
-1263935049
-12537234176
-10631732381
-7083008749
-6805954792
-10707933504
-3761871032
5893631038
-3524135697
-3423945538
-5190692493
-7668200497
-6762438030
-2949407353
-3815535127
3176659488
4254661037
185800230
-4367690887
2504104049
4231784879
3684337593
-4363316340
-2594075387
1454855378
-12020657356
-3686106143
-63205192
-3667501746
1578297942
-10292712735
1026194662
2103362985
2441524252
2631945022
6676074458
-196085115
-4169823850
-13944076535
7632226048
2187065264
-29896883303
-12811033003
-15484383546
-5715322745
-5034364183
-8788611698
-8921794509
-743838866
737069055
-9596537389
7964491603
-5055770210
3242025041
7914594213
2381905213
-3195017483
3173409499
-6443074779
-8831450986
528456013
-4117382501
-6955901263
-2805758111
-13057037875
-9347408231
3181415602
-6762720772
-13385880236
-14636585933
-13325376038
-1901190404
8292930592
619116924
5607496795
-1782236044
-17095932117
3883904895
-5922546715
6755564794
-5527258538
-15503127796
-3419167427
5510821432
-2824023832
-1591920100
3019614810
-9373844329
-13522845163
-934362424
-1918984163
-6220401566
1349347467
792873177
-8438310858
-704109922
-4240653701
-3108373686
-1165729052
-1735691743
4127520492
3191693392
-396725935
-2111726055
-2641128999
1640724479
-2349408870
-10271567721
-6900203898
-1897341085
11473155208
-8372710247
3778977392
798666832
-3968122233
2237421095
-61290501
-10293327620
-7857482775
71978572
1621122810
-4408779389
-5245255179
-79479392
-1474836057
1069638011
-6863321768
-6496935029
-3190038384
-19210367302
-8739482892
-6259104329
-10400589471
14424666
3832850677
3836204968
-7086393872
1312176237
-2414103372
-523741878
-694604280
7970081173
-958787018
1891049071
-7961311790
22312425786
16156781786
-2508902822
-7107743050
-9379223007
-2275903667
-9030582938
-3407597701
-3560616359
-5743012156
-5397552391
-18540388878
-1727446148
-1074643526
-6926939427
-11760625205
2575334007
1204417593
110084786
-503583232
-2306036254
-11165225162
4395977890
53831743
-2061026367
-5108695114
-1776208069
7148051457
3507594994
1640770852
-4605442606
-3451265620
-16850557069
-6881037477
-6464147116
18429210
433826707
-1212861593
1028922185
1675978077
-1205875621
11766161027
9846857865
-3027667559
2987085387
8691286765
-10040220037
-2875299906
1990182108
1395257176
3678497819
-1481311594
8072588194
1941914736
-4718862517
-2231447218
-1301865219
3870329627
-4618062827
-8820701987
-1193696325
-10823013007
-13213704102
3516207064
2754885996
1129776199
-5372899091
-1742269587
4411869636
-10129275045
-4169383461
3511660546
-6222607244
-12993089081
-3299622041
-9195248080
308439417
-9969171381
-7074525449
-3097721041
-16391498944
2883700129
6583342227
-9169606536
-1295728040
-8919804363
-5729698161
-8586274247
-11595012781
-4333065624
-14821909854
-4702077152
-3089056753
-6359980338
-536498182
-438066812
1897016187
-13000575638
-108089316
-4032275807
-8849618904
-2358541764
-663653177
-7488168869
-2278615238
1314208794
-2714749372
-4324706286
4448980487
-17482589054
-9068594047
8215821238
-656197330
-2176695657
-1859677964
-5785655152
-4484968145
4751580333
6113495150
1734237252
-2564104957
-7050430043
306531611
281483140
-6878430182
-3724021976
1407799408
-3890621276
-4494516638
-11304399292
-5937451280
6147070067
2398959843
5531690547
-3398666004
734766181
1930799001
-13415261425
-6380122877
4391399600
8841339603
-2447747444
1063754209
-13823144
-10576414582
-11372315749
-8821226500
-11283729912
-22776868726
-11100541932
-9537492294
-14642987136
-4949851902
-3952717102
-2808084329
-3674112674
1651634616
-8189371012
-12693448823
-9300730068
-1111120855
-10129124017
-7408210505
-11452275720
-5216439121
-13673843278
1674710293
-1504254909
-1843837509
-7846462199
-13456964466
5045214379
-3292069882
-3570074035
5495834338
303081003
-16651668534
983480533
-3005845239
-6867286932
-4125889764
-5253494559
-8064633069
-515348300
-4038096605
2464948204
10118671646
-1432466052
-2496053539
-6521081789
424029035
-15133096374
-10002536190
-6670177727
-10603101097
-1535772249
-449405710
-12165238176
4295802395
-1522452320
2861735106
-177120859
-7809325463
-2223605660
14733047207
5667123337
5915120560
-2832583450
1622442714
3040371026
-3117033709
2970731706
939247949
-3053806235
-8502288914
281789950
2388828186
-1958460558
-749355981
-5312678618
8406163653
-2611366524
-1756086639
4408023835
-759888973
-27720621093
-11341792654
5517175894
-15501982928
-4306766262
-10698421319
-12532402498
3493542421
-10361715479
-2252026602
3583257485
-16356357849
-9832559449
1497136733
2178037511
3039569867
-22194715055
-16527567668
-543461028
-18800675199
-10476235560
-11605069732
-8509407689
2028173697
-1977104700
-1745768884
-1151863021
-6445814321
5139194813
-5719357316
-4603470286
-10082907333
1858771301
-3920784413
2963966016
-3313492690
-6716461904
6078771591
-491633196
-5669507919
-1801457019
-1101297652
12221029584
-1526225478
3135608377
-14198304625
-528148
2356389775
-9494341525
398997524
-1726008784
-4038008639
-13923115805
-16998445849
-20055016549
-12312607518
-10122873499
-8394557538
-5908218778
-12101924900
-1111622993
1109906247
-6781372767
4126108141
794489503
-1362854704
5500267725
1577456971
-605891677
-9259215950
-7828013122
3938050753
-2295522205
-5698246354
-8566716123
-1446175093
9175956288
6303721994
-134034169
-7412033237
5858459385
6723625172
7739126702
14182789386
2357832559
-3533367737
-2756436320
426895594
-13502835492
-6264404232
-3833316710
-15120987863
-1841598232
-5942739344
-6420843764
-6431038368
-7931362316
-8514588542
3381117637
-7428025894
-12348423189
6722255936
6239314076
7772917815
3740164529
-6098363510
-7306547493
4055365659
-3596350891
-311456229
-11027404154
-22573364062
1006425376
-961055577
10747913141
9810934987
-6695226203
-5469168213
-10514737639
-2230095205
-1331437920
-7023506098
-5124374941
3326659386
2935467732
-3245613790
-23297901876
4660534814
-2897829989
-9254055347
-3023770804
-10288896662
-10587235699
6063879700
-15175295333
6468437938
3818930845
-2222818520
-10546859131
-2624318433
3698821734
4482444380
1718482455
9668188978
14730080359
119002053
2382422657
-4848786994
-5355563596
-8718466977
88995675
-10427404892
-4356583155
-10519319019
2480227491
-15656828862
-2501026243
-7027485184
-5304066494
-4264996476
4170524743
1432994775
1352193259
2856320697
-3266461260
-3442104943
4171708347
838859186
-4069903963
-6486177288
-1056810162
4032287439
-8829933353
1846651432
-8151537719
8238365665
-5234865737
-4482839271
6258465325
-10238704220
20254859259
13107503517
-2835444813
3384213662
-5309163940
-2600294456
1166187395
4003335512
-434178531
4235027529
8888082948
-2617624163
4974859375
-505169711
-7783122051
-400842360
5770026203
3490042884
-2946117974
-2115008555
-4504950209
-4392570391
-3081715944
4699071707
-6597920224
-3114002120
-1577896636
-7787716967
-13031195010
-1292504847
-13227277919
-9074565839
-16001738384
-6808808802
-4503104488
-8723443134
1284182734
5307552916
-2333189484
746311435
-1097832099
-10955980293
-702203652
-13284256586
-9757250117
-5708366584
-1562809814
-12833800693
-8149498085
-4866606142
403204533
-1386897752
-15334108933
5007387844
705514101
260786985
-2935131529
5335719456
2392537387
-645990471
536638475
-8394360839
-7086508500
-14312073436
-2534998229
4455054525
0
-1893319407
-7214582074
-2183403633
-4915592767
-7977172211
1243515659
-4671507724
4367028242
4055338807
3344781153
-211741105
-3030529836
3878585817
-3173463607
-4345723791
-1815681327
5414020543
646847420
-5021107907
-15887976157
-3424469538
1350464575
-5583752574
-3468675466
203914341
3997036399
-9910456398
-8580132303
-6262733975
4529131018
-1003637101
3973955699
-9985070686
-10272902261
-12598265736
-12068303324
-1245342239
4097338745
9251909815
-934634007
8221095518
-3450126027
-11907032822
-2725887667
-6012408132
-1754254039
-7069562123
-2763738348
-3386073087
5238250180
-5855355644
1016135121
7603901422
-10445792141
-17233781551
-4436106032
-13860502388
4173066992
-13009111850
-4422413670
-4243420474
-1988259806
-6937777889
-4109966640
9509909418
18685481994
-1954405992
5803630854
7341763590
10121629960
5609400275
-15685461026
-3140233887
-866381197
4608016290
-2805940627
-11300892136
7761206297
-478844042
2854029668
-2149050425
-3854305582
4101798204
11098125351
1409868463
-9162975306
-845210732
3391051594
6973440621
-1836581174
3339317763
625396434
-14345288488
2066853651
-12054948705
6416359849
6249247351
3400883468
-7018276378
-8118455315
-6777609094
-9399751124
-9573909026
-12981505320
-3721562258
-233054409
-8524728700
-916913536
2865490239
-10661149364
-1753869402
-22981263371
-15508834375
711972781
4607627744
-3554255265
-14640068422
-6106738879
-21094369206
-23962826343
12399666676
1127985645
-5988024962
-131387328
-9365943504
-6795167207
-6384413738
2851478870
-78018745
-269152851
4705288059
153462689
-1063507946
2999465969
4544560328
4608379732
-3124128460
-2899197466
3018433136
6576111708
-1993113620
-2559772909
-10259868373
-2205906483
-1746501031
-9679791832
2066915048
-5904582732
-2537157056
3813523768
1317092712
5907575585
-33953179
1343851284
585763825
-14790199747
-5476368388
-7565145688
-13329903326
-1783874022
5209285060
-4976408627
4011972860
-1195995931
1797391427
-4832455803
-8224823293
-2654997336
2009796834
1766592315
9171314566
-3640832903
-2419909169
-3008964362
-1178767418
-2060126514
-4089785013
1521682807
-1948249165
634900684
-747760341
-4819601276
-5429472173
5310589658
-2347009045
-3372860776
-2728949434
-115050081
3409169073
1010867241
-1306294455
-7094734
-1780095720
-2641140052
-6108493313
-1359232591
-3848032293
8197883604
2559713663
-3604866187
-5601132843
-10856658121
1258843087
-6654061281
2460824743
7382367562
6205386604
-2766907507
-256769380
-5399446660
-3138371096
-14016254344
-6010499232
-3184540438
-4832885301
-13302074550
-4903514848
-5691089561
-6955232689
-8824352471
3288127132
257951106
4658881331
9478061949
2794940452
-6429245235
-5180245166
6144322677
10136991496
-5640856029
-428418990
-2182757581
8753049288
-7205615639
-6206858698
-631560080
1684977517
-8362985543
-1380992858
-6131409614
-6600881037
-9476731301
-800717205
393829435
-8875119295
-10763299414
-2664207175
-8328496865
5132944418
2677784668
6525234190
-4570538666
-10620221858
-14216348511
-9108654763
297712599
-686690192
-760347189
2511001906
-6873937118
-9990403495
-5790973711
-968404568
-7458578265
-8674820088
-1862264167
-9982431775
-9648470024
-3072463838
-6735399834
-7374169642
-9073142485
4513488227
-2027928241
-18944727743
-11705417423
-10980096289
-17615033993
-12397017890
-4421004508
-1432200020
-5982718066
-5467481356
5337562267
1210337679
33817405
-8837214234
-4041455154
-686531423
-6189936503
-9547916417
-5089400430
-8119627136
-3163821405
-6133878748
-5665712974
4728011024
735862743
-1449978588
6751785142
-888780771
1254447011
-651164641
5680926572
241591789
-6126387244
-8243009515
-12761390850
-10363244995
-3660972906
-5473576514
-2460163761
-2216621266
2185561966
5132861623
-2511129063
-6798468700
-2761145645
-3656680100
-6293524298
-2152433299
6400317230
8074856028
-2482424215
-359209626
-4061116755
-10240553483
-10674669967
-1209582828
1259956961
7476691330
4025033997
-3787816493
-4456208676
-6955065124
-3362053651
-2340429050
-16038669499
6078522490
8654183572
-5553766197
-9666436314
-5539284525
-19680556578
1210953842
-10203861058
-2962180667
1120141630
-11908227857
-2185715100
-6579607279
-3284728952
10389632535
-3576713952
-3098794515
3836923641
4342200271
-9220066190
-8023068879
-4702871736
-6990382782
1496932590
-3981203270
-11595964984
4101351006
-6516532215
8550849699
-578189976
-272306006
-6609835307
6158046810
4282351150
-1206302983
1170593361
-4066837858
-10158201900
-5665618128
-5736529995
-3221254352
-15698745549
-10459852215
-4049890101
-5420592736
-3866388307
-2748766318
-2289603561
6138041783
-5905561281
-12854865342
1341734697
-2440338933
-11941363791
6197567523
-7726106997
-12206282507
10953652173
-5048870972
-872833552
-2383060144
5194237835
3364622650
-8930105044
1053252056
4284176886
-7311829013
6753190505
11392040277
11405076198
-1797969275
9381366615
12971346585
-2947221882
11282900009
10280608235
-3193246896
-134375876
-10760899322
-15966651040
-14758496759
-2351190533
-8831347537
-2619866190
-8811393306
-11919403524
-6498222962
-12741457795
-6204445476
-426243187
-6628668842
1040909389
561870829
-5361219769
6983602992
-6091963883
-8678381993
4379625614
-3694637063
1379183989
-5980494158
-9452616534
-2552485067
-501988617
4622011887
-484687060
-3919179502
3407037654
545373809
72355979
6241560282
-5783269159
-5151711958
-2629107413
-3564760749
2691741884
-1093058973
-3870295771
-6094330433
4314781865
-3034871043
-19323689975
-4572536840
-2289094160
-243978526
862253333
-4222379026
-7738571606
4098183701
-4032049779
-7143929107
-5821620011
-8947636497
532854666
-6857808711
4694201926
-4448104646
-4183312576
-5414458014
1144885038
-7535023966
181035632
-4661727113
-3678439375
-5131997290
-2301035400
4438477652
6669240338
322153666
-5495103924
-1396637751
-13147961643
-1506988890
-871068390
-1402993610
-2604883978
-4393525377
-15065383517
277302677
-5659129524
-11262429518
2420607899
-5374386088
-4427078076
229617517
-37297328
9870751260
-953628982
8771725327
-13281757622
-8126466331
-1052140213
-154938025
-6202386891
-5160746661
-6913788992
3822057523
1010327898
3057657614
8062977898
-2919158277
-7957888576
-7527281865
3566140483
-4888263773
-8923878177
-8645440178
632995978
-1700091365
-2409667932
910694206
-841624475
4821341273
1178800405
7965024010
2233153834
5545689031
6361099334
9039971590
3138053307
3365246240
2641413895
-3909393142
2231089235
-5124168439
3891497653
-8577184056
-10508135580
2553728454
-614166167
-2265021200
-3030421389
267194737
-6208596371
-6941738977
-5937116522
-323039357
-1488098008
-14881640197
4556439652
2685225983
-4195074421
1002249598
-4594620188
5548348289
-9833324384
-13793101921
-7167121655
-12949223180
-13294650140
4940469286
-711416223
-6297632331
-5276201487
-897621660
-2388425100
-18695717367
-2512568137
-1766248393
1186939286
-4362229657
-4609865472
6228227377
5733749136
4141483284
10917955602
12503211396
-8806938370
5252442113
3769150179
3294047899
-4073582661
8141371265
-352644627
515631169
4229183369
1603454032
1421548433
-8469032398
-9345322124
-3093254487
-14151400143
-9177634332
-3104610204
-4704170228
-3472695064
-5900303241
-9273544557
4280365903
-8090897596
-13622730417
-4266903408
237670740
-6768376084
-10629638989
-7802850591
-4293541302
2416130234
-6155111675
-391566836
-2823559608
-4865884742
-3215491398
3810736489
-917544872
8403601908
-4421979412
-3863050992
-8331711064
6991561958
831362433
3061320535
-184353887
-6789939881
-5144664676
-7501849569
-321091570
-510845689
-3826010555
-863075061
-578306955
6761174053
2819073536
-7625665512
373975134
-5245595523
-11596149015
1091030992
-2994472139
3565882610
-2851754965
1343708594
-4693226075
-11486387020
2085179714
1827800815
1593910803
1886002486
-7932893697
-1366787769
2207323646
-7946241657
-83922808
-4365221102
-7659992239
4045189471
1434946657
580807832
1617804215
-7753739408
-4895328725
-6979859874
927314356
5717545066
-7925012132
2701773410
-4055350074
-4675400905
-2046538345
-8535216388
-3164124352
2443911285
2609853180
10491138937
1568984257
-3543988434
-10744161857
-7879589932
-15464650364
4793637050
-1831677565
4583876377
5920902383
-6683961647
-9452319416
-2961227952
8952355994
529612178
-10040920688
92384059
-6936541404
-11086257278
2672086553
-1033785036
4597218567
-9838831037
-914371947
4199839318
4482344746
384158424
-1139989621
-5657809667
2853892659
-1206952496
-2943780471
-728942406
-4721254455
2880881965
-5266892224
-2454093630
2448481236
-813071708
-10078311055
-2708506064
-7028964402
4580918917
2713978521
-976769937
-2108583670
-3820344725
-4553118490
-5802000590
-8455317311
2069709999
3093339460
208917171
-6966100901
-12139807340
-3508654445
-14540263754
-8623574799
9083828590
9741936385
-1618890825
4954100201
-3827316801
3476550667
-2964810545
-6351579461
-8773446551
-1608348868
-6827957797
-3153840637
-7467260972
10375945077
-6359057368
2892512589
-6998641746
-8048378272
-7295743774
-8099663782
-1961937796
-2267803673
-3794772987
2270930891
-13520826697
-6197609658
-901024148
-325424754
4952889274
897366387
-355178952
-3712806418
-7246016498
2480482242
-1085434226
3822037845
-10285432464
-3490154202
790533461
-1693828624
-1167566713
6088890787
-1146584200
127080011
-1820700731
972772981
-27946383
6943775130
-9653648493
1324445578
212441316
948669313
-1686698200
2345035447
3865222694
3718078132
6522331231
-4519878043
-11071649785
-12630231797
-5865825136
-7414021080
1496393137
11721504983
-4143561159
-8050911528
1235140347
-3582058235
2611262160
-1982765513
-3773514547
5699547622
-4928668400
-9202312678
-6285603016
-7851615136
-3008608256
-10469356026
5475833467
-4416080911
-8726623600
-4893405704
2298897000
-4924562135
-5545080741
-3265994274
20864274
-624466585
3042319832
-7887997744
-4691854001
-6272164987
-1300485790
-1877112181
-5405358782
-2309206907
-10000052682
-562458926
6177013176
626110357
1631999912
2882555584
-1624908732
-1439445756
-3501183900
3551228707
-72736399
-5091275895
-4311457862
-1716398572
-11022804348
2272533154
4819023968
4850390590
249397964
524927748
-6099862803
-7206542955
3242239116
2286155835
-3536162739
433480355
2358184653
-3373364376
-1350565821
-2571913188
-2434684817
2807862767
-5279833400
7065521138
-210562391
-5380242319
8018620609
-9487538836
-10290524813
-1221787325
-18181623348
1238241350
1717188296
-3500877161
-4089383363
3270688411
-15813575563
-5056637136
-12817865875
-618014848
-2103382385
702587117
3498120357
-11719841450
-3045788002
-4464749798
757442679
-20775002225
-3604974842
5942637522
6790863775
793734943
-942470155
1068352727
4220900138
5588260880
-5092845357
-4460320750
4437761238
-9198055267
-12767738443
12849552473
-7463122804
2398846176
-16917462217
-15310105866
-9824474937
-14260602289
-11741927412
-11366821983
-2459016824
-2819893296
-3431025535
-5378742444
-11892870368
-157469717
-257553454
3144548984
5503967997
-874382120
-1510437522
-11820524290
-6767390479
7048714142
5528815319
-12833401361
-1864754917
1679568366
-1351869391
-7720784818
2275154611
-1163598427
4062357804
2822524423
2838648052
4922027323
-6858695157
2155859266
10755663511
1361634298
-5643443650
-9866786936
754309290
10707550929
1128537956
-4509874114
-5491702363
-864174721
-3145799879
675323330
-3255063652
-2825216736
-185911840
-2263546476
-85879759
-1895543528
-5837584024
-299071080
-5617078514
3252492183
-12660267640
-2693041460
-3180990956
920676254
-4195496043
4528936674
840741841
1352283945
-1071590136
-2324118938
16504819837
-7682909832
-2648460987
-629670877
7490390683
13919952658
-976663088
9979090422
5684741499
1713988
9962248018
7091662732
-1245784783
10029599593
1893610800
8178766473
-10798551068
-21477996667
-15626990043
-16817322489
-8839697918
-15038765459
2168635849
-12634519740
-7451993209
10208270707
1830301582
195741759
-4645074026
564610834
4005370785
-1318186731
4512495715
-1296741701
-1680400767
1521595502
-3342542325
-1347147427
3325188275
2252615551
-6232393478
1031163139
-3001740791
-5964935764
-845447371
-4206779809
-1085814250
-2496522827
-8167630133
9259080815
3471454353
6950238868
-4634881412
4854700873
-7818877545
-7597295169
-8161016607
-7688102380
-4327019626
-6162904424
-3569299781
2815313615
-2187394782
2771146985
-3755174715
-8392701232
-12420011727
