100 100
1 -746044871
2 260952314
2 21821353
1 -688587328
2 -110214044
1 587137911
2 -319371664
8 -299764994
8 288713368
9 -496417260
3 455260042
10 91324719
11 860370898
9 -149271968
4 68820145
15 805185919
11 112106330
6 797252014
7 -853682195
7 331687468
18 -654709378
21 -147491256
11 -272031924
21 982190996
14 793341691
10 49534002
19 543034124
24 -804914511
22 -857247789
26 -98011475
19 -585698067
15 -915068781
18 -144873276
19 -474941708
28 28794159
28 341861506
37 -34590409
29 779975239
33 667924412
33 175629932
28 -832296407
34 821296631
38 -77245923
34 220846055
39 -66719884
29 205803994
38 220574366
33 506081779
32 78869245
35 -602346553
43 352376521
36 904584136
47 252445708
39 -315928974
47 -284955898
42 690079427
53 367752255
53 152697343
51 421897816
55 68838340
56 -768833682
58 -261792379
49 527736436
53 832942731
53 679454289
52 216311805
51 -530347760
51 -439209654
54 237659452
59 415757539
70 244360717
66 207553264
58 875507381
63 143578917
67 -500096928
59 -963696753
72 -83235113
72 -710069522
77 445217914
67 631665105
67 -90622167
68 -779609361
76 -854089533
77 114416257
72 469120719
79 160976528
73 200222559
78 318242098
78 -239465
75 -131285397
79 735250053
77 720189036
88 88726621
85 286399675
87 313912267
90 -228696267
80 478107257
90 258579907
84 -924433079
3 72 26
2 98 99
3 78 82
1 43 67
3 32 93
3 82 72
2 96 39
2 38 30
3 34 42
2 98 48
3 84 98
3 8 50
3 10 57
1 61 74
3 54 88
2 64 67
2 13 42
1 8 70
3 9 52
3 62 18
2 82 4
1 47 40
2 50 78
1 93 70
1 43 89
3 10 37
1 37 42
3 81 36
3 19 9
2 9 9
2 79 21
1 80 78
3 40 76
3 20 95
1 48 39
3 59 50
3 19 95
3 73 43
2 62 71
2 42 96
1 40 50
3 24 31
3 67 92
1 87 4
1 16 22
3 3 69
1 56 80
3 69 98
3 88 34
2 82 73
3 91 45
3 22 31
3 29 26
3 87 89
2 49 24
2 79 57
3 20 49
3 49 5
2 60 10
2 20 88
3 100 13
1 68 29
2 36 81
3 10 100
3 78 54
2 44 37
1 97 93
2 30 17
2 24 60
2 93 82
1 18 35
3 62 100
1 70 81
3 22 99
2 21 50
2 52 40
3 97 71
1 70 25
3 98 60
2 89 36
2 32 20
3 85 6
1 93 3
2 86 20
2 56 72
3 30 3
1 38 94
2 29 36
2 14 72
2 4 50
1 52 88
1 45 41
1 15 44
3 42 38
2 41 42
2 47 55
2 10 91
3 93 65
3 87 56
2 19 71
