3000 3000
1 -656801972
1 -550772754
2 -117403998
1 -788573544
1 367907003
6 -962301689
3 917743451
8 331267243
1 241100085
9 -408018205
6 957499471
1 457402378
7 910612543
11 153641683
12 -14387547
5 -543919601
4 948100129
9 499170030
17 -494792847
17 420163196
7 -76780067
14 732873267
6 -794046919
18 731600915
22 -686917520
16 -353379966
26 -153557750
24 501973892
22 -917989351
16 -162542134
20 -110673891
16 769500836
32 933163445
30 -84974993
21 -560440586
23 -642630489
25 -305795559
28 -809402000
32 -215594584
37 922434281
27 550672542
40 467129928
33 364203712
42 -931387444
43 780045170
33 -524760702
44 -109756567
33 -891094910
49 880016401
39 794028671
41 -60391
51 310966460
37 525246381
43 -272326313
52 -195265502
47 -954309539
47 984726176
55 -653611366
59 -154823447
46 -69737014
47 153163881
59 -816273926
51 112684761
55 -704824642
59 -148949639
52 266825710
65 -264955371
66 -938652437
55 75033661
67 435218727
64 211644844
68 236035891
57 841282009
58 683824648
66 418002478
71 -170308633
72 -579630654
71 -914944999
65 657016348
71 665710411
72 156703002
78 -354280163
67 98386351
82 233337659
70 210187534
82 613285137
79 207709605
88 -50695712
84 -558441791
86 67639259
77 170634959
80 941338817
92 -495042187
89 551595324
85 -832375421
83 598822417
80 -429319712
94 -688597100
94 -805203137
92 -579120754
99 -29184171
99 644497536
93 339087952
91 315539497
92 -177608180
96 459760734
99 569118725
94 759589928
106 82574370
94 660011892
100 -244030232
111 594870569
97 761442653
99 749814929
110 -229603288
99 -718027163
103 -616320214
103 651262295
103 -130310425
114 -260238868
104 547989116
110 -204558495
112 93627897
121 -3145037
112 760902474
120 185591336
115 -121909191
112 -535652996
115 -826876730
122 855600701
126 750048980
125 27427958
132 -985371436
129 308991288
132 -916923944
119 275900378
128 -387866289
135 212838171
137 216798558
126 -518337566
141 411657772
125 -510383399
127 648400081
129 -88925166
133 820944789
130 -426756730
145 -964269647
137 -808713254
136 222517091
150 -628957069
143 -316930998
144 677533769
151 516591799
139 146862874
151 124032350
154 -282343884
155 77475766
150 134441681
150 -465496932
147 817883992
155 -474552582
160 97876702
153 -443526774
157 -120396230
164 293020900
152 600981162
161 -987452099
165 617859711
154 -202178763
153 -746235764
166 106125929
168 -637707107
166 -923637513
167 25696887
174 -2670443
172 -321031709
160 -451601688
167 1119452
178 741503443
171 210554133
178 -981039266
181 -451009143
170 -986214194
172 -374097160
171 -60059334
177 -654295417
172 -592364316
182 521233318
180 500253158
180 453565898
174 -193753272
176 276053690
186 202149891
191 384356330
189 -647102010
185 -707236989
183 932255598
183 -262472443
192 -338466201
186 -399297317
184 -457172915
202 333907233
201 -591603124
189 171767347
194 -131737568
190 763306813
202 719346727
198 -263182209
203 -266262996
204 833225015
211 678867809
205 -28882950
196 -685131950
201 371162928
201 368405369
203 279193579
210 871783574
211 872355283
204 -391282662
213 -240756685
220 -774181479
211 347540340
219 586126657
208 -117396656
225 -199428324
219 264303136
218 -508883484
225 911471346
217 -768012716
222 -332538664
227 968030659
231 -208119078
232 869999971
228 -490749630
219 -611085970
236 -241560945
235 -554742510
234 623143465
235 -197244580
238 -728928136
232 655318941
231 768533971
236 594210891
235 338337515
240 577709472
234 7241189
244 -360188985
240 626903182
237 -370213410
246 -676238246
235 -194810636
246 -842391594
251 -230884567
248 267358936
254 150395472
250 -265294744
241 -780065885
243 661437626
242 -396331627
246 -565873879
248 843118976
245 81085053
256 636105557
253 99235890
264 -188283852
255 498747646
254 905628862
264 948011780
265 -591180534
256 -80603045
262 55264423
270 -526209926
261 736391413
273 -98175877
266 680995414
276 981360297
268 948431342
264 51177617
269 665252371
265 -431370477
269 337454954
267 -29199652
281 -226304028
273 -877918177
285 46365581
278 517853113
276 648407991
280 448299711
285 697021051
281 236394901
289 -597854481
291 -557083325
280 -582672673
280 336792301
279 217421407
295 -889327003
297 994830039
285 -324111824
288 -67352217
291 647763735
285 -504330813
286 -275214423
303 341214952
300 -786757228
290 503706649
294 -803681970
299 127244005
305 -216639349
302 -636589789
310 237583085
311 874100047
305 -533991770
296 -36561321
309 317673403
303 958945760
314 98972799
316 -374739983
301 -149109709
310 -82749842
307 -92059887
309 -352292667
318 900911454
321 -8081433
308 126421005
318 -331117560
325 902732705
312 161435843
314 -98720014
317 -487484433
317 364833717
318 -923503661
330 832559714
319 994525045
333 -73938621
319 -267102341
319 963555343
335 759545563
337 -266596210
326 -75061254
323 -92983793
333 -235893696
332 -653535618
338 297688683
337 -118886997
330 -704699510
336 -8275921
344 -769564160
335 -895003771
348 -200901033
341 187203634
343 750178826
335 -888687642
353 -26099451
350 337970670
355 576168367
349 -268553050
342 -281624678
356 903987265
359 -878134712
347 -239688980
355 -413270617
355 870773863
357 -548297317
356 -688608263
354 949825229
366 706743061
354 112457473
362 -647259504
366 -126794957
355 348533384
369 -681274254
364 847912422
359 -427519127
362 841701232
365 969475061
370 -106958040
368 -225170242
374 -922022368
377 948324610
372 300753868
373 -353495922
379 538830533
382 702171076
377 422157916
370 -598311218
377 240655177
385 429286308
371 675865954
383 -166116375
390 -861731407
378 582084830
380 862779925
392 -956300028
394 360401583
390 300114377
386 -611444749
383 605097682
391 560970890
383 324823604
389 -143993098
387 175169427
402 704600329
393 383663448
392 815613244
398 90006238
393 746946519
392 895096902
408 -539757023
398 734849252
398 -172734661
401 409069279
398 -417713319
403 -178025908
408 752941205
401 257898705
412 -393380193
415 -666883168
409 -796454227
414 -718930579
414 -462516090
408 -351345069
421 -545441315
421 976929361
407 -227954541
420 184486752
426 142790441
416 887095307
413 -581153842
421 -956338921
424 154228492
424 482701943
423 406913074
426 901480387
426 104999587
434 -706580235
431 -547624204
435 866786546
428 -176711985
423 -474885213
437 -766008521
434 -33212695
440 -891152207
433 -923866616
433 -191459605
443 -954300530
445 -983311773
438 -730628241
439 943350412
446 13625804
435 128683924
445 436798101
450 724154900
452 131421204
438 -39305112
455 -629887906
447 702190290
447 -358183210
446 980318089
454 778176105
453 835575563
460 928348896
445 433889126
455 935038301
461 -777139136
462 -499056594
453 -348139046
455 138518815
455 -607650569
454 109210129
456 647367787
459 424415971
465 128047538
462 -493846705
473 638452027
464 806617658
470 -710934512
464 -467667861
470 -154055448
462 508824486
471 -143470795
464 -895066388
469 579209476
471 627120871
480 720161779
469 522537155
474 754700394
474 826816927
480 939962626
485 254791064
475 553272148
482 -175401319
478 -365050701
493 410509697
492 -112596895
480 -371673429
486 -686531423
494 -541845508
493 333843858
492 309288768
499 247378708
500 -551708055
488 544163479
492 -834405976
499 -199527775
502 283781013
497 337137154
506 202446000
508 488215948
506 430514242
506 249994148
506 734615923
511 -65438335
501 -131540668
510 331738883
508 -29090768
511 302214382
508 117494996
516 494649151
515 309072610
511 829557302
521 818436550
513 -800241488
515 -262877
511 444737133
521 -83796115
509 707671759
522 138604060
512 617698140
519 -7148576
522 839192974
525 855234681
516 226658156
532 929714136
527 809053234
518 485860235
533 651686483
522 791634380
535 582834330
528 264580053
540 2884734
534 -345052077
541 -753115539
530 -570945094
539 -439750479
540 598190270
536 -278032177
545 -581494393
544 748869428
537 204460577
541 -255413381
542 336582911
536 180335384
544 308984231
554 214688921
552 -761772193
548 199148157
555 -412944508
551 -763628395
558 -52808060
552 486930043
551 471614885
554 -163206604
563 -94365374
562 -891842955
557 -71064308
550 216373810
567 879996349
568 -572497928
554 606704456
568 5865670
568 522286934
559 -767289062
567 -671784964
572 499298457
574 -518325981
563 614111506
577 207332744
576 -786245474
567 643065764
569 -743065364
568 -667272726
580 -312440396
580 504374256
567 570297898
581 417600267
582 103046412
572 -254804561
581 999051910
585 -924086004
590 752063881
584 -978022629
582 209982383
577 478845554
577 603945930
583 -705007712
579 268765138
580 -110380013
582 -859816674
594 16442814
584 557594600
590 -476830453
591 -310500970
591 -595619501
598 -683431935
591 12467131
605 614709702
590 433465216
606 -869967257
593 -277003880
608 -297559701
603 81680533
595 -620396470
613 -97656533
610 582410246
615 -33804040
615 871515577
612 -896774592
617 -120421032
606 -459185215
610 -645542395
609 -33547759
622 662262758
615 -974324562
614 116548964
610 -557918292
613 -677033739
624 30354102
618 888755155
614 395531087
624 463714400
626 -95175859
628 -435412223
633 -162600667
620 918947567
619 852352424
633 -37133504
621 -417092670
622 -708118666
622 -287073566
628 -265578446
634 -186474220
636 -572484587
627 -900609391
638 883396888
634 76523625
635 973374225
639 899564
633 -131641844
645 933205874
645 889021089
651 -463121063
638 -186248198
641 -459760952
640 855127721
651 292406129
651 -495127163
645 -16638632
648 -829215906
648 -736823442
657 -934350025
659 -336234205
648 -137619113
660 974592128
647 311405428
651 -434882452
654 -185760734
663 -513229314
662 -818095823
654 -503216818
668 508637390
670 163188905
665 463963045
664 -359661945
672 485511804
659 37808916
667 -168306378
675 -376708410
676 -609734781
670 -657930311
670 321570834
668 680897830
674 -242205882
672 -757036962
682 -50378890
680 941397386
675 -115774441
678 -601963888
671 597270665
674 -561410596
683 710193847
683 -447291641
682 -632680120
690 178952246
677 935197783
691 94596586
686 -857805102
686 -367854598
682 -671258814
687 990546063
686 -360668586
685 -998479049
697 -891971814
701 956975314
697 -383147885
704 359832569
695 896213978
702 -219987949
707 967949261
707 -383139374
698 -327818465
695 672928927
696 975488557
702 -743337828
706 25273404
712 57934389
705 -83800021
703 454593743
705 -173157424
712 912452473
718 953901431
714 165513724
718 673830506
711 -390409296
708 133933640
718 -152035762
709 795085198
720 -68765440
713 -913114520
713 -979058002
718 -705759501
726 -948120774
719 455201456
729 248832888
725 -133076712
732 -26526434
733 -71873400
723 -187782849
734 -858754742
731 -793297352
728 -752428912
725 418259466
740 257388661
729 560483526
736 816797282
739 718912525
733 198987367
741 949670099
733 -139940712
738 -982721099
741 832606138
750 712896901
737 -131230131
749 -320979831
742 319039443
741 -73202923
740 -692744649
756 -471821930
746 -65229898
751 -626972296
747 867672767
755 364126478
757 -294400360
759 303645440
748 424759952
762 -533538356
755 459413469
766 921634460
756 -610212113
754 -246409789
762 782688424
758 705869610
761 689704638
764 -642103682
769 -653676403
775 -702802172
767 863666726
774 -620328776
773 -175158019
767 -628309527
774 106866173
775 110709609
773 678869278
766 667795778
767 276909414
773 192757417
783 474718513
781 -86907653
781 -168483066
773 -263628716
786 -377509443
791 682248265
788 652795168
790 -158929380
784 -55749916
787 -662763853
794 529822948
795 421078655
797 277681307
786 -885865626
785 -653416761
790 694576813
790 698174629
802 148645350
800 -887352508
795 -830742670
791 -357533101
802 -612192926
806 91138767
809 -434999742
805 595633293
795 240472917
799 418861117
809 655570736
808 -22923682
801 -470019183
812 965969607
808 96674408
806 443547246
819 980377669
809 788923232
821 133921716
817 -726820960
815 -854695391
821 -278362415
809 -495518605
813 960578640
821 -888467959
813 -144545461
825 -645631824
814 327543447
815 4509864
827 -466610793
818 852076376
823 278433119
835 721951818
824 -259080467
834 -601736447
837 -318872751
833 -419713508
826 751851700
825 -235046977
840 -996993472
838 709117148
828 708012385
844 727672570
843 -346129980
845 -348401780
836 513329252
836 -50635532
849 233341098
847 -378292566
838 -494785537
836 40106650
845 -447349702
845 -506481404
848 486818594
852 -122154190
858 -749095248
843 840632857
851 -597268755
850 985867336
860 206318227
849 742326581
853 675561370
853 61233035
860 -380175230
861 100534755
856 -936693222
868 -946997951
857 896425032
867 589028279
858 -676785673
863 -787796911
867 313895252
874 251020687
860 -32348039
877 -38383258
878 -341180389
863 239229261
880 -902911420
871 544344914
880 -405410016
882 -474489781
871 -68871922
870 57634837
870 -257459252
885 -939000566
872 862821055
875 226989730
882 -791910365
889 -295198622
887 -533352205
879 -27857662
883 734458877
879 -4967350
890 -781877361
895 374204767
894 -537850993
886 -54941420
889 -640628400
897 207253876
885 -586500409
887 979254659
899 -368077458
896 632569129
890 627395544
900 -645908269
902 -536615731
892 208803839
896 385914910
895 -780701000
896 -319243180
912 632204937
912 -785980831
907 -86822704
909 -137788537
917 -998970876
905 -746298268
907 100853566
908 -543797805
919 -496039299
912 -173181589
920 861594160
914 -860364211
911 -671619486
910 -430065696
910 155943528
917 -191990282
927 627634415
917 -641018713
921 56289236
928 257170931
927 927471154
921 -398003979
927 -330308716
931 -66307597
936 -301233846
926 140464530
936 -312391805
926 991747351
940 654008308
936 850399142
926 64793100
931 489572589
944 588217342
929 223223642
940 262529558
943 227023467
939 -524861145
935 560097943
941 -126133154
938 918224401
945 -260732832
937 -931551685
940 572239048
947 381609151
941 636950459
958 91193715
949 977482606
950 391717334
959 304821678
961 126600863
958 -873206297
958 158564669
953 796184101
964 -780135750
954 399502902
957 -328501286
963 -237705506
967 171321892
969 -673588650
966 849314876
957 -432520939
957 445449466
965 -818387372
962 -234388964
975 -938731966
976 782788212
971 -334907378
969 -39720815
974 279637106
974 -67718227
981 23381920
977 -353626677
973 325400312
986 463303512
976 250766113
971 618554101
976 -874024082
974 -832048424
983 49519187
979 82553091
985 -925839740
980 -417895692
990 20965613
989 908096648
991 434057650
994 -594312912
989 -132367705
984 521197203
998 849284891
999 -340608350
994 40219433
992 -263669911
990 -954234578
1003 374374152
1004 255100483
1006 182545245
995 145393952
994 -138751035
1003 -283694792
1011 -414845983
1010 654054991
1013 432456668
1001 -362514251
1000 19397492
1014 -166290477
1001 546424363
1013 64691965
1012 -256490828
1006 -548631819
1019 580812852
1015 -950248312
1010 688347969
1011 142769240
1021 117786657
1015 770090086
1019 -848091444
1020 -39969197
1023 -752603363
1025 485022764
1018 727842360
1018 -968977495
1018 463587891
1024 -857499776
1035 633336141
1029 340172924
1027 -911190483
1031 -818554809
1031 89780070
1037 744572175
1034 -532341611
1032 909433275
1031 -386364780
1037 -624282647
1034 -41750215
1034 -402858389
1039 -949130495
1043 898077406
1048 -160943795
1041 -870063267
1041 -183465604
1050 274341448
1049 -861987541
1044 -843533986
1051 686521411
1051 -855379123
1050 80491024
1051 508323009
1058 -580486511
1052 508609953
1050 -658509459
1047 -196063799
1056 -195480259
1064 -125452349
1049 969533721
1063 719524642
1058 -50648841
1054 267603565
1061 360556168
1071 383286355
1056 -203271770
1070 987026675
1057 -12896261
1073 -99327329
1074 928225608
1073 762777634
1073 -774107673
1077 593803289
1069 488689502
1076 386072549
1068 -12750227
1075 632099168
1075 984132928
1070 507789591
1086 -762085213
1083 -205611908
1076 915282952
1085 -410759469
1082 -111945760
1089 -608370694
1077 -40910668
1076 375994277
1085 -436958816
1092 97813067
1086 440610577
1080 -150981463
1097 703872197
1094 29322990
1091 -105311504
1095 803659821
1085 999527991
1095 -957527842
1100 -26416245
1100 912086975
1096 222533773
1090 640760244
1099 -278252172
1106 -70743889
1108 -258588635
1094 -358716356
1110 455493026
1109 -17372
1102 132363212
1108 4862484
1102 -558047234
1107 -177296076
1111 -314093863
1107 980967174
1103 -381418011
1109 908370466
1115 807926510
1116 145966619
1109 241189475
1125 -88901132
1126 -758911894
1116 633174471
1127 84534423
1121 113873228
1113 874196559
1127 -469066640
1123 525776776
1129 383664867
1118 200067123
1134 520216523
1134 -580309664
1135 555872689
1124 -663512876
1137 145184725
1133 -354532260
1131 370820206
1137 -241751368
1135 -213872014
1131 -218369664
1128 -816903714
1141 588484348
1130 180216632
1144 -644668145
1149 -750310007
1137 499742164
1138 -475765047
1146 -455472666
1138 88610382
1146 663365707
1155 609089753
1139 17769999
1151 -299798804
1157 -362108018
1156 748275089
1145 -594473252
1150 -11088963
1159 -970435783
1147 -126275507
1164 127628522
1152 -795397590
1162 -718692767
1164 -984537863
1155 -622500242
1158 719876155
1167 -420095667
1158 409589595
1160 530602061
1162 241102341
1164 -814759141
1170 668211075
1175 -307816135
1173 921019749
1176 -485360027
1162 -818913131
1173 318627596
1171 -698874059
1169 -575415452
1166 -968521566
1168 124325502
1176 -933864743
1178 928351637
1173 237260288
1179 79745713
1175 -130647948
1181 876577676
1189 -132101901
1189 338169196
1185 -552787815
1188 -674410587
1185 814589038
1193 -906308888
1182 -541695175
1182 -503324960
1189 -244221399
1184 896205730
1191 -605436176
1199 -96509254
1203 -718665425
1198 -67510703
1196 724635442
1193 -484033445
1190 -907286121
1203 -782762853
1208 759195686
1198 -512703154
1200 -794398792
1201 -222005788
1199 230199443
1210 -124942083
1200 -292924426
1201 291858195
1210 120162122
1206 81763722
1209 839911680
1206 87586801
1209 -260763634
1216 604831782
1207 -726421723
1212 60017835
1215 154190408
1211 -865287579
1220 631897619
1212 -127152061
1218 141951441
1228 335603689
1219 -807562055
1223 921817207
1216 -323508670
1221 -423403848
1231 -549721205
1228 747928909
1227 470032538
1226 -261004236
1231 219917983
1237 -885934633
1230 809460853
1240 -630272761
1228 -214316055
1230 -545581275
1234 922979451
1229 889408097
1243 -676253005
1245 342754781
1248 604329806
1246 -403360164
1238 255765687
1235 213574464
1249 953428028
1237 -888680306
1254 -812642989
1247 -430553718
1252 982193903
1251 -938389804
1259 -397451838
1252 -763390014
1251 252254412
1260 -317426145
1256 -836360285
1263 422679079
1249 110894835
1253 3804579
1253 585671086
1266 -800262146
1252 -624887587
1269 541579526
1268 186926241
1269 -649644531
1272 447934786
1272 304874461
1258 354082862
1275 821342126
1275 579836332
1262 361474998
1262 -517849466
1264 651412583
1267 855990812
1276 -60649049
1268 860686821
1271 120861607
1281 -623216922
1277 566717878
1274 -960296517
1281 677986722
1274 -984732535
1277 90489959
1276 -606643099
1283 490415535
1280 216699346
1290 -499849579
1290 162118927
1290 645170701
1296 434584951
1289 -209151320
1294 494346602
1288 -52535707
1296 -184863374
1291 -701615098
1293 -190111998
1296 -326725888
1298 834687714
1306 577346509
1305 400359870
1291 -525981561
1309 583122468
1309 699479162
1298 -112103399
1300 -372518724
1312 562526148
1313 519255824
1300 41135705
1302 497082516
1309 78872689
1313 -951337936
1303 892191050
1316 66782113
1309 -366681924
1317 -894266563
1309 175666194
1321 271870786
1314 490782004
1312 -508458664
1319 47826892
1322 374819627
1316 -959068522
1322 -124976878
1327 726732580
1329 -212140547
1326 375599160
1320 -667071822
1322 -611007998
1327 -662791185
1321 -762726238
1324 -21531191
1326 369507933
1328 -144813654
1334 -58082900
1340 448355466
1329 -810805518
1338 -588510462
1342 -50470002
1344 921009534
1346 -753812038
1332 -302121754
1345 29598779
1344 -34321315
1338 235795787
1340 39121570
1339 -741156916
1353 768951191
1355 -871199011
1341 771596834
1351 554712794
1342 815441165
1354 -870408474
1347 -804764285
1359 -753095459
1356 -451449262
1354 403744402
1356 316598647
1363 987428124
1360 -273936384
1356 -300826295
1367 -61518806
1352 399346486
1360 -570039700
1361 63743685
1369 522332772
1359 257388174
1374 232246794
1362 453900018
1365 -83052504
1371 -489160753
1371 -351001994
1377 576559923
1373 762860617
1371 -547765027
1377 129039965
1372 465003410
1376 -472606251
1378 797591433
1377 949093751
1377 -580773812
1387 828311289
1372 -776697167
1378 -75759291
1386 -415037790
1384 -927557273
1380 -598900463
1393 -964651359
1384 152582199
1383 -772473241
1380 -432113020
1392 -845155086
1390 61468669
1386 38519777
1391 -836439662
1385 656413351
1397 774618367
1397 -690356991
1404 -353009630
1392 -579945837
1404 -277026734
1394 -202590843
1392 -655262160
1398 -558438635
1398 -283559353
1401 568242233
1412 203056286
1407 -28602482
1413 -974614167
1404 -134065506
1415 -293797073
1408 -846852418
1403 998159961
1412 -224909567
1408 474486801
1419 -612908257
1420 -481850498
1422 -497455587
1423 -294649097
1418 290924914
1419 148328759
1412 760961557
1413 -110055972
1417 392334992
1430 -96061479
1424 794516063
1426 -328236883
1431 199777026
1429 984092882
1419 -307339108
1428 -237198503
1421 656791897
1432 -696797617
1427 -664895032
1438 974144261
1428 624883843
1442 -222484249
1427 398353097
1438 -483574070
1439 903406504
1446 372022535
1441 226598702
1440 400618302
1433 970359629
1451 -915344592
1447 969551560
1452 -394629106
1438 -608808256
1439 -109620738
1454 906270451
1445 -743206369
1449 -869930583
1458 -77543926
1448 -786583689
1444 755943959
1452 -511296490
1447 450954270
1455 957743649
1460 644765002
1457 109217603
1466 457183665
1463 219002307
1455 908810243
1468 -261270628
1460 781517566
1462 361470189
1473 645080574
1467 -865178232
1475 -820248017
1475 -188095483
1474 -142933570
1468 914929874
1467 3953044
1475 973867957
1466 -429384613
1480 -83570667
1470 -294022507
1483 -310850975
1484 -290239618
1469 945019802
1470 252715852
1476 667750022
1489 25177277
1483 -215955137
1481 -760585476
1490 -674148860
1491 -554431915
1481 793461012
1483 -612561164
1492 -534232716
1486 -237719132
1492 283038756
1486 -4544514
1498 871999224
1484 196348538
1486 -122315744
1487 -628252072
1490 -571791223
1489 290101742
1490 578149091
1497 163785464
1493 -205870034
1500 975289602
1506 301505603
1502 908655661
1496 927075827
1499 -774327401
1507 -37109367
1503 -104200825
1508 -753872259
1505 -963040712
1512 3979569
1510 977072499
1519 -95207295
1508 -237233660
1514 398741395
1510 -398125729
1507 -568786871
1518 464298944
1522 -760442571
1518 -598947658
1511 -241913919
1528 -532735985
1523 -56369116
1521 -845668170
1525 -974682837
1531 693629800
1532 -59188109
1533 -255470377
1531 -312057759
1531 -897500570
1526 -181489293
1538 -916724742
1524 -907659033
1527 753774504
1538 297498223
1531 880601408
1536 923815175
1535 331167100
1529 -675970897
1547 -375911664
1539 -767917705
1535 159721905
1549 -339814921
1544 -324947450
1546 113711218
1543 85031375
1543 -744092338
1550 -958709119
1550 -101128221
1552 -337523993
1543 -525657194
1546 707661244
1557 427881365
1545 -134676779
1546 -734780186
1550 -291680183
1552 -57476885
1562 123963809
1566 -307136423
1562 -438372289
1554 275387729
1567 25854691
1563 667446433
1555 92017441
1566 203416935
1558 655803185
1569 162579914
1566 197135293
1560 68936013
1570 -316594815
1565 814425824
1566 365017492
1570 435054986
1567 -693704649
1569 117559380
1567 -205339809
1579 -794469667
1573 135414531
1570 896547820
1586 -728680403
1583 328352407
1582 -922005346
1574 359754410
1576 432849006
1577 -55509481
1581 -124178323
1578 16361715
1592 -505937815
1580 -116388061
1595 500721545
1595 504368811
1594 -222876589
1584 645800913
1598 -588721308
1597 287107474
1587 -819037915
1600 970216528
1605 686624128
1594 876550120
1597 -306991334
1591 -137094231
1593 -486305342
1595 -90170804
1606 209931521
1610 -583301165
1612 424634584
1599 -523577648
1601 115157023
1602 149200877
1609 683856524
1605 -470555436
1614 168501657
1603 -259320506
1606 575615587
1621 -838754176
1607 -418631847
1620 -49908367
1625 221392880
1625 -899318954
1625 214579543
1612 255732393
1629 -234162221
1621 51520258
1620 548846939
1615 -993415438
1624 904745409
1624 886732960
1629 236696742
1630 -883605930
1637 -318585719
1631 -159306425
1625 -730065034
1626 -91574343
1630 -580741942
1626 -762194174
1634 -816581715
1642 965222788
1638 255794930
1637 -890671528
1633 609315589
1641 -267395424
1647 -953582498
1649 -31568036
1647 444203010
1648 252787439
1639 440013943
1639 154971429
1645 -411097915
1652 644533645
1653 -305797390
1650 128706622
1642 241500930
1653 -493871575
1655 520792634
1654 -718166510
1657 -683483166
1647 -2442909
1648 550695069
1651 -855992041
1664 987988869
1660 -219858584
1656 -4365067
1667 -884879275
1671 -499597185
1672 143244458
1666 -282109901
1658 624172266
1658 -865404500
1660 -94833360
1672 954621558
1678 -850623668
1679 -32232628
1672 -884092724
1665 152761359
1669 -26190744
1670 -32625696
1676 -68288438
1677 606143344
1684 -217229605
1685 888847570
1687 683165276
1687 -619106322
1678 -859697729
1682 -147038522
1675 -161972078
1690 3240293
1687 53811476
1679 -154710876
1691 700839164
1689 -946053942
1686 -570077502
1699 282471216
1697 -72566676
1689 976620371
1695 -927770182
1695 398591033
1688 331219053
1699 292695241
1701 280719866
1701 870654777
1694 161163886
1698 783825489
1710 -312113826
1695 -689211204
1709 376105643
1709 -369882439
1697 -527626332
1707 336434873
1699 608359078
1711 -794714230
1717 152954837
1709 761618859
1714 -504532728
1714 -2712966
1722 927528674
1710 595069751
1719 -99388574
1712 -105800963
1715 -71653983
1721 67688619
1727 -581254246
1716 -678712911
1721 864949291
1715 562836285
1717 -227388790
1718 603753900
1717 684334187
1722 342900276
1731 -627817876
1732 -154004898
1728 953927325
1727 898160910
1737 -311418779
1731 -424769666
1741 561351878
1737 -725982319
1733 -275004593
1736 492323817
1737 494122059
1735 182003646
1748 277525416
1746 100028368
1748 987662716
1749 -189492174
1743 360691704
1751 -173187110
1741 -71916630
1751 543703370
1748 99989972
1748 727170588
1742 -208334040
1742 -411384028
1757 580845902
1757 192959120
1755 -145079009
1755 392947172
1763 957660906
1757 -263981769
1756 -752794973
1760 -697560821
1754 -678511281
1769 182769143
1765 944742306
1764 -898607186
1765 -754192345
1769 -767194081
1762 142000929
1766 357710261
1759 -851882235
1764 -619696063
1774 -319966440
1764 67398096
1775 269172638
1781 548071696
1774 -603828119
1768 598237682
1771 956917838
1777 -416178962
1771 -781588412
1783 -229355824
1788 -569857806
1776 -232674329
1787 190353241
1775 -225145687
1786 -49789913
1776 153359367
1780 -883547540
1779 -719131816
1792 975631833
1797 -276270201
1786 797316477
1787 778895818
1794 117591418
1789 -631666837
1799 -447643399
1795 690656182
1789 341651051
1793 -274119856
1796 299116228
1802 378681690
1793 -19124256
1808 47095014
1798 -188043002
1811 213852902
1804 701891903
1806 -7288334
1814 -213117915
1808 -162490626
1810 679515676
1813 646826055
1817 339786658
1814 -62997364
1803 81269513
1807 389598548
1817 271404252
1821 -670107351
1813 -233676914
1819 734311171
1816 176385344
1823 -220007311
1816 223731524
1814 388282095
1821 -555904711
1815 -189101838
1815 -994889287
1827 644083332
1834 -272249886
1820 839701476
1830 436011732
1836 975621939
1835 -999753446
1834 -391673528
1824 997922375
1830 -488235836
1831 -996202488
1830 -524671374
1831 11897257
1833 967417683
1837 646705220
1836 356035874
1832 -101641005
1844 -979528110
1835 -319643923
1841 170813169
1850 159937065
1838 841543066
1846 628660657
1851 638001310
1847 959393025
1856 549237968
1851 88243694
1858 534622635
1844 185953425
1850 149937166
1860 80166354
1847 998246433
1853 887180038
1852 143084426
1858 -318323715
1854 678118850
1858 43780051
1867 362306520
1866 893275248
1858 94151481
1856 -621040545
1864 550637214
1871 -344091687
1873 -586167479
1867 -652289723
1877 152595035
1870 913683584
1876 240614406
1873 -530791543
1866 257909030
1876 -957781434
1876 154763771
1881 585209963
1876 -197533507
1875 900871222
1880 849892558
1887 -719178910
1882 -629254769
1882 93188840
1883 769170947
1891 -696063066
1879 -173767640
1891 -917179168
1895 356121300
1892 -661003218
1896 378418550
1886 -809872533
1899 -993550088
1893 -112114608
1900 -151317205
1886 106570190
1888 -771192605
1898 -107387021
1892 242428521
1894 274196020
1903 665282943
1893 -788710521
1902 -867665754
1901 333257758
1897 -261401076
1903 -81129378
1908 910990506
1897 -382623752
1909 -202221714
1902 -882228706
1916 -734407736
1905 885340268
1919 900394703
1920 76972191
1920 -773816909
1912 -835486950
1907 -872061256
1923 383944519
1913 -273486660
1924 17408913
1918 601596373
1926 63222932
1914 -776212610
1920 -808690639
1927 211249794
1918 -612897760
1919 553957227
1931 -990844424
1935 267879730
1936 372718356
1920 755343675
1929 -110292240
1930 -411800426
1935 56088784
1924 252901048
1927 -64515782
1933 -311514059
1943 -284626244
1930 -725178427
1939 -736204904
1932 -485678716
1937 -185845470
1939 -22040767
1945 820151244
1951 -550990609
1939 -816297260
1951 -826803929
1949 568388556
1946 -691436679
1950 -361418088
1952 273993982
1943 -108311717
1959 947681460
1955 815735160
1961 86750064
1955 473365575
1948 102209532
1963 234347040
1950 -240818292
1954 608234550
1957 -516955142
1959 636081660
1959 -901791237
1967 -606709467
1971 227921423
1957 -435663453
1964 327071935
1965 693130069
1972 -653221345
1969 707906614
1962 -363152754
1963 -473963709
1964 -963220651
1978 256756100
1979 -477852830
1978 -963744535
1969 579763147
1978 164763688
1984 -17502576
1974 988912551
1987 645515270
1976 -527177646
1982 -846363547
1974 -909873174
1985 324675534
1978 -613067407
1978 -970079703
1978 -784242647
1983 -288310681
1995 -217119507
1996 454119515
1981 111481924
1988 -461333725
1999 583006722
1991 -778022137
1997 -322575984
1989 730358871
2001 491519005
1991 -278845218
1997 764152571
2000 497300859
1995 96815819
2005 -469377211
2001 289095716
2000 963099587
2009 441565007
2008 691268747
2005 596931696
2000 -726192886
2002 666323094
2003 737630521
2004 -197407065
2019 -478575497
2019 666624386
2012 -762762370
2015 632368474
2020 758708144
2018 653543394
2020 878070663
2013 -220112794
2018 342003431
2017 406672551
2021 980809851
2022 306500285
2019 822935832
2031 -41617417
2025 -28373022
2031 -829069641
2032 -33751662
2024 520391030
2025 -412310494
2026 881831967
2033 -900910478
2028 130647670
2024 -605170710
2033 -302499840
2029 17206921
2029 200892133
2035 244020307
2043 246295215
2032 466203505
2036 -895916387
2042 178159519
2036 -656032549
2048 500880004
2040 252857557
2048 -148679209
2047 -831447601
2053 89977673
2043 682515191
2040 297364291
2056 -929176353
2057 -935462228
2046 728923083
2044 -690023840
2057 -364009422
2046 -5748907
2064 -37133435
2065 510626605
2050 -620453335
2063 107367177
2060 595675434
2060 957919326
2069 849388957
2069 -925683556
2063 169184527
2071 -416785117
2069 -212437807
2074 -726251821
2064 172280540
2071 609986967
2068 -464948267
2074 923971478
2070 -807653073
2081 -273630978
2067 -366618069
2067 -576975642
2074 96386281
2083 539526380
2076 -370095368
2079 546932347
2075 192543337
2075 561704958
2084 -32660638
2090 910022290
2090 -66835808
2086 724009631
2093 -822083937
2092 156367829
2086 40374093
2083 -231726495
2086 63356796
2093 252790702
2090 -527993107
2093 -234517484
2098 -488532252
2098 -159452563
2090 824108574
2092 -88432644
2094 945036734
2094 -803250686
2097 860147438
2096 -496146852
2102 -665455204
2098 274902423
2105 736426241
2112 -31781111
2103 -57912548
2109 -217875732
2101 562797535
2106 279961653
2109 -991738139
2114 -377488385
2117 377102985
2112 23613473
2113 -218251884
2106 -18685499
2114 -558120299
2123 34927801
2119 -329246524
2127 -995943783
2111 -84288330
2115 -167331716
2129 -737500912
2125 -229224170
2130 -58679506
2128 -70861008
2118 -283970787
2127 -637643896
2126 434829051
2134 -286080101
2136 -87236484
2134 863399202
2140 -293187896
2129 948932620
2138 -553312307
2129 -533942132
2133 68121283
2142 -219960098
2144 320768814
2143 -845181507
2148 233033520
2134 670206995
2136 -467284913
2141 -251832963
2151 535178548
2147 893923435
2141 581285741
2141 413289378
2153 981315732
2140 344894500
2154 -244103826
2145 -195555738
2157 673275014
2148 718514129
2148 891106756
2155 589487450
2150 -634241857
2161 35066786
2164 296714436
2160 413129203
2159 781273928
2158 623789444
2161 214259136
2160 421489394
2168 61404299
2167 248555770
2161 977487998
2175 -283343565
2167 -26508809
2161 -25482006
2172 -287184822
2170 216957360
2164 -917665732
2178 280405091
2172 412706366
2183 936671912
2172 620857556
2174 490324788
2180 922460987
2179 229785524
2171 727677661
2186 215257036
2173 946988325
2177 -645344692
2192 -299340437
2183 -290765656
2187 761876644
2195 -240072891
2186 106352842
2187 87044784
2189 187344606
2197 120337220
2189 -364400932
2192 -118921696
2186 -581471308
2193 -214293390
2190 -863074199
2198 804206033
2190 -90107183
2203 217779209
2192 984046515
2203 -235613392
2202 857000180
2199 742612867
2198 -329478554
2209 93428485
2200 530035366
2210 -868350643
2203 -327951128
2216 -442325904
2215 527941503
2209 -332403336
2204 694543508
2213 99028811
2210 -16329211
2217 -635670738
2224 775846856
2213 -179602859
2215 -544137690
2210 -12630599
2219 803997368
2217 -146841751
2214 -644460974
2223 -606096265
2232 -560476140
2216 153679361
2223 -573438553
2227 -263822401
2223 -324444206
2231 285213958
2222 565933244
2230 930816462
2235 243257029
2235 -942258098
2240 836020068
2242 26726072
2230 -444458656
2237 -686634337
2237 -414869309
2239 -5354089
2232 -641460542
2245 455119086
2245 272493550
2243 -48866872
2252 -984452825
2243 -767956047
2244 -527141013
2254 532936338
2242 -611893385
2246 -411069052
2246 -226670797
2248 -13787522
2243 609028906
2252 -329263004
2260 667343189
2248 -636820314
2247 -555734664
2256 197701290
2250 621550089
2259 161213531
2254 -33155333
2255 -556135648
2264 -508733035
2259 341209453
2255 -524288608
2270 -682883437
2267 453924600
2263 19381779
2269 620192048
2267 622376043
2266 -304261649
2265 183115630
2279 95326926
2272 472628757
2266 -907860376
2268 -356593546
2270 -131230933
2283 -425878581
2275 636547592
2285 564542341
2274 -825784711
2279 603611915
2289 -278720099
2274 -381098363
2276 -794043364
2290 919420244
2287 -532300591
2283 -759453112
2290 -396622359
2282 650450223
2292 -458168124
2299 -461632532
2290 786537850
2295 870654431
2287 143185919
2295 287681788
2295 -597593909
2292 554726829
2305 -183554926
2302 -124435358
2307 -719755498
2299 -846273555
2309 -834592571
2300 -918181934
2307 -204156259
2312 799732500
2313 226191075
2310 -901495690
2301 685699015
2313 172472764
2318 -584043805
2311 469563601
2315 -610353798
2306 -120986226
2318 339030648
2309 -490459144
2317 936311746
2315 -195843386
2314 2423923
2321 911713284
2316 -584389744
2327 94716592
2318 859623484
2319 909634969
2316 -664013248
2332 444894930
2327 -413515571
2330 11695011
2336 57724601
2321 -108314546
2334 -912531186
2329 -329865501
2329 765854149
2328 -893972872
2328 102152274
2343 -276771659
2335 417713759
2330 529937827
2329 877325035
2346 468416570
2342 -5888434
2339 660363564
2348 -535173338
2347 171827124
2349 -758531600
2353 -55404530
2346 -143520199
2347 -458525450
2341 722190679
2345 -135298674
2342 622434895
2357 70880252
2353 425542127
2349 -301200150
2356 -757392257
2351 -467740988
2348 464181255
2362 -408177655
2360 928669122
2352 -948071529
2358 195734951
2363 -955072325
2359 -185272826
2356 227266860
2365 -516797235
2357 -272312901
2369 81165242
2366 137986699
2376 640072943
2361 -227197294
2363 860356403
2372 -115812579
2371 158550084
2372 -203076148
2375 120147782
2372 -282072291
2370 -757041612
2384 199873709
2376 -713790939
2370 797769362
2388 469725911
2376 65482858
2390 -868470760
2384 372368845
2378 -42186222
2383 -233086906
2392 13636110
2388 -295059006
2384 976412224
2397 -278275290
2396 847593704
2389 156300164
2389 38867751
2393 882331546
2385 627471234
2388 81265214
2388 -634197743
2390 477666374
2389 243338908
2392 -617120630
2403 -933812636
2404 -760682828
2393 52830024
2405 768316690
2397 664403427
2397 -402040987
2405 771975544
2399 740459306
2409 783349634
2407 -361984192
2407 -540940599
2403 -12356710
2407 183370836
2420 583495790
2422 682303971
2414 -564593127
2418 -249710621
2415 -80627160
2410 -365651660
2419 738986641
2412 339785656
2412 -125998639
2419 -465573366
2423 -694118945
2418 804443191
2428 316778989
2418 611369836
2420 829709529
2436 352386016
2429 -271963680
2436 76923068
2436 -553372108
2431 374416605
2436 507817088
2432 -194074222
2433 -99053676
2438 283816180
2432 -122678191
2431 -49741076
2434 996998919
2445 -284785926
2448 -260959852
2440 764056771
2435 -319694489
2451 -819775722
2447 231422117
2437 258332088
2445 -337984448
2445 167027638
2456 -653668021
2448 -748968292
2456 726846633
2444 -572991705
2461 -3139601
2462 184494961
2452 -927208528
2457 543085755
2461 -613240713
2457 339927712
2461 480085940
2460 28211866
2462 -179732325
2454 -167562344
2462 -506963313
2469 -723683201
2463 250531757
2465 486264386
2475 468333620
2459 227420426
2470 -807926210
2463 100126440
2471 -268482641
2476 797949413
2470 115778888
2471 -457834210
2482 -75016578
2476 907596943
2480 147895817
2485 -182982731
2480 228636806
2475 717364749
2489 526251332
2477 -822633953
2482 -756861545
2490 -542347696
2477 405599380
2488 -569209641
2487 -146831435
2487 496779046
2487 -112382309
2498 345651482
2499 -441621952
2490 117751938
2492 402330473
2502 -81453975
2487 -126027282
2501 800605671
2491 -42621677
2497 -126418665
2494 174548936
2508 800251449
2499 -634128323
2506 384450867
2497 712872439
2498 -436811628
2502 478153104
2507 -840283222
2512 743324390
2516 -811502393
2503 925465732
2505 -447615258
2505 134446222
2508 154405504
2506 -960395522
2508 -88942146
2514 -973590556
2513 -503306602
2510 183317756
2526 -277238859
2523 565521478
2525 -678763707
2521 -113277500
2530 -196638682
2527 856793845
2520 -36065642
2521 510679973
2532 84251135
2521 -267595992
2527 -841388806
2533 591183058
2535 38419382
2532 -245302124
2529 13543119
2541 85529421
2525 157965485
2533 122337561
2543 81441270
2531 662032091
2537 492871062
2541 -610172477
2536 193719760
2536 -804839193
2549 -552751637
2539 602564325
2536 106252753
2543 -701358772
2544 -36749255
2554 198183139
2548 -876201057
2548 -454954633
2544 -968147162
2550 306791217
2552 503618836
2554 13835326
2555 842163380
2561 -915298289
2548 -117237599
2552 -159923792
2554 795483931
2557 -706401355
2561 379957829
2562 881654513
2567 789175185
2559 332317720
2558 55209399
2557 -475760838
2563 457000062
2560 -400657040
2563 872222651
2568 461446525
2571 135924473
2578 80199106
2579 -271237640
2580 663095286
2573 -255424041
2570 -26352750
2579 -98136135
2585 64776827
2586 623450081
2582 -276707709
2586 796938737
2576 1261034
2574 901963810
2586 -51866090
2582 934617400
2589 -559732379
2578 -257679539
2591 62982137
2593 18350292
2580 537453211
2582 691231465
2593 369407026
2596 -801277841
2589 964310663
2587 -817548960
2593 585302964
2602 548178463
2603 -121262346
2601 -807475041
2594 847557494
2593 -427154406
2597 -592773690
2607 -303194660
2607 -315488146
2604 -565602570
2609 -476884829
2605 586012237
2610 -302199107
2607 790551489
2602 -318822820
2614 -320356150
2606 86278677
2610 -219974632
2615 199169993
2614 86013838
2612 210047792
2609 389555065
2612 -696678613
2621 -408178850
2613 -583434608
2613 105137565
2613 -23810578
2627 353499631
2615 -464880817
2629 -695044135
2628 931907954
2624 320172349
2619 91502480
2632 -82752068
2636 -752693067
2623 222139176
2635 472833774
2636 -980208386
2627 -963484846
2629 -976090579
2636 178305918
2627 -513661628
2643 129774076
2635 -270192923
2634 -758676229
2643 828650858
2633 -671205042
2645 -196266150
2638 146606289
2650 340332025
2649 689433099
2653 852520766
2650 -214515115
2645 -202385698
2645 253195917
2647 -694391835
2656 661413696
2643 -193358741
2660 -941111684
2647 -99611966
2660 829806255
2664 -290559398
2651 96369923
2654 410916686
2666 -746259069
2655 874143546
2657 843865582
2668 447923513
2657 -770881874
2664 281779107
2657 -964835515
2670 14639727
2658 777591109
2675 10653462
2669 -20280911
2662 -662280527
2662 -997009733
2666 -402525103
2667 870954873
2682 460114658
2678 -586873262
2672 -192362767
2677 -471794489
2675 859708675
2680 -994554317
2673 -999037200
2685 -680222985
2687 799923310
2684 357543228
2687 57951312
2683 -18501140
2680 -866210620
2681 -95685166
2692 190737346
2684 808599744
2687 376717711
2694 -499780869
2694 127586085
2688 741430164
2699 467608013
2696 10824851
2702 892533111
2705 150512425
2696 -628388997
2696 -831572669
2706 458652621
2694 853563971
2693 -986396879
2705 -707990585
2698 -503422513
2710 -435957729
2703 691500941
2714 178590972
2699 832652430
2716 -309883199
2714 323127772
2709 -594803892
2714 -920190506
2713 579693254
2710 172258395
2714 -261240729
2724 452902304
2716 -401680720
2721 136729085
2725 -800592152
2720 -420933833
2719 363301342
2726 -607752020
2719 -997334906
2723 -79193029
2723 374777764
2721 948071716
2730 925385044
2726 -893424828
2728 -68244433
2735 783773826
2723 648744409
2729 -239495968
2734 406434645
2727 821433535
2742 -11442691
2734 -621301654
2742 190145424
2737 791388237
2743 604019368
2747 305455952
2734 813032313
2733 524448142
2738 122672758
2747 97700024
2746 141199598
2741 848578805
2752 -406296202
2751 -626876812
2755 525754836
2743 487836229
2750 768020246
2753 -72781086
2756 353715779
2758 386224288
2749 314696775
2763 -722873292
2759 781637846
2758 173980120
2767 -382107602
2752 810546420
2757 38611684
2754 383807669
2762 -369181177
2758 226242136
2767 -802157381
2765 -394063491
2773 -173635780
2765 679134808
2773 -438777206
2774 266182600
2772 -32550048
2778 -125731567
2776 687060965
2781 -808959055
2770 842353369
2771 -317791936
2784 767756018
2779 814526613
2783 196370941
2774 573048449
2786 134064518
2787 -231401861
2774 -256533587
2790 515960615
2793 -344218407
2792 -114369769
2782 800657317
2780 -38194080
2785 -534142132
2795 138402824
2796 486278043
2790 -723173948
2801 67557153
2792 332405064
2789 588333798
2804 -764914557
2802 856879815
2806 114945313
2797 -250073533
2804 -571541501
2799 -924528964
2796 252309754
2809 -254355957
2806 991163593
2796 291404794
2801 901962547
2802 -480021035
2815 -989006000
2808 -907625708
2808 94547530
2809 118460871
2803 604631600
2818 -193169512
2809 861584490
2810 -227137208
2815 579281415
2812 239906802
2813 -482941589
2823 -912300860
2828 -945520420
2814 -794068540
2816 -928900105
2818 -125960943
2818 408116147
2833 103376614
2820 -487648820
2826 193034219
2825 -303818483
2830 -589804231
2835 -297918686
2839 167159504
2840 149474874
2832 302355373
2826 971086539
2842 112060544
2843 -92462311
2842 773722856
2838 -13929953
2844 792600804
2835 41113033
2836 -861469747
2833 154801944
2838 960298502
2842 69645597
2840 552735860
2844 699618260
2838 -151328107
2847 -940713071
2843 13108853
2843 695706333
2856 453812765
2844 790897822
2847 949517230
2852 599356521
2855 -230702873
2850 805914757
2865 994820735
2861 337694044
2860 -451096189
2860 -498245166
2852 -259357772
2870 -111795159
2854 304730453
2868 812242497
2860 985774970
2869 125297091
2875 307154211
2860 536501032
2873 -712499948
2864 981456742
2868 -846109938
2864 -259804494
2871 -300497229
2872 30095171
2872 47722792
2869 562090191
2881 -799826039
2875 369425465
2877 120986441
2872 383755281
2879 -457021484
2875 -84051657
2885 -909254865
2889 406534018
2893 823068381
2891 -177074600
2891 607364298
2888 -955211710
2896 502140720
2886 36058020
2889 228056229
2886 -187774780
2894 -546752037
2898 856942261
2889 399484717
2900 -161902855
2890 -938401987
2896 393831002
2892 981716420
2905 -226277166
2892 265830695
2905 967869369
2901 49233806
2908 209586907
2897 420147425
2912 -953663995
2910 -86652596
2916 694633014
2912 -312268671
2904 -731925485
2918 208652746
2907 -480303951
2911 -446824504
2922 225220848
2916 -313852539
2908 274911914
2921 -404438121
2922 -194180028
2921 214979788
2923 -520969934
2925 171984319
2914 718837752
2929 -549542935
2928 499098889
2926 -188006430
2926 542050030
2929 -44647527
2929 -708349258
2926 -862970117
2930 532963410
2929 -768901922
2925 188782578
2940 206693047
2934 -908087000
2929 177229244
2944 584184927
2935 -322403209
2934 677221502
2947 -517519271
2932 -58551249
2940 322359315
2943 -430273682
2936 -192352813
2941 456638126
2949 861647753
2946 348775459
2947 -619731029
2947 314100037
2941 937856151
2948 209921096
2949 886106739
2958 435028476
2950 -367338627
2947 -938225542
2959 -527950431
2948 881517409
2954 -352076438
2964 -92671779
2960 141383447
2963 -310767547
2959 758345893
2964 938987693
2963 -914674193
2962 -903993882
2962 845896286
2969 619229887
2961 -321091570
2972 -283908706
2966 -66077620
2962 -302285245
2962 -182905327
2979 -596334848
2972 694878032
2974 28387559
2972 214844702
2970 194902660
2983 -734050232
2977 -305902002
2981 -442920311
2987 484636226
2988 293399701
2983 -137391272
2983 113290080
2977 898871794
2992 673620170
2993 -475561576
2989 120296544
2983 328250583
2986 -867399773
2989 99893090
2994 765877531
2 1340 2723
2 767 273
3 998 2454
3 1430 2364
3 2360 316
2 407 2907
3 2284 2586
3 2140 2667
2 1418 1517
3 2212 586
1 2444 633
1 1055 1259
2 1691 2874
3 1617 486
2 1777 1419
3 2358 840
2 2886 1561
3 2851 707
1 1304 1360
1 379 1903
3 2945 2331
3 804 779
1 2004 1846
3 1930 1409
2 2750 1241
3 2361 782
3 1728 963
3 2345 48
3 2737 2809
2 1632 1663
3 639 2887
3 1359 1501
1 985 640
3 1422 2869
2 1565 1864
1 321 1586
3 184 2970
3 1216 469
2 1962 495
2 1838 1910
2 1846 1918
2 2226 359
2 473 2870
1 940 2480
3 322 2405
1 2346 465
2 1050 1873
3 27 1236
2 1017 1981
3 1663 1002
3 1851 1236
1 551 2570
2 1623 1338
3 1837 1711
2 26 697
3 2003 1693
3 950 1257
2 858 2095
2 10 493
3 1475 2898
2 879 1089
3 2410 621
3 2414 930
1 2482 1032
2 2113 539
1 264 2734
1 2886 2541
2 2177 2483
2 2830 819
2 1831 1995
3 72 737
2 911 807
3 969 1249
2 2897 712
1 428 1285
2 928 2865
1 495 2577
1 2722 2594
1 668 320
2 257 1827
2 395 1722
2 269 1931
3 2619 1246
2 637 695
1 1305 1014
3 1853 1197
1 2692 2727
2 1826 2396
2 2740 1557
1 2567 1901
3 991 510
2 2603 1661
2 2397 415
1 1844 126
2 353 1819
1 965 1094
2 2626 261
3 1033 1507
2 942 2668
1 2517 333
3 978 1624
3 1642 1814
1 2567 2859
3 1727 2872
1 2348 656
2 1519 2945
1 515 825
3 1025 1320
2 2913 314
3 1886 2969
3 1215 1637
2 1553 2083
2 933 665
1 1434 327
2 1003 2833
1 674 1788
2 1095 892
2 730 972
2 671 1320
1 1900 55
1 1313 2311
3 388 1653
3 464 2118
3 959 1970
3 373 1340
3 1711 1581
1 196 2883
1 1317 1937
2 2536 1196
2 839 1796
2 2751 2339
1 2349 193
1 1160 2099
3 2014 1300
3 158 819
2 1800 1591
2 713 532
2 1836 2411
2 1016 2596
1 1732 2024
2 2648 1237
2 707 1108
2 1226 187
1 2309 1459
2 2765 2034
1 1262 1684
2 1831 2024
2 2692 2958
1 143 2473
1 1154 978
1 1500 406
1 1054 95
3 2085 2077
2 1175 1038
1 1185 145
1 1457 1559
2 2725 1381
1 863 2654
1 2266 1587
1 1243 1478
1 1156 2624
2 1682 1839
3 1086 1772
2 1263 145
2 1114 116
2 1624 1915
1 1166 2133
2 274 69
1 2500 430
1 556 617
1 2046 1769
3 1452 2938
1 1409 1620
2 717 1296
2 1301 512
1 2745 2201
2 779 2947
1 203 744
1 2594 529
3 903 605
3 2537 1392
2 1593 2224
3 2499 40
3 265 2195
1 1132 31
3 500 1222
1 577 2751
2 794 2974
2 908 864
2 455 2201
1 1694 2021
2 2435 2931
3 1360 1956
1 874 1700
2 2651 1072
3 2535 2373
3 2722 541
1 107 1676
2 2172 669
3 1625 1689
2 1719 372
2 2201 1102
1 1138 2224
3 833 2121
1 955 2070
3 2530 911
2 1765 2041
1 2669 2714
2 278 357
3 2997 514
2 2552 1148
2 2604 845
2 31 2557
1 2260 1586
3 2221 418
3 2535 1345
1 1562 2273
3 2983 519
2 1904 1924
3 1763 2807
1 503 1574
1 1813 2637
2 803 16
1 2272 1532
2 679 1347
1 1142 756
1 2576 1523
3 1465 2943
3 1906 19
1 2978 2605
2 1545 673
3 2531 1281
1 197 45
2 2802 1240
2 566 1764
2 1454 1445
1 2047 1108
1 831 1271
2 1478 1531
3 728 2502
2 2190 243
2 51 694
3 2318 1534
2 983 571
2 1860 1345
1 197 49
3 804 295
1 666 1555
2 546 1348
1 1555 1810
1 2234 784
3 217 214
3 666 2292
1 2344 64
1 449 1754
2 1660 1267
2 884 2405
3 2929 566
3 1971 651
1 614 1725
1 1521 891
3 1190 1630
3 2153 2396
3 2 1902
2 2181 2170
1 1382 2819
2 1679 333
3 513 1772
2 944 2500
2 2889 2269
3 2286 2668
2 1482 183
1 1273 428
1 1392 1286
3 1795 1454
3 133 1969
3 1359 1522
1 260 1222
3 2634 359
1 1550 225
2 2519 2359
1 1370 2949
2 1269 495
2 1397 2354
1 1633 2734
2 1794 1283
3 2401 1603
1 2019 1628
2 1234 913
1 428 344
1 2302 1370
3 1475 2163
1 1686 145
1 428 1768
3 2695 1320
1 1975 2688
2 2842 2413
2 2835 2002
3 1637 130
3 175 1589
2 2924 2366
2 225 997
3 448 2784
3 1441 2072
2 2657 2168
2 2124 1222
1 2366 2183
1 968 2897
2 1767 2981
3 477 2962
1 1922 1918
1 1336 2870
1 1666 833
1 1320 313
1 1509 1212
2 1198 2366
1 984 73
2 1687 897
2 984 351
1 430 1833
2 1426 807
2 1328 325
2 794 2858
2 520 1490
3 91 1840
1 2260 873
2 2048 2996
2 140 2297
2 1764 2892
2 431 793
2 789 544
1 2051 440
1 657 2155
2 184 91
2 2070 1807
1 289 2326
3 1544 142
3 2069 1286
1 2472 2952
2 2422 877
3 448 2056
1 1196 1376
1 2612 601
2 410 809
1 2428 703
2 1895 2363
2 2996 1898
3 2645 2126
1 1763 458
2 1238 1837
3 1088 1151
2 287 2640
3 1862 2955
3 368 748
2 1001 992
2 788 1602
3 684 1846
3 1850 630
2 1924 1330
2 2413 1221
3 494 820
1 1860 26
2 2963 888
1 2044 1250
1 393 1732
3 873 637
3 360 2002
1 2159 125
3 2644 1047
3 107 1512
1 2575 2467
3 61 688
2 1754 1914
2 1207 598
1 2574 632
2 653 1151
2 2482 1058
3 2080 2398
2 2512 2318
2 197 2853
3 605 97
3 1011 2925
3 724 2048
2 1053 1621
3 296 1603
2 2206 1096
3 2051 1858
1 457 2989
1 2349 1502
2 896 1462
1 937 2449
2 636 128
1 1800 2639
1 1310 1844
1 5 1853
2 2937 1604
2 2652 12
2 1421 688
2 2453 1111
3 1559 2153
1 1480 121
2 58 2353
1 2409 435
1 2629 1883
3 1213 1409
1 2346 2734
3 852 2071
1 2132 1051
2 23 1211
3 435 1725
3 2874 2407
1 641 2055
1 2310 2619
3 443 2492
1 2434 1302
2 2627 565
2 1957 1403
2 2715 1037
3 1079 876
1 2631 1334
3 1945 635
3 409 872
3 451 1289
3 1845 498
3 2869 1863
3 603 1259
1 410 2845
2 911 2327
2 428 2883
1 2834 90
1 1303 2643
3 1726 2081
1 2190 893
1 1342 1930
1 566 859
1 2486 2857
3 279 1469
1 2786 2039
1 2324 16
1 2026 2403
2 991 706
2 2185 86
1 1323 2698
1 97 1889
2 391 1877
1 1634 156
1 376 197
3 487 40
1 2633 2925
1 2799 2280
3 1754 2376
3 270 157
2 1472 1580
2 1326 2073
2 963 946
1 946 279
2 970 1400
2 1237 2004
1 494 1736
2 1009 41
1 1570 1127
2 2976 801
2 2744 2323
1 377 445
3 971 976
2 1146 1707
2 927 409
2 2482 1588
1 810 2122
3 507 2061
3 1386 1362
3 1950 2014
2 2959 541
2 1520 2489
2 1994 2977
2 186 2179
1 2155 2692
3 2744 75
3 1317 1003
3 2944 1212
3 946 1892
1 2959 2704
2 1667 1882
1 1997 2094
3 3000 1635
1 881 2373
3 2600 2108
1 2475 2911
3 1139 1496
2 2583 120
2 2874 742
2 2283 1971
3 2663 609
1 2383 2773
3 1888 2781
2 2814 1179
3 2312 1931
2 856 1775
3 1611 2390
2 1042 991
2 1634 1130
1 2490 1073
3 2343 2097
1 2641 162
3 2590 1295
3 558 2674
2 1080 1404
2 80 2154
1 2493 2626
1 584 1266
2 1235 607
1 930 1577
3 1217 344
3 612 235
1 1806 389
2 1197 88
3 1387 973
3 2544 2080
2 1481 2966
2 2983 2131
3 2780 2022
1 590 1603
2 2523 2511
2 1565 802
3 2592 861
3 2168 2425
2 2174 2988
3 363 2420
1 2831 148
2 970 471
2 2682 1198
3 1747 1437
3 2657 2981
1 2147 2962
2 2863 1288
3 2586 2154
2 2223 2051
1 1450 1971
3 2107 2734
3 988 1342
2 1196 2283
2 2626 902
3 2580 1727
3 2710 777
3 2617 1908
1 2447 984
1 497 1948
3 1716 2712
1 382 1183
2 157 2188
2 1606 1993
3 77 2867
3 508 674
1 2328 1557
3 2688 390
1 2723 1453
2 2283 2431
1 2211 194
1 429 1750
1 2476 1405
1 2686 952
3 535 682
2 1868 1040
3 2106 963
3 1546 1027
3 2419 312
2 2829 1841
1 2904 114
3 920 951
3 2338 2052
3 1939 872
2 2793 2800
2 904 194
1 2619 1332
3 2433 1085
2 466 2140
2 2161 2851
3 1277 42
3 655 1638
3 2667 2932
2 1623 369
3 2471 2080
1 2992 2966
3 1436 33
2 1028 1128
2 740 1189
1 665 2032
2 816 2076
2 59 1289
1 413 719
2 2578 711
1 1223 287
1 2279 1528
2 2448 239
1 2564 2037
1 2190 1794
1 555 2502
1 1151 1357
3 2422 2230
2 37 376
2 1334 1443
2 1869 782
3 2029 1882
2 539 606
3 1482 796
1 356 1228
1 177 393
2 2175 1172
1 579 2292
2 120 1469
2 107 1709
3 2486 1630
3 369 2392
3 833 1380
3 2636 1404
2 2855 1708
1 1353 2235
1 2070 2686
2 1027 2881
3 1554 2136
1 2082 987
3 1931 2567
2 643 2006
1 2754 1632
2 1382 554
1 1711 2918
3 2302 2300
3 2011 1581
3 230 1481
3 1340 2160
2 2629 860
2 318 1515
3 2544 1547
2 768 2477
2 616 2966
1 1480 1320
3 1658 648
1 1768 1695
2 314 2218
2 225 1315
1 2954 802
2 1683 564
3 1742 1628
1 1945 2042
1 2590 1059
3 131 1868
2 2169 279
1 1790 853
1 654 2835
2 1851 1104
2 2534 2055
1 2255 849
2 2864 2922
1 1753 1828
1 1479 2113
2 129 932
1 1999 2650
2 2242 2006
1 879 1196
3 1060 333
2 1719 2928
1 674 2363
2 2126 1265
1 2025 2737
1 2276 338
1 1196 88
3 340 411
1 2675 480
2 1646 1023
3 1934 1516
1 2663 1788
3 2810 1877
1 1107 1531
3 2927 848
3 2204 1750
3 480 1443
1 2257 2431
3 2252 2957
1 2475 369
2 2227 218
3 1635 1517
1 2598 720
2 2652 77
2 116 218
3 1843 994
2 553 2855
1 133 1315
3 2422 1464
1 330 156
2 2487 106
1 2577 1150
1 751 80
1 965 1057
2 2467 263
3 242 1059
1 1303 1442
3 632 1498
1 1424 2918
3 1875 133
1 1161 585
1 1930 922
1 1832 1194
1 2371 1854
3 229 2393
1 2977 2845
1 2264 2060
2 484 2341
2 2528 2803
1 2355 2822
3 1102 2314
2 2751 620
3 2173 553
1 1178 422
3 2573 116
1 2682 1840
3 2662 2025
2 1881 2736
1 2605 2642
1 2879 320
2 2126 1908
3 425 2207
2 205 364
3 2118 1370
2 2850 583
2 2790 2869
2 1496 1934
1 518 2818
1 120 945
3 1665 989
2 1572 2705
1 718 1222
2 593 175
2 1417 2224
3 780 767
2 923 2466
1 2420 850
3 808 401
2 873 2810
2 194 537
2 125 2947
2 740 914
3 1568 643
2 2123 763
1 1276 48
2 1192 1910
1 2153 434
1 2806 1699
2 2726 2027
1 2332 2049
3 1998 2526
1 2549 1264
1 2872 1874
2 1105 176
2 1278 2669
1 2542 1877
2 242 2867
2 1430 78
2 1156 96
2 546 2888
2 691 759
3 453 2466
1 156 1559
1 987 2269
3 1769 1650
1 2325 2986
2 496 1892
2 1708 322
3 2269 2533
2 971 2187
3 2291 2873
1 1570 1255
1 888 2193
3 2076 2499
1 815 1989
2 935 2267
2 1534 2792
3 1320 1609
3 2044 1324
3 1209 1840
1 2217 573
1 2402 228
2 1827 305
1 1601 1192
2 2183 1849
1 1208 2628
3 2005 2143
3 26 2657
3 1867 1512
1 500 2667
2 2339 531
1 2842 2237
1 1832 966
2 943 1485
1 2232 686
2 2901 143
1 1101 535
2 595 570
2 26 1159
2 1228 227
2 152 318
3 2924 357
1 197 63
2 1147 750
3 1119 99
2 1240 655
2 1001 2062
2 1469 2278
2 1639 565
2 2153 1731
1 521 1363
1 2031 985
2 1963 859
3 938 1075
3 2035 270
3 2829 2563
3 530 963
1 1144 2870
2 2110 1855
2 1523 1445
3 650 1005
2 1897 2743
3 1225 1404
3 2962 634
3 2774 929
3 2538 2483
2 1216 1852
2 2253 386
3 5 1136
2 162 1772
2 1650 709
3 754 1696
2 2401 1637
3 1869 2713
3 2470 815
3 942 2140
1 1654 1955
3 669 295
3 2171 2905
2 1519 362
2 490 1732
3 456 204
1 2313 215
2 2573 329
1 297 760
3 411 1822
3 1628 2412
3 100 780
1 649 2865
2 381 1431
1 955 567
1 2154 1649
1 1670 1822
3 283 2714
1 1260 1271
1 38 491
3 1013 1798
3 2826 30
1 1808 470
3 2492 1810
2 1504 1240
1 823 397
1 221 1586
3 2776 1400
3 2572 2122
2 1603 819
1 759 526
2 1558 2725
1 1893 2588
2 455 1952
3 2625 2442
1 1241 1607
1 2013 2528
3 470 2274
3 774 1617
2 1194 2813
3 2823 260
2 2395 773
3 2806 1256
2 634 433
1 1615 2058
2 830 2395
2 813 1837
1 563 1436
2 934 1870
1 2069 1361
3 2747 1702
2 367 2769
2 2806 503
3 118 2438
2 621 2168
2 1581 1999
1 63 249
3 2749 2364
1 296 96
1 2009 1714
1 290 2568
3 1744 1697
3 1873 2127
1 1363 763
3 1883 1419
3 392 106
2 1775 1742
3 641 1879
2 1938 2982
2 2868 1947
1 2927 2301
3 969 408
3 504 2221
3 728 2382
3 2921 248
2 2623 2007
3 2896 1103
1 564 108
2 712 1493
1 1146 2811
2 2615 2380
3 476 607
1 2169 2630
1 1523 2326
1 623 1629
1 2779 1196
1 1170 780
3 594 2151
2 2502 204
1 447 2503
1 1466 896
2 2978 1134
3 2815 2216
1 1205 2760
1 2934 2003
1 866 2519
1 2679 2925
2 138 422
3 456 1418
3 807 2716
3 2751 1752
1 820 2589
2 1262 2262
3 1214 1668
2 1853 1280
1 1869 1510
3 2984 2209
1 2036 1113
2 2861 626
3 1722 1465
1 2594 194
1 2167 1064
1 2342 2102
3 2507 2125
1 1770 231
1 209 297
3 1398 2057
3 806 2409
3 297 447
2 1400 2159
3 1897 1512
2 1497 222
2 1171 1061
2 1108 2911
1 1752 72
2 2416 1527
3 406 891
3 2500 797
2 1555 2504
1 2419 242
3 677 810
1 80 411
2 1776 306
1 2338 193
3 773 1182
3 917 869
3 625 2223
2 896 1030
1 2992 1431
1 614 1743
1 2749 1196
1 51 389
2 1613 1940
2 1944 1868
2 1832 724
3 498 1137
2 34 1406
2 66 1382
1 1747 1634
1 2134 2162
2 1769 449
1 89 124
3 1783 2161
2 2363 2512
3 511 1621
3 2149 2485
2 932 1346
2 924 174
2 2983 1502
1 1656 1364
3 1564 1907
3 2962 379
3 516 2818
2 2179 2999
1 900 369
3 1779 101
1 1991 1234
2 2335 892
3 2102 1500
1 1229 66
3 965 335
2 1317 2755
3 2649 2445
3 1172 1045
1 125 2228
2 1519 2992
3 707 2536
3 289 1262
1 1989 2874
2 202 1707
2 1934 1343
3 2802 2600
3 1016 2235
2 2401 1581
3 1327 2571
2 435 1550
3 1595 924
3 2169 2666
2 142 1188
3 2680 2649
3 1231 1139
2 448 2790
3 65 770
1 1032 928
1 1529 1566
2 221 1814
1 2260 2080
2 1609 1202
1 393 801
3 2948 101
1 1873 722
2 729 1626
2 837 1751
1 2787 641
2 1285 1424
3 1291 1796
1 1308 2748
1 348 551
3 318 2762
3 2450 371
3 1547 695
3 1729 1907
3 1917 1909
1 2810 1852
2 1409 923
3 2517 163
1 1775 2064
1 720 212
1 725 2821
1 835 733
3 2607 430
3 1378 73
3 157 1137
1 856 2407
2 1146 290
3 2766 542
3 2539 1818
1 2731 677
2 2590 293
3 303 994
3 1479 437
1 397 1808
2 1980 729
1 392 865
3 177 2726
2 2195 535
3 953 1905
2 1088 443
1 984 861
3 1053 2927
1 2049 1445
2 1697 1915
2 1971 2758
2 1621 1599
2 1323 2017
2 2303 1605
1 528 1008
1 2877 2574
1 270 116
1 1809 1424
1 208 2002
2 437 1983
3 89 739
3 173 2761
3 344 922
3 1259 1538
1 1363 888
2 1177 1904
2 273 143
1 1707 537
1 1755 2992
3 467 1334
2 479 2152
1 1742 290
3 1750 849
3 790 1435
2 1122 2497
3 1770 2757
3 2857 10
2 430 566
3 2817 2185
2 1847 709
2 496 983
3 1917 2604
3 2949 215
3 659 2111
3 619 469
3 233 1860
1 1961 278
2 1164 649
3 621 2708
3 1387 1584
2 2140 2271
2 2621 1767
1 875 2276
2 389 2958
2 2970 1592
2 2261 1621
3 856 904
3 880 770
1 1506 2075
1 419 2617
1 314 2909
3 1382 253
2 2896 2078
1 610 2424
1 1150 1283
2 2631 1501
1 1984 2549
3 2658 1990
3 2271 2606
3 537 1273
2 2789 1739
2 435 2940
1 109 2278
1 1603 2318
3 2256 839
2 264 806
1 2489 1076
1 2117 596
1 2348 462
2 179 2234
3 1417 917
2 634 860
2 579 2601
3 1755 1652
1 820 72
1 2233 467
3 2266 471
1 2578 2025
1 1517 2355
3 2893 1425
3 2522 2977
3 1888 2859
1 837 831
3 412 1837
3 1849 2793
1 2322 2600
1 542 2998
2 2921 869
3 1184 1717
3 2405 545
1 2790 5
1 2024 2409
3 166 715
1 2597 1553
2 1697 814
3 1778 370
3 693 2167
3 1954 760
3 870 1353
3 1510 2436
1 1949 2424
3 197 1375
3 73 1191
3 1474 528
3 894 1960
2 2684 2230
2 2508 675
1 1858 747
2 876 235
2 1867 61
1 1674 2167
3 811 146
2 2341 1068
3 1682 2408
1 2560 2630
1 1816 61
1 2564 487
2 1925 2205
1 2635 332
2 584 2251
1 2994 1706
2 2843 1435
1 1796 778
1 2558 385
3 95 549
3 523 2324
3 770 1877
2 1729 834
1 1954 2740
1 1895 802
2 1617 2785
2 2641 621
1 2637 2601
2 646 1617
1 640 1083
3 1812 2814
1 806 2288
1 497 1990
1 318 622
1 2806 394
3 2787 2020
3 2057 871
2 810 965
2 2058 333
3 1941 846
3 220 1276
1 1423 2011
1 2601 2160
1 1079 209
1 2182 2017
1 2980 836
3 671 2352
1 77 1229
3 1026 1308
2 2323 2623
2 1751 1124
2 469 1399
3 2642 1246
2 44 1985
1 649 2071
1 1906 1263
3 930 1626
3 2682 2980
1 2950 2644
2 69 1663
3 2625 1017
2 2939 759
2 224 2485
3 2841 2737
3 2427 1302
1 2516 432
2 840 1256
1 1016 1089
2 180 1558
3 2132 2853
3 224 1072
1 1432 2165
2 125 1008
3 1886 821
1 1209 1197
3 1814 2869
1 786 908
3 2605 1121
3 2217 1516
1 1908 926
2 446 2365
1 531 69
1 2720 557
1 621 1061
2 2651 1775
1 1474 1244
3 1454 1470
1 962 364
2 298 2287
1 1092 2284
3 928 990
2 476 2012
2 1396 96
1 2795 672
2 499 1953
3 2673 881
2 2524 842
1 1421 371
1 75 810
3 863 1372
3 2873 2924
2 23 738
3 2406 1531
3 2296 2920
1 2904 2186
3 1573 1161
3 2630 319
2 2038 2963
2 2742 2602
2 90 2547
3 1617 2510
2 2221 1530
3 817 1936
3 2243 1739
2 501 1741
2 2875 1136
2 914 395
3 1354 331
3 2745 517
3 2660 2396
3 639 2175
1 471 2055
1 440 2656
1 1584 2971
1 1802 2519
3 2245 2955
2 1447 2069
2 146 370
3 873 2494
2 171 2680
3 62 835
2 1680 1534
1 2309 1099
2 2230 186
2 2212 744
2 640 2836
3 1250 2667
3 67 796
3 2989 791
3 699 2966
2 498 1465
3 911 2701
3 855 828
2 1405 2454
1 2126 2965
2 2688 1950
2 772 2100
2 243 2
2 1738 2396
3 760 2441
1 606 748
3 578 1720
2 2852 2218
2 996 1755
1 455 1696
2 1610 2736
2 2383 1369
2 523 2670
1 1620 2517
2 907 413
1 779 2707
3 1992 1975
1 1964 1322
2 1991 2446
3 2650 2070
1 459 2660
1 36 2001
1 1191 317
2 442 1219
1 1562 391
2 47 957
1 1511 2440
3 1395 2003
3 1207 1226
3 1533 1926
2 243 1985
3 593 441
2 2587 1261
3 2848 1522
3 551 856
1 508 1072
3 1436 1968
3 301 778
2 961 884
2 2712 2920
1 73 22
2 2289 2195
2 1538 1957
3 2304 2073
3 2645 156
1 2678 2190
3 2845 36
1 2872 2248
1 2790 234
1 2101 270
2 851 1217
2 434 2424
1 2940 1549
1 2829 1761
3 2016 1858
2 728 323
2 1494 2349
3 1367 1883
1 1151 332
1 2096 399
1 1747 1699
2 275 1414
2 1715 1902
1 552 643
1 2860 1660
2 1566 1632
3 491 499
3 2710 2448
2 2946 849
1 2797 630
2 1208 2123
3 2306 2554
3 2207 1464
2 1874 2434
3 1593 747
3 2478 2699
1 249 1994
1 1564 1486
2 670 1229
1 1210 1985
2 2404 875
2 23 747
3 2540 1616
2 350 1436
1 1840 2077
1 2555 2483
1 526 1071
1 2215 1938
3 2313 1581
3 365 1684
3 796 1225
2 2218 2951
3 175 2992
1 1352 326
2 1647 1705
3 264 2565
3 2390 2539
3 1376 2292
3 441 1719
1 925 732
1 1922 1425
1 1825 2150
2 532 896
2 2505 2519
2 1629 1536
2 792 1925
3 730 952
1 204 927
2 174 1347
1 1569 2568
3 1183 2251
1 396 1444
1 2855 1376
1 555 2536
3 234 464
1 236 2643
2 925 1365
3 2515 802
2 2473 1365
1 1140 466
3 1999 1342
3 2308 673
3 2449 1066
2 1495 1647
1 1198 2179
1 1376 422
2 1043 1951
3 203 1306
2 2617 411
3 974 827
3 2414 2151
2 912 2013
3 1335 1335
2 858 613
2 2285 523
2 1768 1340
1 937 2365
2 506 2186
1 597 1837
2 1788 1652
2 2531 2587
2 2167 1748
2 1508 246
2 297 89
1 408 2913
2 2023 2284
2 237 2865
2 1154 826
2 796 2542
2 1555 2409
2 676 985
1 1976 2209
3 75 562
3 105 2894
1 308 1564
2 2631 2751
1 2065 2134
3 1440 502
1 2893 1105
1 1917 465
1 2077 936
3 100 597
3 1638 2121
2 710 756
3 1423 1026
3 397 55
3 2481 2725
1 2752 1825
1 922 2923
2 2826 981
3 1314 171
1 2897 920
2 482 2358
2 1020 2480
1 1833 1016
2 1999 2248
1 2928 1146
3 2254 2214
1 178 180
3 1979 2245
3 1436 1272
3 2139 998
1 2253 1645
3 2509 209
3 769 202
1 524 2116
2 1481 2850
1 2968 1410
3 1259 701
2 1931 1863
1 1251 2404
3 823 577
2 2034 536
1 2859 817
3 344 1853
1 2167 2760
2 464 181
1 1850 880
1 2085 2899
3 2935 2241
2 596 1539
1 1706 2939
2 1584 1135
3 851 1156
1 1285 2969
3 2505 2988
2 2140 2832
2 2468 1220
2 990 1143
3 2120 2267
2 1962 2053
2 683 1208
1 2082 1568
3 1773 437
2 1580 2437
2 2558 231
2 2162 2712
3 34 1199
3 1495 998
1 337 2762
1 2167 2651
3 1185 875
2 1670 2205
1 2561 2066
2 654 2930
3 1794 654
3 2181 1139
2 2782 318
2 1314 1354
2 736 180
3 108 1092
3 746 2244
1 2698 911
2 1619 137
3 1016 2616
1 2380 1934
2 2003 541
1 2345 1188
1 1907 2400
3 2145 2392
3 2183 233
2 2904 3000
2 2067 1689
3 45 1087
1 22 2374
1 895 226
2 1933 1434
2 709 724
1 1736 2585
1 139 2782
1 2898 1420
2 1080 2201
2 1073 1236
1 325 24
1 2163 572
1 1484 1110
2 2212 1293
1 1902 2342
3 966 2437
3 1268 526
1 2766 949
2 1000 1835
2 2045 2100
1 833 2121
2 1703 483
2 1112 2105
2 1844 1204
2 2556 740
2 2786 1421
2 1164 2571
1 848 662
3 709 885
1 371 1606
1 1153 665
3 2573 1391
3 596 861
1 658 1437
3 131 513
2 2736 2796
2 1237 494
2 1995 34
2 1962 1339
2 1127 2480
1 1857 2464
3 402 1071
2 533 2059
2 56 2898
1 1319 2184
2 2617 2114
1 2380 1375
1 2087 1856
2 1603 159
2 2773 2856
3 294 415
2 2632 1412
2 1029 967
2 1566 1222
2 1882 190
2 122 985
1 66 735
3 2338 2946
2 1901 1631
3 1187 2363
2 1555 987
3 885 1891
2 2221 199
1 29 2387
3 418 1489
2 2991 2192
1 2670 2631
1 135 886
1 1898 2086
1 873 1189
3 1307 2072
2 2364 2128
1 2849 347
3 126 2385
1 2019 809
1 621 1184
1 356 243
2 1719 2676
1 404 2875
3 1769 2238
3 2432 421
3 2687 2181
3 2381 2768
3 1583 306
1 1757 26
1 937 604
1 428 1526
2 788 893
1 1265 768
1 1440 419
3 192 300
3 723 2329
2 54 1306
3 1447 1860
1 484 960
3 354 852
1 1033 1255
1 308 586
3 647 320
3 823 1592
2 2248 916
1 2221 1671
2 1904 1368
2 2958 803
2 1215 2391
2 1868 1622
2 2528 1182
3 1778 2287
2 854 2813
3 1639 2609
1 2116 230
1 37 1680
3 799 1878
3 2628 1929
3 551 965
2 1827 1252
1 2493 985
2 637 550
2 884 1163
2 838 1543
3 1523 2877
3 2492 2994
1 533 1757
3 1649 530
1 1017 1549
3 2059 32
1 2687 1418
3 197 743
3 2570 1087
2 2018 841
1 2355 2593
3 2545 1472
2 2850 2002
3 2612 1080
2 1756 840
1 1134 1695
1 2225 1328
1 1769 318
2 2546 1643
2 2254 2875
2 1184 809
3 1947 1832
2 1521 401
2 2462 752
1 1403 2316
2 654 746
3 1771 847
1 337 2912
3 904 342
2 2132 498
3 2238 2289
1 31 929
3 2484 334
1 2998 2225
2 2053 1527
3 1338 1258
3 2843 220
2 2619 1603
3 364 877
2 1302 1762
2 1243 86
2 2561 2693
3 536 2868
3 483 1156
3 699 2198
2 2230 617
2 2855 106
3 1609 1666
2 1903 1813
3 1350 1365
1 2288 1170
1 665 997
3 1212 1403
3 2846 1162
3 1643 774
3 1909 2130
3 1341 2644
2 561 84
3 924 833
3 697 2155
2 1058 2810
1 1061 2043
2 165 2139
2 2547 406
1 1745 2068
2 1267 1714
2 2479 1642
2 33 13
3 756 260
2 733 2061
1 2469 661
3 1547 1105
1 795 1439
1 138 1599
1 1941 1991
1 1179 2478
1 756 501
1 335 347
1 1005 1492
1 2954 642
3 208 1527
2 406 2639
3 2016 834
1 2856 170
1 2698 2390
3 2962 2162
1 123 1352
3 653 2090
2 688 1377
1 569 1716
1 2560 2760
3 2658 1419
3 2705 1673
3 2287 1324
3 1627 137
1 142 2324
3 231 1041
2 87 2595
3 2547 323
2 1614 1461
3 2733 1937
1 1095 835
1 2622 1794
2 41 610
2 1042 1550
2 2010 272
1 1068 821
2 1992 2299
3 1340 2450
3 2920 434
1 1205 1
3 177 2553
2 1171 1854
1 2853 2445
1 1876 128
2 1346 1977
1 1243 2709
1 555 623
3 1128 308
2 2527 1391
3 967 1058
2 2412 476
3 1714 327
3 1460 2025
1 612 570
1 1632 1355
1 290 864
1 2352 1124
2 668 2453
2 1524 2259
2 2303 2354
2 2597 864
3 124 2986
3 1458 2797
2 1298 1468
1 82 1091
3 2547 2980
3 1463 2816
1 447 2663
3 729 66
2 2901 2172
1 1542 898
1 77 822
1 1598 1960
3 57 1463
1 2310 2805
1 1203 1557
1 1162 2783
2 2159 639
3 542 919
3 1216 1122
1 1707 1266
2 2912 2574
1 1533 2425
3 1120 472
3 1790 1358
2 2452 1489
2 1892 765
1 1844 1817
3 616 2815
3 2615 2753
2 2082 1526
3 277 2829
2 2574 1245
3 1824 2318
3 1655 849
2 2412 2348
3 1164 2279
2 451 2483
2 276 2136
1 2875 1983
3 2991 945
2 1875 1492
1 2943 1245
3 2713 48
3 1536 2703
1 1518 1671
3 1329 2962
2 211 2889
3 2523 1313
2 1996 2328
2 2803 1981
3 60 1098
1 1448 291
1 1827 1352
1 1574 219
2 422 288
1 2710 2789
3 984 1357
3 2301 2636
3 1640 939
3 212 2325
1 2540 731
1 1077 1153
3 1785 1957
3 497 486
1 1331 2302
2 1833 1299
3 157 2483
3 2113 2361
1 2146 1220
1 2745 247
1 740 597
3 1245 2521
2 1705 153
2 221 2269
1 2480 2066
1 2148 1189
1 2918 2816
1 98 1799
3 542 245
2 2416 1772
3 1195 2447
3 134 1583
1 337 830
2 260 480
1 150 1361
3 1839 407
2 1047 773
3 764 672
2 2243 832
2 1266 2325
3 2957 1196
1 2280 1062
1 1086 2647
2 257 537
3 1017 206
2 344 1657
1 76 2024
3 2037 1470
3 2620 1243
3 2369 530
3 2183 847
2 1322 598
1 352 976
1 2451 554
3 2570 1521
1 2224 345
1 1851 559
2 1009 1507
1 479 2047
3 947 1924
3 1379 369
1 223 2666
3 2501 2799
2 300 2528
1 2310 2006
2 1575 299
1 1158 2558
2 2917 596
2 2296 1900
3 1292 1719
2 166 113
2 1481 975
1 1800 1316
3 2992 1536
2 5 1018
2 2267 2470
2 1695 2916
1 1919 1431
2 2612 1709
3 2294 2231
1 341 2945
1 141 249
1 2500 301
2 1507 2586
2 1798 1516
2 775 5
1 2622 1252
3 373 2038
3 1722 2138
2 1221 143
1 2872 979
3 1104 2268
1 1276 974
3 2916 485
1 1999 2725
1 2185 663
3 839 2998
2 2507 89
2 1884 586
2 1362 35
2 209 401
3 1075 1248
3 586 1917
1 2404 1980
1 2567 2133
2 1944 2575
3 1379 590
1 1557 2077
1 1024 475
2 362 353
2 1817 2680
3 2400 2070
2 1705 132
3 2392 1283
2 2645 470
1 2525 1358
3 1437 2837
1 419 73
1 650 564
3 2732 1758
1 159 766
2 218 2047
1 956 886
2 1999 261
2 1937 1876
3 286 703
3 867 2533
3 562 1903
2 290 1266
2 1636 2808
3 1168 1248
3 2618 1749
1 1205 801
1 1042 1821
3 2691 1265
2 1752 2774
1 1772 2772
2 2350 1517
3 143 852
2 1214 2679
3 2942 1178
1 366 689
2 2317 372
3 2889 768
3 2245 1981
1 660 93
2 1745 2331
1 857 2237
3 1978 1700
3 2186 238
3 1896 12
2 2066 243
3 2795 806
3 605 1493
2 409 1883
2 1936 1438
1 1271 1089
2 1272 2166
2 2012 1304
1 567 1537
3 5 939
3 438 1414
3 1617 1278
2 562 1043
3 729 1985
1 831 134
2 2837 478
3 1597 75
3 1326 1092
1 2240 879
3 287 1928
2 1617 2140
2 2254 2284
2 2731 1693
3 2878 324
3 1938 883
3 2288 41
2 2294 2002
1 1444 2198
2 1740 1986
3 1670 1524
2 2195 1375
3 1835 466
3 1820 198
2 2678 2911
2 1328 2509
1 2005 2675
3 1793 1024
3 2829 1364
3 1510 242
3 2728 164
3 375 291
1 843 1680
2 2100 2890
3 120 1384
3 1178 1403
2 1133 2900
1 1381 933
1 2767 2279
3 1524 2707
1 1104 309
1 1687 3000
2 710 1417
2 1689 2275
1 2218 1201
3 1754 155
1 2411 162
1 1087 2616
1 2931 1885
2 654 1265
3 2512 1201
3 22 364
1 1331 779
2 2192 2374
1 1424 2186
3 1220 2037
2 1408 1569
1 2069 1297
3 19 155
3 2367 1749
2 847 77
3 2295 1195
3 2827 1907
1 2929 2084
3 37 1637
2 543 1275
1 234 2570
1 1608 770
1 2413 1209
2 1999 256
2 2358 2100
2 1300 1199
2 1259 914
2 1286 1263
3 480 288
1 2998 2590
3 2041 2775
1 2279 272
2 1726 1046
3 299 2596
2 519 1630
3 549 2557
3 2123 1495
2 2467 796
3 2248 1883
2 216 1385
1 57 179
3 2597 1749
2 290 1912
2 2528 1161
2 2400 1394
2 1176 2629
2 1788 135
3 600 2303
1 879 2661
3 1130 2553
2 2601 243
3 1696 1015
2 2313 1049
3 2552 1367
3 1776 2406
3 493 2076
3 1943 2438
3 795 371
3 1725 2174
3 1447 1328
3 1113 1260
3 740 1341
2 1658 1820
2 1820 1118
2 2821 1950
2 1429 2784
2 1239 710
1 2246 1056
1 983 1373
3 2637 945
1 2892 677
2 2506 1407
1 2060 2502
1 1393 1409
3 1354 2706
3 1111 1599
3 2510 238
2 2221 2639
2 1967 1817
3 702 165
2 2315 2023
2 2366 1865
1 2271 952
3 2545 1998
2 2825 2047
2 2816 2700
1 621 1872
3 2830 241
1 2318 366
2 1780 1454
2 1704 2215
3 2285 525
1 929 1991
1 478 1699
1 2373 1013
2 1127 235
1 789 2322
2 454 1298
2 1221 894
2 580 1017
2 2449 1034
2 2834 554
3 468 1849
2 1685 146
1 474 2965
2 685 1223
1 1158 1041
2 1499 2010
3 2135 2576
2 2843 274
2 2676 2864
1 2437 2163
2 2962 1098
2 983 215
2 1430 4
1 2773 788
1 357 1849
2 1120 1903
3 386 1823
1 1578 1907
3 2997 580
1 2211 232
3 2068 1015
1 1172 2616
3 2831 2763
2 2323 1289
2 608 701
3 2952 1092
3 46 2469
2 2856 1168
1 267 952
1 1226 1914
1 2208 616
3 31 2464
3 2673 2128
1 1499 1289
1 1191 2193
1 1546 1906
2 1472 1668
1 2008 2307
1 2710 284
2 174 735
2 1229 1863
3 709 1645
1 1715 1443
2 2626 2703
1 1569 2832
1 260 1082
1 565 1032
1 258 1398
1 2338 2077
3 1641 554
2 175 1072
1 480 508
2 584 1910
3 2705 2121
2 229 2402
3 826 1540
2 2078 591
2 1682 860
2 807 2830
2 745 1681
2 1090 2664
3 2340 348
1 1119 2147
1 914 2059
1 154 516
2 2998 1568
2 1104 753
1 1857 2529
1 605 2057
3 1835 530
2 793 1835
1 2548 2593
2 2479 2373
1 887 2585
2 116 278
3 2780 297
2 1669 2948
2 989 1164
2 2943 2868
3 2273 2031
2 2187 1097
2 1063 2058
2 574 2953
2 2356 2070
3 2322 1908
3 85 225
3 1725 2257
3 218 767
1 1933 1926
3 2698 1576
3 2298 1919
2 1811 2868
2 1491 2595
3 2865 2650
3 2009 2473
3 668 631
1 2242 976
2 812 1798
3 519 1432
2 285 1622
3 738 1290
1 857 1530
2 1387 565
1 901 291
2 2100 655
1 1194 412
3 359 2289
2 2524 752
2 2337 282
2 1604 942
1 2121 2452
1 2215 1308
3 1717 628
1 102 1883
3 1387 515
2 2116 1493
1 2685 1891
2 172 580
1 2405 295
1 2011 1548
3 1845 356
2 1194 2668
1 561 2039
1 180 1375
2 1961 640
3 373 2128
2 2444 124
3 162 2623
1 743 1926
1 1674 2520
3 647 2208
2 1221 2882
3 1651 2480
3 1163 2460
3 1409 104
3 2705 2952
2 2445 103
3 868 1365
1 1003 674
3 1482 867
1 2721 2771
1 2235 2178
2 1066 2061
2 737 1884
3 2819 1597
3 581 1237
3 2898 1421
1 2362 1850
1 317 1089
1 1750 2627
1 1727 600
1 929 1671
3 1461 872
3 2966 304
3 1729 253
1 78 2125
3 646 1947
2 2091 695
3 1875 2685
3 303 2503
3 2077 2749
2 1098 489
3 2272 750
1 822 2003
3 1600 2238
1 70 1649
2 2214 254
1 2125 683
1 1277 302
3 2278 221
2 2149 1197
3 2914 554
1 2404 2599
1 166 2423
3 483 1909
1 2295 531
1 337 1461
3 1608 2912
2 1716 46
3 1822 2751
3 466 541
3 1730 2503
1 2307 2851
2 563 1966
3 30 450
2 988 1839
3 1993 718
1 330 731
2 575 2651
1 1385 1237
2 132 2726
1 2191 1411
1 1347 807
3 157 2789
3 25 387
3 257 1458
2 2767 50
2 2734 2254
1 1824 1386
1 556 1068
3 1603 1302
3 1156 574
3 1681 2454
2 991 2862
1 2943 2433
1 1046 553
1 2169 616
3 2958 1296
2 93 1726
2 1968 447
1 1369 2127
3 1939 2180
1 205 2423
3 2629 963
3 963 2788
1 554 2655
2 2617 2768
3 279 1374
2 787 1053
2 1341 2080
2 648 2488
3 1365 2917
2 1378 703
1 1876 354
2 1028 2429
1 2027 1746
1 408 1833
3 679 99
2 2163 1728
1 488 1982
3 2186 2058
1 265 554
1 1913 1739
3 2617 1687
3 2037 859
1 2819 2265
2 468 2454
3 2208 271
3 339 633
2 1670 1349
1 430 1870
1 1700 769
1 485 709
3 647 1211
2 885 2962
1 423 187
2 2453 1921
1 1575 1696
1 1559 679
3 751 1173
2 526 910
3 1334 1593
2 2425 364
3 166 306
2 2851 2062
1 750 505
2 1032 894
2 790 2249
1 803 208
3 1563 445
2 1290 2583
1 1693 1317
1 2819 1565
1 2369 1130
3 546 31
1 1565 2443
1 785 1580
2 2569 2138
2 1380 1041
2 1120 817
1 1019 1184
2 1819 936
3 2129 1599
2 1009 1812
3 492 564
2 932 160
2 2386 1194
1 2510 2321
1 1261 2938
1 2383 2474
3 1053 1623
2 1819 193
3 579 541
1 392 9
3 2667 1852
1 254 2502
3 1087 2887
3 741 1466
1 2937 1473
3 951 1626
3 2876 1776
3 2094 2139
1 1042 2219
1 261 1201
2 1130 472
2 2175 77
2 2405 1489
2 1133 1769
2 2115 2236
3 1832 199
2 834 11
1 2198 40
3 1439 911
2 2642 1228
3 2443 36
3 1670 743
2 2332 1925
2 98 376
1 1144 1031
2 2439 1462
2 24 1616
2 507 2987
2 2794 2691
2 2833 1288
3 16 255
2 2725 481
1 2173 318
2 2405 1843
2 2237 305
1 1849 232
2 842 730
2 1571 2036
2 10 2487
2 509 2737
3 2740 1929
1 177 2203
1 2707 842
3 2256 1451
3 2305 982
1 1037 2253
1 1952 329
1 2860 202
1 154 2850
3 714 2947
1 225 1304
2 2675 1391
3 14 2646
3 418 2579
3 1750 964
3 2335 2608
3 988 1812
1 1947 1672
2 1736 1698
1 60 571
3 1890 1111
3 1063 2256
3 1027 789
3 969 2450
1 2860 2105
3 1496 1403
1 1624 902
3 981 2703
3 1165 97
3 2692 834
1 83 856
3 198 2733
3 1 2561
2 373 1903
1 2126 2404
3 1124 164
3 705 2677
1 604 2476
1 1043 1465
3 1922 363
2 2569 527
2 1101 1148
3 600 2170
3 1672 1050
2 2016 972
1 1055 512
3 577 2490
2 1909 192
1 1854 1360
1 2877 1104
1 780 1015
3 1570 2440
2 818 1860
1 2295 2342
3 1744 1309
1 1157 839
2 1542 1033
1 1844 2330
1 246 2571
3 1539 887
2 1990 939
2 896 1788
3 2786 800
1 758 2440
3 688 1987
1 1541 2533
2 2641 1613
2 1122 2505
3 2305 2780
2 165 2934
1 2925 1586
2 2474 545
1 2655 1015
3 499 769
1 981 3
2 2209 997
2 2232 2838
3 2591 2263
3 1323 2135
2 2780 2702
3 1332 388
3 903 1439
2 2043 2241
1 1896 2707
1 2900 1511
2 2521 2356
3 1077 1056
2 1295 980
2 1740 2646
1 2696 2612
3 983 1591
3 92 461
3 2313 1844
1 102 1893
1 2272 1922
2 1822 1556
2 1205 2096
3 321 2218
1 2886 2068
2 2626 1882
1 2824 2206
1 1469 1000
1 2936 2257
1 2096 652
3 153 2688
2 1478 61
3 2414 2648
2 2402 405
2 2750 55
2 1868 2874
1 911 2145
3 2450 2525
2 1363 2321
3 2834 2684
2 88 863
3 2900 2069
2 266 1830
1 701 62
3 2087 2967
2 507 2034
3 2626 430
2 2651 665
1 2159 1069
3 92 804
2 1236 1833
2 767 878
3 2995 1292
1 1784 1839
1 226 2538
2 901 1314
2 209 1409
1 2374 1179
1 288 2353
1 1428 2928
1 425 594
3 929 1960
3 1084 705
1 1443 324
2 2197 2853
2 1363 1664
1 2643 2033
2 345 830
2 2624 981
2 2657 1338
1 693 2390
2 2001 931
1 971 1287
1 2472 1438
2 1090 2143
3 503 1713
1 372 1136
1 2268 304
3 1170 382
1 1925 2196
1 873 118
1 2126 768
2 638 739
3 689 225
1 1322 959
1 1210 1432
1 2257 11
3 939 2832
1 2867 1432
2 481 39
1 2240 287
3 880 552
1 2552 173
3 2411 1133
3 1354 685
3 2802 2367
3 786 1259
3 1139 1534
2 734 2114
2 952 133
1 473 98
3 291 2043
2 334 1544
3 1249 1673
2 889 1290
1 2671 326
3 2666 1919
2 984 450
2 2653 2537
3 1428 2330
2 1032 171
2 2835 2573
1 1395 585
3 725 607
1 2282 796
2 2830 1763
2 1798 1478
2 2906 2134
2 2081 2066
2 649 1117
2 2595 2899
3 991 966
3 1358 2519
3 25 1119
1 2463 2900
1 2900 1961
3 544 1089
1 2081 710
2 2456 1293
2 1266 1978
3 335 2759
1 1469 1201
3 2317 939
2 311 1607
3 1893 588
2 2574 1389
2 2248 2621
1 2344 958
2 848 1239
3 487 1373
2 1712 2556
2 882 982
3 2167 1643
3 2659 1492
2 1760 2416
3 2446 2866
1 1110 553
1 439 2755
1 2400 1838
3 1638 2422
2 1599 2571
1 1815 1880
2 896 1826
2 1853 646
1 2095 680
3 568 2926
1 1120 1464
1 268 1166
1 2467 593
2 469 181
1 1009 2214
1 133 2364
2 1968 1639
3 756 655
1 2347 2732
2 1007 1822
2 1102 938
1 1006 2103
3 2291 1113
2 1884 1717
2 16 2273
1 1125 1850
3 1831 2052
3 2318 859
2 315 2007
2 2191 2495
2 1215 2290
3 161 1536
3 655 2631
2 1014 674
3 2394 2443
1 1332 44
2 2793 2399
1 403 1217
2 1708 2303
2 743 954
1 1437 2428
1 531 589
1 1732 830
1 2578 1399
3 2133 77
1 1669 5
1 2720 909
2 2066 2572
2 493 1218
1 367 1972
2 195 155
1 2671 2585
1 1353 2545
3 125 2335
1 29 1715
1 2357 1675
3 2796 2940
3 2490 2068
2 1753 706
3 513 1962
3 2808 1543
3 2816 1652
2 724 2780
1 2542 1889
3 2734 133
1 79 2647
2 2512 376
1 2446 196
2 1320 1462
2 2205 680
2 403 1277
2 1476 1984
2 48 2157
1 301 2045
2 1207 2368
1 343 1161
2 595 1358
2 256 2442
2 387 2304
1 2131 332
3 1220 271
3 1754 416
2 2203 1739
1 1755 300
2 2329 1717
1 819 633
2 2734 2817
1 2437 295
2 1505 524
2 2201 1016
3 1721 1799
2 1123 990
1 2139 2184
2 1665 2516
2 718 2748
2 2434 1981
2 2213 2389
1 1266 2856
1 2100 1721
2 2303 2774
3 2849 1653
3 2329 1574
1 2328 1851
2 2202 1076
1 2488 2705
1 815 2260
2 1843 900
1 2627 2939
3 802 2901
1 919 7
1 2086 635
2 2812 923
2 2282 2315
1 2986 1940
1 158 2795
2 1487 2226
2 1155 677
3 725 6
2 1941 1657
2 2446 1428
2 1071 2427
3 1360 1345
2 976 1555
1 832 777
2 588 2016
3 2854 1694
2 1045 1085
3 1758 1224
3 2684 2735
1 2043 936
2 2933 448
2 1794 432
1 1756 640
2 1106 969
2 2026 1056
3 21 1280
2 1535 1263
1 2395 1057
2 2714 2436
1 1397 1719
3 1339 2783
2 819 2848
2 2368 2012
3 1578 1255
2 90 420
2 1667 972
3 1007 2840
3 2366 2241
1 1530 1534
1 1409 1372
1 1434 2053
2 2012 2536
1 2160 905
1 1098 2524
3 250 1850
1 1974 2688
1 2247 939
1 1283 124
2 1982 2798
1 1437 88
3 1407 298
3 2848 727
1 2473 1326
3 2024 1397
2 620 679
2 64 2644
2 2356 1688
3 505 2314
1 1446 1887
1 1871 305
3 1923 1208
2 208 175
2 999 2722
2 2124 474
1 852 1601
3 1168 1016
1 454 1332
2 2941 1085
3 2333 1014
2 2163 2520
3 1109 1385
2 548 2678
2 443 2972
3 1044 153
1 836 790
1 651 838
2 2115 901
3 1469 1258
2 97 1263
2 389 2412
2 2703 1588
2 604 507
2 2962 319
2 1571 1687
3 867 2748
1 2576 2361
1 853 267
1 652 2655
2 2098 748
3 404 840
2 2571 103
2 351 2565
3 906 2000
3 933 1376
2 1493 1428
1 1500 456
3 628 1988
3 307 755
1 625 866
1 2996 194
3 399 2528
2 1216 2539
1 2099 1888
3 2830 1727
3 421 557
2 2073 2890
2 993 1166
1 2968 2741
2 2510 2395
1 1941 130
1 2171 2590
2 1911 2816
2 1122 1874
2 1519 1080
2 2263 1191
2 1033 1148
1 1634 205
3 2450 2660
1 823 1497
2 736 1568
3 1677 1254
1 1015 1633
1 2269 2722
1 1770 221
3 14 1025
2 199 2969
2 1080 256
1 86 1628
1 2724 1941
1 2490 2907
1 1889 2655
2 687 1999
2 1436 2462
1 353 2322
2 2566 488
1 2348 2302
3 1411 1346
1 1520 2367
3 776 1275
1 1882 827
3 2134 2564
3 149 2190
3 1658 2750
3 1119 58
3 1238 1540
1 904 1766
2 2013 1283
3 2607 2050
3 385 1841
3 756 1607
2 1699 1987
3 766 201
1 2182 466
2 2381 2465
1 1354 1298
1 2921 1546
2 1273 1767
2 2599 170
1 2231 423
2 982 1388
3 1466 2597
1 2945 1250
2 625 811
3 497 1136
2 1708 334
1 187 563
