708955028
1198650997
817748435
799903978
-717526894
1485064383
-1055307487
-2776556412
1573549519
-898555949
-2994122951
1057196818
1346480425
685736085
-1362958750
-4395318190
-4395318190
-325770045
275928011
1429438972
-321386083
-5852068893
-4132254811
-505028392
-2743003954
-3586223022
-2428361439
-3187773031
-2968160129
166477612
2916772162
1373053975
-2005048702
-1942583571
608170837
-770202048
1217572766
1414767278
1465269033
1290900467
147615783
210190214
2828959828
-1590454795
-2012497839
989229
1152023098
-2235404550
-2518104271
-3919093777
-883497380
-42655514
1061899130
2935066561
-540933503
-2836964906
-1276872468
-154919896
-1814235126
-2202061876
271284251
2086221906
-874984383
-1939842789
2268372380
250588093
125426195
1390892922
2877587204
1146868000
988173956
1546860464
817830423
429472731
923753105
799681087
-980199440
