100
100
331
859
2055
4743
10743
24055
53431
117943
258999
566199
1232823
2674615
5783479
12468151
26804151
57474999
122945463
262406071
558890935
189792182
524287925
348127154
310378412
880803744
352321413
16777037
922746585
167771619
50330593
679475118
822079205
176151690
620738109
201287263
159301628
511534498
771396923
762625012
409507406
474964102
43718497
833534138
290340929
75338791
641481716
276330544
552379191
138940654
408715469
212816802
478573548
592630430
513678846
797340726
366208658
731571489
384184801
448897687
941007436
338017794
316665219
380615582
189608936
101832810
382370004
592609159
780121812
628381069
147942368
586300302
780075903
824879517
278768755
11154329
326004064
59345137
526234171
62074202
521862447
606691581
869126870
112873191
92471192
163897775
776717947
438570932
611458619
626666767
929309056
951033451
566070596
416739038
321121698
456182220
221056615
417615413
507737872
801739622
62017939
