0 1
1 2
2 3
3 4
4 5
5 6
6 7
7 8
8 9
9 10
10 11
11 12
12 13
13 14
14 15
15 16
16 17
17 18
18 19
19 20
20 21
21 22
22 23
23 24
24 25
25 26
26 27
27 28
28 29
29 30
30 31
31 32
32 33
33 34
34 35
35 36
36 37
37 38
38 39
39 40
40 41
41 42
42 43
43 44
44 45
45 46
46 47
47 48
48 49
49 50
50 51
51 52
52 53
53 54
54 55
55 56
56 57
57 58
58 59
59 60
60 61
61 62
62 63
63 64
64 65
65 66
66 67
67 68
68 69
69 70
70 71
71 72
72 73
73 74
74 75
75 76
76 77
77 78
78 79
79 80
80 81
81 82
82 83
83 84
84 85
85 87
86 88
87 89
88 90
89 91
90 92
91 93
92 94
93 95
94 96
95 97
96 98
97 99
98 100
99 101
100 102
101 103
102 104
103 105
104 106
105 107
106 108
107 109
108 110
109 111
110 112
111 113
112 114
113 115
114 116
115 117
116 118
117 119
118 120
119 121
120 122
121 123
122 124
123 125
124 126
125 127
126 128
127 129
128 130
129 131
130 133
131 134
132 135
133 136
134 137
135 138
136 139
137 141
138 142
139 143
140 144
141 145
142 146
143 147
144 148
145 149
146 150
147 151
148 152
149 153
150 154
151 155
152 157
153 158
154 159
155 160
156 161
157 162
158 163
159 164
160 165
161 166
162 167
163 168
164 169
165 170
166 171
167 172
168 173
169 174
170 175
171 176
172 177
173 178
174 179
175 180
176 181
177 182
178 183
179 186
180 187
181 188
182 190
183 191
184 192
185 193
186 194
187 195
188 196
189 197
190 198
191 199
192 200
193 201
194 202
195 203
196 204
197 205
198 206
199 207
200 208
201 209
202 210
203 211
204 212
205 213
206 214
207 215
208 216
209 217
210 218
211 219
212 220
213 221
214 222
215 223
216 224
217 225
218 226
219 227
220 228
221 229
222 230
223 231
224 232
225 233
226 234
227 235
228 236
229 237
230 238
231 242
232 243
233 244
234 245
235 246
236 247
237 248
238 249
239 250
240 251
241 252
242 253
243 254
244 255
245 256
246 257
247 258
248 259
249 260
250 261
251 262
252 263
253 264
254 265
255 267
256 268
257 269
258 270
259 271
260 272
261 273
262 274
263 275
264 276
265 277
266 278
267 279
268 280
269 281
270 282
271 283
272 284
273 285
274 286
275 287
276 288
277 289
278 290
279 291
280 292
281 293
282 294
283 295
284 296
285 297
286 298
287 299
288 300
289 303
290 304
291 305
292 306
293 307
294 308
295 309
296 310
297 311
298 312
299 313
300 314
301 316
302 317
303 318
304 319
305 320
306 321
307 322
308 323
309 324
310 326
311 327
312 328
313 329
314 330
315 331
316 332
317 333
318 334
319 335
320 336
321 337
322 338
323 339
324 340
325 341
326 343
327 344
328 345
329 346
330 347
331 348
332 349
333 350
334 351
335 352
336 353
337 354
338 355
339 356
340 357
341 358
342 359
343 360
344 361
345 362
346 363
347 364
348 365
349 366
350 367
351 368
352 369
353 370
354 371
355 372
356 373
357 374
358 375
359 376
360 377
361 378
362 379
363 380
364 381
365 382
366 383
367 384
368 388
369 389
370 392
371 393
372 394
373 395
374 396
375 398
376 399
377 400
378 401
379 402
380 403
381 404
382 405
383 406
384 407
385 408
386 409
387 410
388 411
389 412
390 413
391 414
392 417
393 418
394 419
395 420
396 422
397 423
398 424
399 426
400 427
401 428
402 429
403 430
404 431
405 432
406 433
407 434
408 435
409 436
410 437
411 438
412 439
413 440
414 441
415 442
416 443
417 444
418 445
419 446
420 447
421 448
422 449
423 450
424 451
425 452
426 453
427 454
428 455
429 456
430 457
431 458
432 459
433 460
434 461
435 462
436 463
437 464
438 465
439 466
440 467
441 469
442 470
443 471
444 472
445 474
446 475
447 476
448 477
449 478
450 479
451 480
452 481
453 482
454 483
455 484
456 485
457 486
458 487
459 488
460 489
461 490
462 491
463 492
464 493
465 494
466 496
467 497
468 498
469 499
470 500
471 501
472 502
473 503
474 504
475 505
476 507
477 508
478 509
479 511
480 512
481 513
482 514
483 515
484 516
485 517
486 518
487 519
488 520
489 523
490 524
491 525
492 526
493 527
494 528
495 529
496 530
497 532
498 537
499 538
500 539
501 540
502 541
503 542
504 543
505 544
506 545
507 546
508 547
509 548
510 549
511 550
512 551
513 552
514 553
515 554
516 555
517 556
518 557
519 558
520 559
521 560
522 561
523 562
524 563
525 564
526 565
527 566
528 567
529 568
530 569
531 570
532 571
533 572
534 573
535 575
536 576
537 577
538 578
539 579
540 580
541 581
542 582
543 584
544 585
545 586
546 587
547 588
548 589
549 590
550 591
551 592
552 593
553 594
554 595
555 596
556 597
557 598
558 599
559 600
560 601
561 602
562 603
563 607
564 608
565 609
566 610
567 611
568 612
569 613
570 615
571 616
572 617
573 618
574 619
575 620
576 621
577 622
578 631
579 632
580 633
581 634
582 635
583 636
584 637
585 638
586 639
587 640
588 641
589 642
590 643
591 644
592 645
593 646
594 647
595 648
596 649
597 650
598 651
599 652
600 653
601 654
602 655
603 656
604 657
605 658
606 659
607 660
608 661
609 662
610 663
611 664
612 665
613 666
614 667
615 670
616 671
617 672
618 673
619 674
620 675
621 680
622 681
623 683
624 684
625 685
626 686
627 687
628 688
629 689
630 690
631 692
632 693
633 694
634 695
635 696
636 697
637 698
638 699
639 700
640 701
641 706
642 707
643 708
644 709
645 710
646 711
647 712
648 713
649 714
650 715
651 716
652 717
653 718
654 719
655 720
656 721
657 722
658 723
659 724
660 725
661 726
662 727
663 728
664 729
665 730
666 731
667 732
668 733
669 734
670 735
671 737
672 738
673 739
674 740
675 741
676 742
677 743
678 744
679 746
680 747
681 748
682 749
683 751
684 752
685 753
686 754
687 755
688 756
689 757
690 758
691 759
692 760
693 761
694 762
695 763
696 765
697 766
698 768
699 769
700 770
701 771
702 772
703 773
704 774
705 775
706 776
707 777
708 778
709 779
710 780
711 781
712 782
713 784
714 785
715 786
716 787
717 788
718 789
719 790
720 791
721 792
722 793
723 794
724 795
725 796
726 797
727 798
728 807
729 808
730 809
731 810
732 811
733 812
734 813
735 814
736 815
737 816
738 817
739 818
740 819
741 820
742 821
743 823
744 824
745 825
746 826
747 827
748 828
749 829
750 830
751 831
752 832
753 833
754 834
755 835
756 837
757 838
758 839
759 840
760 841
761 842
762 843
763 844
764 845
765 846
766 847
767 848
768 849
769 850
770 851
771 852
772 853
773 854
774 855
775 859
776 860
777 861
778 863
779 864
780 865
781 866
782 867
783 868
784 870
785 871
786 873
787 874
788 875
789 876
790 877
791 878
792 879
793 880
794 881
795 882
796 883
797 884
798 885
799 889
800 890
801 891
802 892
803 895
804 896
805 897
806 898
807 899
808 900
809 901
810 903
811 904
812 905
813 906
814 907
815 908
816 909
817 910
818 911
819 912
820 913
821 914
822 916
823 917
824 918
825 919
826 921
827 922
828 923
829 924
830 925
831 926
832 927
833 928
834 929
835 930
836 931
837 932
838 933
839 934
840 935
841 936
842 937
843 938
844 939
845 940
846 943
847 944
848 945
849 947
850 948
851 952
852 953
853 954
854 955
855 956
856 958
857 959
858 960
859 961
860 962
861 963
862 964
863 966
864 967
865 968
866 969
867 970
868 971
869 973
870 974
871 975
872 976
873 977
874 979
875 980
876 981
877 982
878 985
879 986
880 987
881 988
882 989
883 990
884 991
885 992
886 993
887 994
888 995
889 996
890 997
891 1002
892 1003
893 1004
894 1005
895 1006
896 1007
897 1008
898 1009
899 1010
900 1011
901 1012
902 1013
903 1014
904 1016
905 1017
906 1018
907 1019
908 1020
909 1022
910 1023
911 1024
912 1026
913 1027
914 1028
915 1029
916 1030
917 1031
918 1033
919 1034
920 1035
921 1037
922 1038
923 1039
924 1041
925 1042
926 1043
927 1044
928 1045
929 1046
930 1047
931 1048
932 1049
933 1050
934 1051
935 1052
936 1054
937 1055
938 1056
939 1057
940 1058
941 1059
942 1060
943 1061
944 1062
945 1063
946 1064
947 1065
948 1066
949 1067
950 1068
951 1069
952 1070
953 1071
954 1072
955 1073
956 1074
957 1075
958 1076
959 1077
960 1078
961 1079
962 1080
963 1081
964 1082
965 1083
966 1084
967 1085
968 1086
969 1087
970 1088
971 1089
972 1091
973 1092
974 1093
975 1094
976 1096
977 1097
978 1098
979 1100
980 1101
981 1102
982 1103
983 1107
984 1108
985 1109
986 1110
987 1111
988 1113
989 1114
990 1115
991 1116
992 1117
993 1118
994 1119
995 1120
996 1121
997 1122
998 1123
999 1124
421
30
389
119
115
319
787
934
477
446
128
372
33
243
246
204
529
398
27
176
47
142
643
398
18
70
872
791
486
472
78
39
330
425
3
181
374
9
387
85
496
271
10
81
219
728
72
211
629
187
386
178
92
856
352
156
400
23
316
323
590
428
245
564
103
547
155
262
327
329
643
718
728
693
134
689
175
131
332
390
74
213
108
869
90
391
137
107
612
425
981
46
173
466
2
69
81
299
23
171
537
341
406
701
1006
545
476
5
323
360
471
680
527
390
791
608
606
391
459
145
368
12
73
733
50
132
148
335
211
347
8
537
694
403
81
69
678
432
271
316
614
788
16
77
781
522
24
334
31
258
762
963
332
197
741
611
242
321
165
565
491
13
525
275
162
77
423
377
212
180
222
369
150
40
161
709
251
139
296
252
277
157
69
142
154
1017
50
715
86
855
172
745
69
203
546
284
1014
85
681
57
892
118
94
628
267
327
795
99
873
100
404
176
707
673
84
200
17
9
381
468
48
265
595
515
7
22
400
399
870
332
284
562
193
426
116
777
174
397
100
554
761
402
131
508
1017
729
38
69
145
175
228
184
324
267
799
35
189
745
167
46
719
498
233
43
874
128
512
157
893
303
29
759
225
407
630
170
182
462
166
1040
163
620
290
289
99
342
116
62
560
629
610
58
266
283
157
24
441
349
487
650
520
178
189
307
53
257
355
331
635
473
484
806
44
468
238
363
163
182
158
431
48
726
427
1017
394
303
688
223
5
28
65
312
575
220
200
512
228
159
37
591
574
717
103
400
54
205
125
319
228
589
560
518
105
35
14
222
450
39
536
189
112
214
29
692
133
7
6
830
709
1039
645
288
14
682
48
498
334
107
43
217
90
92
14
168
207
613
291
982
18
173
153
25
414
538
225
75
408
435
421
7
707
269
560
150
591
150
52
108
197
597
33
276
105
908
270
33
22
605
11
100
471
558
413
800
27
217
694
461
189
896
698
5
661
43
157
588
64
784
765
1075
165
859
357
340
76
811
745
97
264
1000
481
690
565
138
323
742
739
36
295
131
140
786
289
281
364
727
209
276
634
549
539
191
179
449
178
783
576
663
525
404
824
416
235
560
591
12
612
903
124
653
274
240
651
360
268
1067
30
189
99
498
8
612
667
16
178
678
682
588
30
70
59
60
39
840
177
455
270
480
520
54
796
83
217
538
576
226
664
405
17
422
125
20
144
473
734
392
395
195
202
597
41
514
7
338
445
576
105
4
161
310
556
506
33
582
954
260
23
252
256
307
647
834
103
188
766
882
432
498
338
1026
276
158
17
39
540
318
970
182
961
205
1
236
253
37
159
677
222
404
265
382
444
652
240
83
322
7
7
403
392
124
370
498
553
99
259
205
414
278
384
159
695
541
70
558
224
902
384
331
204
243
102
417
758
50
160
5
684
176
595
519
392
193
813
499
469
29
50
98
401
664
396
55
158
58
745
108
637
656
95
537
94
270
788
168
861
555
20
828
285
83
176
466
475
1028
398
280
283
132
354
203
284
11
119
475
866
578
405
93
33
421
74
332
228
686
575
730
94
897
519
995
144
390
815
248
40
166
259
807
371
30
152
78
85
523
458
802
818
499
84
130
284
363
19
182
79
254
316
39
259
269
191
439
438
196
16
254
732
133
66
727
106
528
535
7
102
13
25
602
550
155
15
182
851
139
67
774
326
126
215
338
502
155
144
206
118
566
487
335
24
141
109
820
964
276
7
158
350
219
941
5
205
331
135
121
243
223
61
76
176
375
22
20
561
254
101
229
336
138
859
68
814
83
804
260
9
100
189
741
468
37
687
172
732
122
80
336
262
170
139
52
967
754
541
838
401
205
141
284
330
134
135
394
251
278
161
244
876
217
218
420
360
560
379
64
136
576
297
329
412
120
256
447
192
703
108
205
397
268
261
633
614
95
166
516
79
244
631
481
262
22
526
84
149
239
157
661
758
716
651
725
206
504
189
1017
446
194
185
390
942
627
653
125
505
308
89
246
148
704
39
218
441
645
752
752
87
355
54
684
11
101
722
582
135
72
1003
369
503
5
102
323
131
51
44
645
239
119
599
289
31
107
860
535
900
682
272
148
93
256
505
304
819
65
153
253
417
134
712
284
884
55
467
157
188
40
375
445
641
223
485
547
466
56
717
130
426
105
743
234
521
331
334
733
102
455
283
348
371
823
65
350
334
368
566
343
654
370
369
213
281
22
191
343
701
60
496
420
357
532
405
274
69
210
229
418
632
741
97
964
376
204
