0 10
18 70
64 57 25 47 66 33 1 31 38 41 30 65 50 3 34 19 55 37
18 70
58 9 17 28 33 1 42 29 59 64 20 32 43 30 5 27 20 14
18 70
2 60 24 61 41 7 10 6 11 23 6 13 9 3 45 21 10 58
18 70
62 53 47 7 67 28 42 54 65 50 25 38 22 43 43 59 66 49
18 70
51 29 46 61 47 10 44 18 39 48 23 69 46 10 18 44 29 53
18 70
39 45 55 61 8 32 5 10 62 39 35 4 69 19 49 4 68 18
18 70
17 47 19 37 69 29 30 1 49 43 26 67 17 18 63 12 49 34
18 70
7 70 50 70 7 42 53 29 4 4 57 68 24 31 59 5 63 22
18 70
37 60 7 29 8 1 34 10 41 56 50 31 59 45 50 22 53 63
18 70
45 32 4 39 25 3 39 49 42 49 15 49 16 5 52 54 41 64
