5
1000 1000
391 213 286 237 329 419 866 381 641 853 130 336 534 148 595 239 649 964 751 239 744 147 314 923 201 862 962 922 98 587 963 918 819 803 199 433 510 824 40 320 292 253 993 26 715 580 17 753 898 20 688 587 800 177 501 37 50 700 231 119 206 982 174 850 858 146 938 928 986 440 870 590 819 114 741 119 548 841 63 141 923 951 568 762 712 571 76 797 923 882 260 107 901 282 362 683 443 591 480 608 563 848 973 726 963 379 952 866 208 253 798 577 308 27 134 522 856 192 289 778 695 68 238 232 427 825 117 132 482 854 977 551 192 107 26 415 334 201 507 373 540 839 994 40 544 781 767 223 823 182 521 872 805 843 267 701 512 446 400 644 286 795 284 153 451 675 283 589 397 666 13 134 169 162 113 164 681 210 78 68 476 906 3 352 183 345 47 743 128 1 636 867 92 59 216 318 927 940 211 249 854 939 434 192 140 452 253 886 90 467 507 822 453 556 706 782 395 93 848 97 884 272 3 598 851 317 580 242 833 614 502 650 993 710 848 839 719 156 831 73 564 711 865 571 921 227 794 464 416 88 156 369 643 271 60 426 537 66 348 322 352 15 114 763 309 107 344 513 72 343 31 370 487 599 428 96 639 230 203 50 634 494 591 892 261 901 799 501 232 881 165 790 440 884 832 6 521 467 957 13 979 673 304 264 642 492 200 303 606 752 167 900 640 177 658 404 346 46 383 803 906 863 162 597 895 610 61 782 79 560 944 255 941 784 624 424 69 867 357 81 516 925 623 466 642 948 547 753 658 805 283 542 926 300 482 14 597 232 651 323 442 759 144 425 468 808 379 908 869 433 198 504 990 667 766 624 754 174 770 386 857 329 862 501 164 753 74 596 322 2 992 263 821 919 204 179 517 528 623 9 953 175 400 528 546 323 455 494 965 694 116 227 130 919 848 416 278 300 431 810 278 562 374 514 741 826 176 228 456 424 283 852 814 568 293 878 117 151 79 483 68 867 897 598 694 94 392 104 688 353 261 37 266 768 218 872 380 919 434 292 521 95 498 168 302 887 81 823 609 455 385 263 527 522 530 402 448 909 152 653 581 397 151 728 985 440 951 241 612 132 639 723 686 380 346 506 694 658 404 61 79 761 423 779 402 26 176 871 601 37 755 856 302 112 415 862 906 279 509 265 161 551 298 362 534 959 193 352 184 802 49 222 94 806 83 530 78 47 464 930 202 851 487 721 887 634 699 464 368 382 705 412 249 159 941 555 72 337 679 619 250 628 888 709 665 28 475 172 60 24 176 805 705 475 369 180 83 30 403 370 995 525 635 280 412 16 565 680 208 941 623 388 925 883 247 908 645 218 849 761 262 152 382 339 849 650 772 82 562 335 844 471 924 36 275 884 431 328 293 456 757 935 838 529 800 246 229 120 498 387 732 936 988 700 819 79 832 730 966 784 388 528 742 667 912 849 182 583 568 478 771 832 459 606 960 824 180 797 814 676 229 312 555 288 866 280 781 95 63 269 111 861 936 339 798 614 110 979 584 596 594 748 200 200 449 767 253 399 904 626 909 138 245 469 81 989 31 92 15 929 255 447 292 731 78 772 619 754 562 570 946 724 322 167 587 546 263 48 451 262 215 715 185 891 376 654 894 88 499 222 470 477 227 728 801 765 963 523 923 418 342 934 314 367 116 940 551 513 556 788 439 165 117 627 653 203 516 39 716 464 748 678 66 345 501 82 627 806 643 667 340 677 439 574 898 959 735 366 696 368 502 81 287 18 221 631 878 803 897 334 970 951 508 667 299 317 43 868 692 430 967 449 796 705 465 897 853 637 758 449 590 208 631 222 756 384 4 165 572 240 377 343 677 48 707 103 767 621 599 416 355 574 585 572 724 113 373 358 102 382 339 181 625 880 713 965 593 911 580 497 34 608 768 567 443 320 772 336 200 736 394 724 617 374 133 253 573 658 872 548 336 509 310 939 915 141 179 183 646 715 853 73 715 831 449 100 147 850 755 397 399 339 609 261 94 430 459 426 106 151 351 682 584 404 493 292 834 615 297 906 416 812 405 926 259 594 778 28 253 817 344 125 905 721 353 781 108 406 472 36 281 275 757 907 745 947 82 675 429 572 472 772 72 722 484 362 901 488 117 645 770 271 616 212 494 869 900 670 767 502 273 136 163 573 985 768 134 329 352 323 744 269 181 444 876 507 570 554 818 915 840 524 147 830 939 340 221 734 386 824 477 490 838 433 800 227 163 195 381 573 
1
0 126 415 6603
0 428 991 1995
0 610 692 563
1
1
0 26 265 3005
1
1
1
1
0 5 812 4003
1
0 257 687 2186
0 362 987 8959
1
1
0 19 245 2001
0 516 538 6225
0 32 578 4386
1
1
0 569 593 8188
0 239 378 8759
1
1
1
0 367 444 5737
1
1
0 199 700 9746
1
0 657 733 3151
1
0 12 759 9984
0 435 661 930
1
0 1 240 1661
1
1
1
0 301 797 893
1
1
0 55 811 8365
1
1
1
0 210 902 84
0 298 851 5669
1
1
1
1
0 153 516 6662
1
1
1
0 733 825 69
0 19 851 445
0 822 917 942
1
0 13 469 5287
0 277 282 5386
0 197 666 2468
1
0 70 349 7931
0 423 848 142
0 493 788 1534
1
1
0 158 873 472
1
1
0 724 908 6492
1
0 4 76 8857
1
1
1
0 62 549 9884
0 108 635 8428
1
1
1
1
1
1
1
0 76 812 7780
0 527 895 1186
1
1
0 21 664 1732
1
0 6 179 8433
1
0 41 70 1841
0 27 193 8497
0 587 921 7720
1
1
1
0 264 786 9977
1
0 353 747 3366
0 329 778 2622
1
0 626 757 230
0 895 963 3528
0 181 569 8660
1
0 52 66 5138
1
0 849 869 6177
0 349 602 5191
1
0 671 842 7754
1
1
0 320 709 108
1
0 87 941 7083
0 233 541 9152
0 247 997 2986
0 392 525 1696
1
0 394 873 8875
1
1
0 462 697 7289
0 862 889 1434
0 346 566 4398
0 123 299 5737
0 249 674 2563
1
0 56 727 4747
1
0 668 793 5333
0 74 715 7834
1
1
0 440 940 2990
1
0 6 323 9957
0 25 133 5588
0 30 660 8254
0 35 335 8974
1
1
0 383 727 1630
0 34 492 9820
1
0 399 701 9690
1
0 575 592 1711
0 866 937 4419
0 447 689 8676
1
0 202 718 9655
1
1
0 554 909 9331
0 626 989 4797
1
0 433 615 1517
1
0 112 262 2982
0 163 695 4284
1
1
1
0 734 750 6761
1
1
1
0 182 696 9134
0 616 695 3333
0 86 204 6841
0 410 476 2720
1
1
1
0 76 462 4070
1
1
1
1
0 200 980 4853
1
1
0 529 804 4613
1
1
0 84 920 8680
0 618 728 6025
1
1
0 175 407 9546
1
1
1
0 80 907 8288
0 487 577 5842
1
1
1
0 225 499 2478
1
1
0 114 535 133
1
0 246 583 6615
0 530 786 9058
1
1
1
1
1
1
0 94 669 8773
0 835 912 7156
0 292 617 568
0 259 914 683
0 157 858 9923
1
1
0 250 434 9709
0 404 848 1674
0 112 802 1426
0 528 673 1350
0 883 936 1970
1
0 208 370 8986
0 60 281 5156
1
0 290 886 9393
1
1
0 258 651 9134
0 244 884 8486
0 37 274 3454
1
0 24 482 4868
0 261 597 5362
1
1
0 369 599 2656
0 224 946 868
0 203 864 4138
1
1
1
1
1
1
1
0 433 490 1516
0 103 842 2967
0 139 822 1117
0 148 836 4036
0 198 840 1930
0 410 497 1854
0 120 835 1675
1
0 711 989 2501
1
0 32 37 5138
1
1
1
1
0 505 869 8088
0 537 593 2708
0 561 828 9012
0 558 743 6211
0 21 608 4960
1
0 130 474 2312
0 409 601 3873
0 530 898 8096
1
0 787 999 9045
1
0 325 657 3046
1
1
1
1
0 451 831 1859
0 253 325 2124
0 209 640 6625
0 216 910 1529
1
0 670 775 4105
0 12 150 4543
1
0 51 268 5017
1
0 328 849 8022
0 283 745 7082
1
1
0 59 428 9324
0 374 632 3089
1
1
1
1
1
0 168 954 9861
1
1
1
0 504 554 3222
0 28 385 6077
1
1
0 192 346 7569
0 159 293 378
0 25 123 8335
0 32 636 5327
0 718 938 5389
0 59 249 8241
1
0 4 186 8520
0 89 167 1776
1
1
0 193 954 1818
1
0 702 817 435
1
1
1
0 266 723 9535
1
0 367 820 1401
1
1
0 469 953 8248
0 437 801 7344
1
0 265 663 7847
1
0 598 777 3259
1
1
0 752 944 5111
0 287 384 8707
1
1
1
1
0 20 117 9624
0 834 931 6345
0 425 753 7942
1
1
0 207 447 2557
0 157 902 5113
0 250 819 1221
1
0 104 232 5948
1
1
1
1
1
1
1
1
1
0 2 324 338
0 90 507 3248
0 184 650 2841
1
1
0 229 446 5757
1
1
0 236 311 1801
0 115 160 7224
1
0 81 151 472
1
1
1
1
0 164 451 9321
1
1
0 531 699 2929
1
0 606 637 3962
0 44 893 8181
1
0 595 852 6598
1
0 487 533 8783
0 22 888 6214
1
0 37 265 2627
1
0 477 562 2984
0 432 490 2738
1
0 377 534 3580
0 768 800 3431
0 45 805 5802
1
0 14 770 1251
1
1
1
1
1
1
0 96 619 7919
1
0 385 938 7106
1
0 435 603 4323
0 665 757 1209
1
1
0 144 619 4384
0 723 728 5818
0 23 862 9184
0 55 998 9041
0 31 958 572
1
0 168 226 1116
0 92 626 8030
1
1
0 643 669 125
1
1
1
1
0 26 818 5258
0 570 856 163
1
1
1
1
0 262 953 7350
1
0 767 924 6286
0 570 830 7984
1
1
0 58 746 6669
1
0 84 831 6674
1
0 826 940 7132
0 564 986 7226
0 220 616 7572
0 625 780 2698
1
0 515 682 3925
0 305 357 9955
1
1
1
0 438 506 1908
1
0 700 903 3744
0 335 892 6522
0 10 126 6169
1
0 388 767 8845
1
0 192 790 9118
0 123 304 1305
0 75 675 5724
1
0 499 924 4917
0 237 897 6687
0 111 565 291
1
0 196 434 1933
1
0 564 740 1316
0 451 613 6179
1
1
0 520 756 5439
1
1
1
1
1
1
1
0 227 686 1382
0 122 651 1570
1
1
0 113 281 5350
1
1
1
0 47 705 6207
1
0 309 639 3735
1
1
0 466 686 8540
0 149 209 8454
1
0 715 716 554
0 248 706 360
1
1
0 595 911 5258
1
0 397 683 2256
0 122 573 8956
0 533 808 8065
0 208 400 3994
0 182 361 6472
0 863 948 953
1
0 46 809 7832
1
1
0 484 596 5601
0 138 203 7927
0 329 409 1947
1
0 128 130 2940
0 433 631 7557
0 501 679 1971
0 595 651 5484
0 109 480 9407
0 265 993 1487
0 804 813 5412
0 695 826 5548
1
1
1
0 10 420 3898
0 466 720 1325
0 663 822 6826
0 199 725 3791
0 165 956 3377
0 15 599 8231
1
1
1
1
1
0 32 539 2311
1
1
0 195 893 467
1
0 828 913 7919
0 123 339 2867
0 144 702 5155
1
0 324 893 2576
0 98 608 8218
1
0 102 904 9646
0 278 918 6877
1
0 482 794 7037
1
0 354 949 6175
0 277 693 3486
0 431 718 932
0 337 966 7835
0 590 596 5745
1
1
1
0 365 524 9219
0 876 897 7248
0 92 573 810
1
0 470 749 7340
0 376 894 9040
1
1
1
0 320 772 2199
1
0 328 374 1028
0 836 837 4590
0 213 466 8635
0 284 956 9676
1
1
0 474 724 7858
1
1
1
0 72 665 6988
0 518 542 6611
0 89 128 6296
0 156 223 6248
0 588 821 7187
0 172 969 4963
0 83 967 5879
0 185 525 1892
0 615 744 9769
0 297 551 7189
0 720 893 7205
0 915 993 7147
1
1
0 199 401 5880
1
0 295 434 9465
1
1
1
1
1
1
0 10 209 6387
1
1
1
0 186 743 2647
1
1
0 351 622 4347
1
0 181 262 9461
0 281 716 6178
0 471 607 1826
0 123 729 5799
0 245 635 8928
1
1
0 259 897 2214
0 733 907 327
0 164 686 9189
0 875 911 3985
1
0 656 676 9024
1
1
0 509 862 3889
0 794 975 2323
0 167 634 5959
1
0 573 749 3853
0 585 987 3188
1
1
1
1
1
0 298 362 7746
1
0 687 732 8271
1
1
1
1
0 67 707 4482
0 666 741 7098
1
1
1
1
0 133 447 2236
1
1
0 718 937 2678
0 177 752 2081
0 164 415 503
0 190 201 9769
1
0 213 726 971
1
1
0 153 713 2473
0 85 477 3822
1
1
1
0 62 797 5640
0 382 929 1855
1
1
0 658 923 8520
1
0 11 781 9038
0 551 938 9484
1
0 170 839 2033
0 248 688 9285
1
0 431 909 2908
1
1
0 382 671 4756
0 96 930 1168
0 229 427 2166
0 257 310 1904
1
1
0 224 287 2404
1
0 282 755 2802
0 64 99 270
0 115 257 5391
1
0 291 312 3203
1
0 244 581 4234
0 536 871 9818
0 165 370 3665
1
1
1
0 241 852 8397
1
1
0 440 883 4488
0 573 703 9357
0 43 835 7753
0 389 838 8804
1
1
0 165 972 7196
1
0 658 930 9618
0 330 843 5426
0 923 985 496
1
0 466 585 8066
1
1
0 399 986 7765
1
1
1
1
0 133 799 780
0 346 614 5202
1
1
1
0 171 649 4281
1
1
0 309 939 2956
0 173 458 3392
1
0 157 184 3686
0 276 854 8238
0 104 349 2916
1
1
0 848 889 5492
1
0 42 742 2915
0 45 710 3333
1
1
0 761 996 4929
1
1
0 34 584 765
0 270 982 9125
0 188 634 5021
1
1
0 187 882 5340
1
0 261 936 3818
0 632 754 9368
0 395 844 3363
1
1
0 22 180 265
1
0 178 310 6533
1
1
1
1
0 439 616 3636
0 662 878 1271
0 629 672 7320
0 342 438 7542
1
1
1
1
0 171 899 4975
1
1
1
0 277 603 1468
1
0 569 903 6423
0 463 631 6351
0 293 574 7529
0 541 644 6770
0 303 910 22
1
0 414 613 8271
1
0 17 38 2858
0 276 835 1950
1
1
0 323 528 4496
1
0 169 484 7863
0 395 631 8606
0 618 680 1658
1
0 149 490 4855
1
0 105 196 3770
0 54 226 6469
0 870 915 9656
1
0 205 606 3366
0 238 414 1471
1
1
0 871 912 4050
0 40 424 1155
0 93 892 7967
1
0 779 951 7805
1
1
1
0 197 548 1336
1
1
1
0 172 402 1080
0 812 932 5140
0 371 481 922
0 459 898 7487
0 18 785 8620
1
0 204 314 4196
0 286 565 9286
0 318 858 4991
1
0 5 861 112
0 89 977 9867
0 159 345 2863
0 477 559 7354
0 213 341 4558
1
1
1
1
0 345 394 6363
1
0 39 487 3313
0 140 530 675
1
0 586 882 7159
0 756 978 654
1
0 384 609 8072
0 319 803 3094
1
1
0 447 992 3525
1
0 123 643 1898
1
0 721 731 8070
1
1
1
1
0 116 623 3832
0 133 946 5216
1
1
1
0 624 824 5275
0 211 558 7342
1
0 386 639 9884
1
0 254 606 8101
0 53 584 4995
1
0 422 629 4862
0 616 896 3670
0 44 555 7581
0 279 376 6589
0 517 657 1168
0 407 558 2277
1
0 581 840 4446
1
1
0 46 664 3001
0 31 922 5215
0 18 35 4763
1
1
1
0 682 827 6631
1
1
0 304 340 1840
0 171 380 3164
0 178 742 7605
0 429 469 6234
0 167 824 7656
1
0 798 826 768
0 615 902 9231
0 69 762 9135
1
1
0 160 605 9984
0 239 708 1438
0 162 712 205
0 234 924 9210
1
0 363 524 3217
0 194 319 3345
0 8 498 886
0 230 474 3130
1
0 303 478 1613
1
1
1
0 371 457 8151
1
1
0 103 712 7020
0 75 761 574
0 87 850 9819
1
1
1
1
1
0 414 448 2008
0 617 948 5811
0 451 605 3652
0 442 680 8758
1
0 18 642 7343
1
0 635 793 2207
0 748 765 4870
1
0 162 165 2846
1
0 758 973 7850
0 77 223 5419
0 302 900 9543
1
0 248 285 5455
1
0 721 993 2839
0 83 349 3903
0 705 742 9615
1
1
1
0 51 410 1665
1
1
1
1
1
1
1
0 192 209 3159
0 323 622 6770
0 555 755 3577
1
0 88 290 7814
0 898 975 6075
0 723 752 7914
1
0 819 949 5645
1
0 80 600 546
1
1
0 524 907 8065
1
0 372 547 5608
1000 1000
255 530 3 214 943 820 188 986 220 393 467 690 34 254 495 801 400 893 205 754 421 616 813 455 540 982 680 369 79 159 459 625 401 902 59 827 817 216 912 883 746 185 252 694 551 147 899 306 23 26 826 702 218 255 124 235 750 842 834 223 107 584 3 817 74 490 648 22 332 342 920 389 559 154 226 1 12 25 649 930 256 471 535 585 608 164 591 471 820 12 312 121 4 263 67 460 625 979 203 150 703 269 832 994 24 308 624 654 479 445 926 305 190 175 602 148 912 572 782 0 769 299 348 195 152 33 319 180 678 841 219 877 172 958 216 446 527 931 426 261 498 417 588 797 92 989 441 993 325 496 964 401 177 527 41 169 287 64 251 601 462 56 680 542 810 521 68 937 867 328 434 6 69 463 651 28 863 417 88 236 779 814 626 301 437 127 416 233 243 185 216 225 984 591 19 369 350 661 562 971 39 935 16 542 744 760 571 830 288 231 650 138 542 268 534 651 230 268 398 219 245 154 314 909 874 116 314 829 455 18 470 885 147 873 498 195 739 648 992 448 126 537 447 834 483 823 686 30 530 858 297 216 213 563 428 599 133 781 575 820 38 258 56 662 902 394 59 999 39 895 354 82 636 958 601 482 598 585 39 660 558 784 518 268 476 979 824 76 157 202 116 599 753 492 59 149 129 435 248 11 644 538 1 829 27 741 471 652 770 543 966 487 660 355 794 850 175 605 889 372 680 461 362 162 140 592 581 377 328 752 830 414 570 350 356 503 324 62 834 180 96 806 169 441 609 685 256 986 69 487 540 27 38 84 191 763 81 382 219 886 637 612 580 74 932 629 425 945 541 354 67 655 724 744 575 69 331 810 135 630 525 202 483 604 912 756 965 664 449 112 939 148 266 780 502 977 83 163 260 896 479 888 322 408 30 475 666 851 303 235 457 115 315 399 476 91 20 307 447 365 133 883 259 997 664 455 915 836 159 291 847 533 734 432 843 859 932 459 919 923 664 739 487 77 249 17 485 220 263 651 684 658 431 45 231 44 749 834 820 584 674 81 894 121 321 592 977 108 909 670 105 260 649 881 668 226 319 747 100 497 22 454 768 545 735 780 174 830 856 663 639 315 30 452 778 664 550 214 127 672 975 931 12 958 984 927 898 565 799 205 758 882 921 657 61 183 751 684 273 56 357 119 477 577 796 324 925 68 312 192 97 204 370 272 357 278 279 491 189 927 118 53 382 359 510 91 945 879 711 374 560 893 623 592 974 599 611 549 653 207 623 716 18 958 763 933 557 887 838 189 282 995 540 882 879 445 351 976 905 148 782 794 704 294 347 680 743 729 98 551 604 84 361 249 973 228 414 497 123 102 391 308 563 627 891 655 667 330 847 67 361 668 281 489 617 306 972 65 104 651 321 196 55 132 742 718 769 615 535 363 836 286 422 881 649 734 311 744 204 552 814 351 274 773 563 273 564 805 491 476 436 741 910 295 200 334 342 973 849 428 16 564 532 550 919 448 361 458 303 5 834 216 275 466 416 817 471 132 960 486 219 171 704 646 246 941 729 412 313 288 488 268 393 879 163 42 745 483 776 491 808 648 786 295 955 663 207 556 222 86 412 556 941 744 146 520 43 354 451 56 578 668 311 279 535 224 889 288 94 637 931 189 965 213 833 969 688 696 115 273 231 339 673 129 64 747 292 951 211 517 888 817 474 93 135 137 858 111 56 394 556 555 477 835 809 565 946 734 256 245 249 858 120 996 495 742 672 780 164 647 307 231 730 54 727 494 433 720 522 463 281 685 461 191 433 190 448 153 38 988 304 653 917 87 879 907 322 385 780 346 247 589 152 933 25 62 754 641 26 563 782 494 156 782 249 670 28 955 72 720 429 36 810 124 231 302 117 690 573 293 640 890 642 995 788 618 199 445 941 687 703 967 614 244 730 138 636 447 750 929 902 305 121 63 537 444 133 232 810 925 332 791 737 557 262 447 10 916 330 844 411 81 299 522 390 656 489 146 89 426 927 531 328 909 690 35 0 38 852 314 796 307 919 265 398 419 497 742 930 377 586 692 574 567 988 435 840 16 359 679 544 964 230 27 995 592 41 69 722 120 488 215 534 984 626 291 823 913 653 926 833 585 968 670 645 677 629 454 342 3 728 97 123 654 38 173 525 252 248 810 766 165 973 827 839 302 798 995 680 477 34 754 191 356 234 26 539 386 599 214 785 422 3 19 111 650 845 999 453 870 373 700 945 318 354 968 47 464 857 138 
1
1
1
1
0 355 480 9773
0 539 985 9420
1
0 332 522 5735
0 395 466 4250
0 730 812 6536
1
0 679 897 7617
0 511 533 1987
0 7 914 1892
0 193 785 196
1
0 248 582 1495
0 497 642 4124
0 368 776 1397
0 308 903 3179
0 69 193 656
1
1
1
1
1
0 265 800 670
1
0 598 846 3712
0 341 499 7590
1
1
0 133 400 9244
0 336 891 1441
1
0 224 670 374
0 63 218 5115
0 335 904 2071
0 683 815 6975
1
1
0 537 993 9550
1
0 185 191 3941
1
1
0 9 90 9044
1
1
1
0 787 999 5307
0 582 809 2212
0 375 582 9760
0 72 418 1409
1
1
0 571 847 9197
1
1
1
0 164 871 9563
1
1
0 154 493 3684
1
0 244 859 799
0 329 581 1224
0 115 227 2206
0 362 965 1905
1
0 798 814 7163
1
1
0 845 854 2642
1
1
0 396 428 3270
1
1
1
0 222 741 7761
1
1
1
1
1
0 580 749 4236
1
0 158 214 7633
1
0 37 870 926
1
1
0 256 405 2030
1
1
0 935 990 2920
0 495 889 7382
1
1
1
1
0 711 788 2358
0 73 705 4699
1
0 686 910 9764
1
0 169 724 4428
0 62 331 7720
1
1
1
0 333 432 5234
1
0 128 921 2073
1
0 205 974 4854
1
1
0 344 885 5982
1
1
0 487 999 3677
1
0 43 745 1413
1
1
1
1
1
1
0 542 963 129
1
0 222 714 2688
0 177 480 5904
0 232 974 757
1
0 660 694 961
0 202 396 1605
1
0 556 787 8343
1
1
0 242 752 9884
1
1
0 236 433 9295
1
0 118 131 9172
0 78 495 8935
1
1
1
0 498 794 7788
1
0 64 968 3647
1
1
0 290 772 229
1
1
0 787 942 6640
0 89 792 6164
1
1
0 449 533 1557
0 351 890 1604
1
0 203 447 5949
1
1
1
1
1
1
0 36 290 1359
1
0 613 651 5900
1
1
1
0 435 613 2229
0 456 831 4556
0 24 376 8411
1
1
0 127 889 2930
1
1
0 410 837 2557
1
0 255 972 9890
0 491 840 8138
1
0 381 941 1703
0 95 840 4371
0 191 278 1833
1
0 48 585 57
1
0 633 820 4647
1
0 493 958 8919
1
0 428 436 9869
0 271 698 3022
1
0 576 642 2127
1
0 249 827 5560
0 122 830 7582
0 160 994 3595
1
0 245 755 5505
0 516 654 3393
0 333 772 1886
1
0 293 624 9677
0 1 20 1987
0 434 769 8402
1
1
1
1
1
0 1 679 4296
1
0 161 363 4580
1
1
1
1
1
0 589 801 6535
1
0 621 705 2124
1
0 40 763 7694
0 2 531 5605
1
0 321 407 8678
1
1
0 124 850 5869
1
1
1
1
0 552 707 3793
1
0 913 933 648
1
0 621 689 3773
1
1
1
1
1
1
1
0 199 534 7263
1
1
0 353 567 1589
0 162 885 6176
1
0 134 577 844
1
0 454 698 9476
1
1
1
1
0 85 683 8938
0 75 411 3951
1
1
1
0 223 611 5892
0 731 983 1094
0 123 784 6230
0 842 937 2684
1
0 96 881 801
1
0 404 497 1965
0 70 263 6950
0 157 582 9850
0 185 438 181
1
1
0 382 720 1379
0 80 605 1958
1
1
0 107 402 3877
0 386 995 6780
0 508 812 5318
1
0 681 986 7624
1
1
0 249 683 3921
0 68 850 8591
0 309 762 2266
0 733 823 1329
0 275 769 5158
1
0 235 391 963
0 330 964 1378
1
1
1
1
1
1
1
1
0 62 961 5674
0 223 824 3315
1
0 14 792 5290
0 485 670 1113
0 258 942 9186
1
1
1
1
1
1
0 103 249 7642
0 241 974 2854
1
0 669 813 8399
0 146 460 3441
1
1
0 98 567 1124
0 467 606 8056
1
0 316 932 5029
1
1
1
0 387 821 2921
0 209 780 3903
1
1
1
1
0 273 813 4168
0 249 384 4056
0 221 675 838
0 119 699 6154
0 145 435 3863
0 91 566 844
0 471 646 4534
0 67 86 9171
0 471 705 5736
1
0 53 262 7427
0 412 878 8122
0 74 967 4017
1
0 171 660 7070
1
1
1
1
1
1
1
0 350 547 3068
0 904 954 1095
1
1
0 2 542 1748
0 56 221 3449
1
0 98 703 6268
0 398 699 3627
1
0 667 905 8762
1
1
0 216 680 2622
0 361 834 33
0 514 800 7351
0 235 765 8092
0 157 532 3495
0 368 832 4686
0 122 920 7855
0 617 731 2828
1
1
0 676 695 1653
1
0 168 831 2767
0 650 988 6298
1
1
0 525 971 9502
0 76 603 2504
1
0 94 832 6290
0 206 414 2992
1
1
1
1
1
0 160 225 9350
0 86 201 9026
0 179 718 7157
0 811 828 9146
0 508 531 4114
0 70 717 6972
0 283 323 2309
1
0 753 790 1526
1
1
0 227 944 4349
1
1
1
0 296 419 9021
0 217 480 5868
0 799 808 9972
0 138 593 5524
0 111 934 8251
1
1
0 46 227 4552
0 594 711 2593
1
1
1
0 273 970 2706
1
1
1
0 289 480 8370
1
1
0 447 961 195
1
1
1
1
1
0 649 939 5862
0 365 842 4686
0 433 883 9495
0 460 501 7810
1
0 672 891 4685
1
0 170 491 1884
0 138 338 4484
1
0 348 998 4505
0 204 271 1700
0 421 827 6171
1
1
1
1
0 517 517 6013
0 464 945 8041
0 124 466 6081
1
0 518 826 4972
0 134 436 780
0 441 603 8902
0 337 537 2605
0 792 979 7849
0 565 833 2720
0 17 508 3028
0 3 801 5049
0 251 675 1114
0 565 648 9080
1
0 594 748 9898
0 253 444 2217
0 251 771 7077
1
1
1
0 316 850 2455
1
1
0 172 646 2115
0 350 703 8801
1
1
0 59 505 8562
0 13 690 9428
1
0 212 789 2093
0 961 965 6338
1
0 593 684 6712
0 26 392 1184
1
0 235 618 2964
1
0 351 579 510
1
1
0 212 915 6373
0 436 634 9076
1
1
1
0 469 897 1553
1
1
0 758 794 5695
0 44 122 5151
1
0 234 719 7007
1
0 154 421 7137
0 58 357 3577
1
0 530 653 4561
0 20 738 8543
1
0 374 797 4538
1
0 183 946 7411
0 185 524 4373
0 496 806 3992
1
0 37 705 2990
1
1
1
0 326 750 2958
0 249 796 5995
0 389 651 3089
0 226 544 1497
0 41 992 4127
1
0 350 425 7733
1
0 208 239 2520
1
0 602 929 7510
1
1
1
1
0 4 335 2239
0 290 754 6939
1
0 279 790 7319
1
0 160 474 5079
1
0 225 350 1413
1
1
0 256 696 9427
1
0 575 715 7086
0 174 522 7770
0 460 685 286
1
0 8 828 2541
1
1
0 199 275 4913
0 332 371 3523
1
1
1
0 350 823 8593
1
1
1
0 460 685 5848
1
0 484 844 8799
1
0 996 998 3728
1
1
0 371 452 9128
1
1
1
1
0 754 874 6539
1
1
1
0 15 917 5071
0 133 711 1310
0 139 587 4676
0 174 772 8785
0 343 881 3243
1
1
1
0 61 611 3546
1
1
1
1
0 330 376 5430
1
1
1
1
1
1
0 626 713 6530
1
0 619 800 6319
0 110 904 2217
1
1
1
1
1
1
1
1
0 102 777 7147
1
0 35 893 2712
1
0 401 615 7040
0 748 832 5704
1
1
0 389 959 2009
1
1
1
1
1
0 503 849 5232
0 478 634 9566
0 233 583 6807
1
0 208 465 47
1
0 114 993 8252
0 363 440 4016
1
0 66 299 5706
0 256 894 5798
0 710 853 6149
1
0 26 56 7326
0 712 829 3312
0 271 288 2363
0 514 536 6376
1
1
0 15 896 9272
0 256 395 6089
0 524 973 7472
0 1 165 2699
0 746 808 2805
1
1
1
1
1
1
0 114 998 1242
1
0 55 281 5499
0 628 708 8489
1
0 85 358 5552
0 828 832 8105
1
0 471 514 7
1
1
0 369 593 1516
0 372 824 8639
1
1
0 158 443 3243
0 118 139 6364
0 221 355 8849
1
0 189 823 8683
1
0 796 945 3497
1
0 369 445 2659
0 53 502 7635
1
1
1
0 401 853 6757
1
1
1
0 178 911 2910
0 136 689 2284
1
1
1
1
1
0 714 799 3196
1
1
1
0 359 892 4069
1
1
1
1
1
1
0 115 524 1302
0 353 749 8995
1
0 87 461 1062
1
0 184 699 2569
0 882 968 418
1
0 242 804 695
1
1
1
1
0 518 864 7116
0 28 344 449
1
1
1
0 806 911 8482
0 193 861 1858
0 230 941 2041
0 11 55 3570
0 292 674 8754
0 275 962 9594
0 600 970 4150
1
0 420 628 2308
1
0 226 776 6410
1
1
1
0 18 534 9027
1
1
1
0 171 977 5539
1
0 216 441 4498
0 519 681 8957
1
1
1
0 257 344 6777
0 6 638 135
0 72 228 4819
0 157 999 5924
1
1
1
0 251 372 9858
1
0 284 610 2669
1
1
0 116 152 2948
0 663 810 2626
0 4 952 8089
0 158 736 7576
1
1
1
1
1
1
1
1
0 321 558 7062
1
1
0 569 768 317
1
0 361 699 270
0 90 150 1658
1
0 54 613 7265
0 58 629 1807
0 377 965 5662
1
1
1
0 384 397 1341
0 244 313 8540
1
1
0 383 566 1390
0 56 892 7766
0 744 979 1968
0 447 914 9265
0 208 997 6136
0 59 723 4369
1
0 534 950 8998
1
1
1
0 363 608 9060
1
0 212 787 7583
1
0 652 801 4244
0 232 562 2604
1
1
0 431 990 3100
1
1
0 106 710 1444
0 945 984 2286
1
0 395 865 6437
0 430 898 885
1
0 261 775 8219
1
1
1
1
0 441 483 3439
0 37 450 3807
0 246 332 8508
1
1
1
0 89 623 5354
0 576 824 7078
1
1
0 145 275 9779
0 388 507 1392
1
0 663 712 9398
0 382 926 6449
0 166 527 3301
0 457 489 7434
1
0 178 248 6231
0 62 983 8523
0 191 759 3046
1
0 452 555 4790
1
1
0 60 104 9541
1
0 376 631 1224
0 73 626 5711
1
1
0 115 233 5593
1
0 37 908 5418
0 556 835 8668
0 593 962 138
1
1
0 90 987 5540
0 16 285 9183
1
0 889 935 2757
1
0 401 934 3187
1
1
1
1
1
0 204 599 4555
0 458 717 2762
0 827 892 6536
1
0 238 835 2240
1
0 132 156 3547
1
1
1
1
1
1
0 384 411 3194
0 287 915 7615
1
0 115 198 1936
1
1
1
1
1
0 648 703 1196
0 112 299 9702
1
0 64 376 122
1
0 365 906 887
1
1
1
1
0 803 879 1751
0 448 782 1042
0 170 925 2015
0 419 568 8543
0 408 952 5977
1
1
1
0 751 834 8933
0 47 377 8660
0 62 233 8903
0 247 627 9618
0 197 453 2778
0 284 400 9300
0 278 862 2168
1
1
0 286 333 5730
0 214 846 9591
0 205 961 5754
0 22 157 6939
0 311 688 3297
0 124 331 6240
0 848 974 3222
0 252 781 341
1
0 301 400 5891
0 455 496 2969
0 517 935 2104
0 163 249 2506
1
1
0 210 488 1723
0 649 976 9449
1
1
0 164 229 2958
0 306 964 9083
0 428 502 1696
1
1
1
0 519 755 5064
0 710 966 9193
0 336 411 6679
0 184 221 3978
0 64 718 2269
1
1
1
0 593 870 1945
1
1
1
1
1
0 116 218 4463
1
0 42 286 9784
1
1
0 111 431 9413
1
1
0 243 320 8396
0 134 540 3746
1
1
1
0 431 880 7796
0 208 736 1960
0 413 934 1459
0 729 906 4194
1
0 81 92 3558
1
1
1000 1000
701 547 421 901 949 728 664 962 566 15 254 726 341 659 412 681 685 665 789 959 46 537 937 368 825 225 48 116 831 839 143 566 232 934 396 964 480 657 586 796 574 769 153 900 510 122 321 718 647 837 678 389 944 737 800 584 445 867 550 187 603 242 784 406 197 300 830 412 16 584 361 669 772 351 737 826 777 395 884 713 979 62 564 352 677 678 795 283 30 224 565 342 779 126 810 728 240 817 407 417 423 543 345 643 344 498 411 399 837 572 210 714 895 270 823 254 494 683 402 738 980 110 655 990 282 161 386 695 700 633 337 649 149 375 114 528 991 286 822 772 820 833 250 320 335 513 425 592 696 823 313 631 364 51 456 505 341 412 427 83 770 599 8 838 140 774 780 263 884 204 805 447 488 65 581 607 120 323 670 172 6 830 250 59 740 170 729 957 700 632 928 878 970 867 287 490 884 956 65 921 935 633 584 0 532 617 953 919 661 627 429 932 604 203 530 387 490 364 2 840 897 390 257 248 319 546 891 353 809 630 254 321 295 892 330 41 52 767 312 930 842 977 768 204 365 104 87 674 39 658 462 301 466 915 298 668 506 308 896 576 575 391 742 154 571 918 87 396 956 654 438 839 624 782 492 231 87 565 31 957 212 63 20 153 604 741 392 338 339 907 543 718 916 10 414 535 754 979 299 720 792 893 861 501 421 819 787 605 192 984 246 47 160 203 785 117 15 833 391 503 487 964 333 725 163 196 916 306 899 456 617 692 329 300 391 787 911 743 983 795 914 218 166 325 728 382 496 813 576 775 569 303 448 416 476 847 842 817 698 857 857 360 230 739 415 595 623 550 924 442 117 759 215 848 919 902 46 772 17 193 492 773 301 273 799 0 383 808 141 530 810 894 63 574 459 973 446 554 622 549 70 54 77 681 193 382 986 348 888 470 436 256 939 401 483 26 413 515 145 200 259 471 230 551 64 276 973 924 997 490 636 784 359 581 814 670 139 415 205 903 106 16 440 726 308 738 329 722 365 603 787 447 502 678 364 270 651 584 106 805 194 338 868 893 190 931 12 121 203 711 961 631 178 996 490 490 623 593 893 852 807 79 453 136 18 351 528 811 470 871 566 774 532 723 466 719 218 720 899 594 337 337 964 933 165 648 812 401 993 565 310 856 847 385 790 412 420 49 827 585 89 20 490 363 245 519 302 564 363 317 695 418 763 965 981 622 667 468 225 704 790 918 326 229 392 448 747 83 556 262 230 636 945 217 939 447 262 81 361 186 703 346 905 181 969 223 683 587 664 416 763 36 220 318 59 136 726 313 687 322 461 488 303 396 793 961 525 506 631 368 923 381 894 248 39 114 695 867 811 655 20 979 281 528 512 244 217 610 305 497 324 705 619 114 142 117 817 341 695 730 324 605 767 317 440 791 990 511 111 883 536 414 221 760 931 310 172 936 996 813 324 255 57 874 990 694 717 591 940 867 891 607 886 516 896 992 291 787 748 560 388 503 31 534 245 571 904 219 143 312 113 402 464 298 565 389 913 873 824 803 132 828 557 859 806 451 479 656 287 726 130 753 710 930 748 317 64 94 597 583 526 834 338 26 180 277 623 2 917 631 873 587 983 976 287 243 426 976 391 732 889 80 164 75 702 214 176 119 442 581 829 826 254 511 658 211 643 684 459 852 313 862 690 755 174 893 70 552 138 510 806 437 64 609 614 394 315 282 7 627 764 668 94 267 158 749 640 204 205 424 264 78 592 773 776 128 240 794 872 897 35 892 429 656 138 534 74 585 737 554 370 387 782 227 188 625 189 925 251 213 298 494 365 56 275 327 517 859 213 431 914 597 587 70 352 696 433 548 529 576 896 5 699 91 95 945 376 694 600 19 523 485 350 255 299 703 141 735 242 208 206 893 69 399 208 472 131 904 313 263 694 130 847 530 635 105 30 157 927 956 272 310 612 671 444 12 166 312 955 938 82 53 210 944 299 960 605 583 690 598 167 581 668 602 161 113 767 988 290 719 902 44 801 599 65 826 920 211 132 710 452 854 322 197 357 474 472 937 540 169 75 997 995 518 1 290 66 477 76 123 516 970 958 35 44 436 376 20 925 622 425 214 6 215 867 14 247 310 882 109 111 791 511 752 520 977 454 567 836 943 462 983 108 477 349 117 266 806 209 945 348 547 307 982 247 750 891 467 887 12 14 302 520 610 944 32 690 26 113 797 807 388 528 555 221 702 979 856 602 454 355 375 177 349 488 711 795 478 706 712 
0 355 451 5936
1
0 310 586 7740
1
1
1
0 89 730 6688
0 192 766 189
1
1
0 554 677 963
1
0 792 892 7182
0 34 847 5224
0 786 906 9017
0 361 388 9449
1
1
1
0 840 888 6631
0 36 209 7714
1
1
0 106 457 2434
1
1
0 648 964 1344
1
1
0 221 378 819
0 586 924 8857
1
1
0 105 899 7674
1
0 603 890 6051
1
0 450 835 7141
0 777 995 5685
0 1 842 3368
1
0 312 876 361
1
1
1
0 54 353 4078
1
1
1
0 590 604 518
0 86 154 1095
1
1
0 754 915 3366
0 24 622 8104
1
1
1
1
0 132 895 9584
1
1
0 10 764 5840
1
1
1
1
0 913 918 1535
1
1
0 254 918 1663
0 61 397 9425
1
0 634 830 8213
1
0 53 729 1819
0 309 902 8656
0 687 949 6872
0 737 840 6463
0 344 976 4847
1
1
0 201 327 1974
1
0 164 238 3833
0 80 516 724
1
0 128 377 4314
0 265 550 9527
1
1
0 27 478 9922
0 647 733 2815
1
1
1
0 560 969 3792
0 215 867 7589
0 313 580 7629
1
1
1
0 340 437 4452
0 16 341 9822
0 859 886 1100
0 368 589 8662
0 435 844 6355
1
0 628 815 7247
0 224 768 5770
1
0 497 979 8625
1
0 187 752 6630
1
1
1
1
0 56 73 964
1
0 146 285 3396
0 85 483 3050
0 424 430 2155
0 63 586 1383
0 235 333 4202
0 688 840 9222
1
1
1
0 190 675 3276
1
1
1
1
0 625 896 3585
0 554 995 8305
1
0 793 860 3274
1
0 136 813 9694
0 897 966 4743
0 342 950 579
0 14 663 5136
1
0 53 219 1665
0 261 683 5722
1
0 540 657 217
1
1
1
0 124 468 6306
1
1
0 120 243 4227
1
1
0 364 395 661
0 268 987 532
0 156 603 5583
1
1
1
1
1
0 222 865 8133
1
0 563 733 1176
0 774 800 9942
1
1
1
1
1
0 235 929 4638
1
0 483 783 5228
0 424 842 7981
0 251 535 3052
0 844 939 5323
0 409 588 5565
1
0 676 792 3819
0 506 844 7385
0 424 568 3824
0 50 737 2386
1
0 16 277 2088
1
0 676 995 3949
1
1
0 776 893 5060
0 420 958 9934
0 52 342 5629
1
1
1
1
1
0 723 910 7577
0 278 307 699
1
0 330 956 6118
1
0 581 685 3312
0 408 433 9211
1
1
1
0 206 332 8055
1
0 924 939 4380
1
1
1
0 62 974 7605
0 763 967 1461
0 498 777 3691
0 51 317 3571
1
0 791 965 6118
1
1
0 689 851 9141
1
1
0 157 387 9150
0 726 799 3374
1
1
1
0 197 719 8942
1
0 316 864 9809
1
1
0 65 290 4768
1
1
1
1
1
1
0 730 892 2829
1
0 275 569 4383
1
1
1
1
0 240 923 3663
1
0 256 968 697
1
0 319 739 6518
1
0 790 867 5303
1
1
1
0 562 608 4541
1
1
1
0 25 379 2948
0 675 893 6093
1
0 496 514 6956
0 185 842 3388
1
1
1
0 534 566 7746
0 24 585 4246
0 260 637 8374
1
0 578 969 4464
0 238 699 7158
1
1
0 6 151 3447
0 725 999 7764
0 87 874 7067
1
0 585 848 9369
1
1
0 203 617 9815
1
0 689 735 4296
0 248 630 6228
0 392 512 5129
0 233 655 5586
0 133 211 4632
1
1
0 8 469 7077
0 133 326 1777
1
0 115 491 7355
1
1
0 98 799 3532
1
0 264 282 5378
0 107 528 3316
1
0 87 120 1406
1
1
1
0 222 963 5501
0 540 687 3429
1
1
1
0 17 405 277
1
0 531 717 9421
1
0 852 885 1568
0 791 804 4622
0 315 921 8016
1
1
0 194 669 4690
1
1
1
1
1
1
1
0 189 634 3397
0 525 807 4860
1
1
0 591 647 1691
0 298 582 4920
0 765 912 5408
1
0 311 712 3852
0 224 815 5499
0 75 953 2479
0 41 187 5136
1
0 144 725 4112
0 370 499 4655
0 581 660 2625
1
1
1
0 157 960 1730
0 610 621 3053
1
1
1
0 20 78 1781
0 69 505 8398
0 166 383 9362
1
0 140 965 7462
0 736 990 5553
0 80 685 196
1
1
0 397 703 6490
1
1
0 420 887 7664
1
0 598 832 963
1
0 308 535 4535
1
1
1
1
0 344 741 3495
1
1
1
0 30 378 5362
1
0 374 853 5470
1
1
0 446 887 6324
1
0 685 735 6536
1
0 278 413 9501
1
1
0 315 417 619
1
0 216 621 8537
1
0 132 244 815
1
1
1
0 593 750 8832
1
0 148 982 4989
0 729 867 5464
1
0 23 367 7306
1
1
1
0 841 867 8079
1
0 354 469 9893
1
0 698 947 2683
1
0 311 873 9325
1
0 84 963 1667
1
1
1
0 344 453 3311
0 32 749 467
0 429 639 9448
1
1
0 14 788 8596
0 263 555 6035
1
0 26 946 6441
1
1
0 230 945 7754
0 67 656 3118
1
0 121 680 2482
0 484 962 296
0 205 979 2568
1
1
1
1
1
0 198 201 7010
0 750 766 9029
1
1
1
1
1
0 640 910 4967
0 169 444 752
1
0 167 364 6305
1
0 198 902 4516
1
1
0 192 243 6402
1
1
1
1
0 378 885 7447
0 98 195 6619
1
1
1
1
1
0 24 637 6565
0 335 602 4415
1
0 460 963 7372
1
0 329 520 8753
1
0 274 520 8151
0 76 286 9236
0 301 578 3149
0 357 560 8934
0 647 728 9077
0 146 288 4654
0 182 397 1894
1
0 142 449 9522
1
0 330 663 6748
1
1
0 203 345 1219
0 366 576 6944
1
1
1
1
1
0 248 943 1980
1
0 238 567 2991
0 86 660 598
0 250 586 2744
1
0 312 886 9614
1
0 236 812 8415
0 841 915 6303
0 400 588 5554
0 592 699 5927
0 542 829 6698
0 302 417 7249
0 306 996 9943
0 129 563 411
1
1
1
0 663 967 4799
0 603 650 3175
0 416 877 6161
1
1
0 767 772 3208
1
0 363 804 7001
1
0 226 336 3619
0 665 855 1195
0 59 673 2501
0 587 667 7482
1
1
1
1
1
0 755 866 8478
1
1
1
1
0 238 953 4002
1
0 850 992 932
1
1
1
1
0 394 781 3680
0 195 660 6661
1
1
1
1
0 258 568 8158
1
0 460 981 4400
1
1
1
0 171 815 5455
0 443 685 9224
1
1
1
0 344 511 9819
1
0 101 489 6809
0 312 693 7290
0 255 454 4377
1
1
0 189 760 4157
1
1
0 39 918 4291
0 542 969 3129
1
0 353 387 9448
1
1
1
1
0 391 610 7370
1
1
1
0 88 146 3292
1
1
0 99 180 168
0 131 136 3339
1
0 120 467 5043
1
0 112 394 2204
1
1
0 701 929 7723
0 188 400 9700
1
0 515 561 6672
1
0 408 509 2840
0 538 674 3948
1
1
0 85 568 1933
1
0 440 677 4163
1
1
1
0 112 538 2769
1
1
1
1
0 434 660 8019
0 193 354 8893
0 303 568 7582
0 12 259 8265
1
0 41 946 666
0 520 681 233
0 176 647 9624
0 149 318 9654
0 529 719 3765
1
1
1
1
1
0 38 955 9139
1
0 448 964 9790
1
0 33 541 4396
1
0 405 988 178
1
1
1
1
0 410 856 4304
0 421 690 6959
0 48 331 9177
0 131 323 3494
0 159 886 8625
1
0 60 799 7806
1
1
0 517 864 6246
0 126 696 9219
1
1
1
1
1
1
1
0 39 427 7448
0 706 860 6710
1
0 441 865 692
0 32 428 3243
0 165 520 7537
0 563 956 9398
0 36 786 9634
1
0 514 773 9616
0 154 948 2753
0 496 531 7861
1
0 669 864 3921
0 510 545 6857
1
0 509 695 3596
0 273 925 1381
0 638 736 617
1
1
0 315 722 4668
0 633 884 1443
0 40 641 8043
1
1
0 299 317 2008
0 813 992 5518
0 641 650 636
0 940 949 1784
0 588 608 1331
0 422 941 3629
0 523 583 3920
1
0 25 92 6118
1
0 213 696 8492
1
1
0 335 564 7365
1
1
1
0 354 457 3971
1
1
0 515 942 8721
1
0 648 875 8646
0 292 763 3709
0 639 737 1472
1
1
1
1
1
1
0 523 555 1987
1
0 354 458 867
1
0 171 806 6466
0 286 631 9788
1
0 165 889 7944
0 612 913 7670
1
0 163 253 6413
0 120 448 5300
0 199 802 1162
0 814 920 1786
1
0 530 748 2256
1
1
0 300 790 3648
0 588 811 9479
1
1
1
0 306 774 283
1
1
0 378 828 6350
1
0 58 254 881
1
1
0 543 666 5659
0 223 573 6218
0 383 779 2951
1
1
1
0 524 888 2399
1
0 190 653 2967
0 100 636 9073
0 309 797 3677
1
1
0 130 583 4358
0 519 978 8788
1
0 680 743 8894
0 80 408 3640
0 843 996 3126
0 328 587 153
1
1
0 304 336 3209
1
1
0 161 825 3226
0 593 758 5694
0 310 538 4646
1
1
0 514 924 8271
1
1
0 245 724 9430
1
1
0 825 959 8638
0 747 798 4122
0 52 308 6294
0 194 863 7360
1
1
0 730 786 5867
0 579 967 948
1
1
1
1
1
0 432 638 3139
0 114 474 6505
1
0 388 696 73
1
0 180 932 7173
1
0 617 890 5685
1
0 1 437 3559
1
0 250 776 5424
0 14 395 8609
1
0 125 754 9658
1
0 236 282 4577
0 565 833 3011
1
1
1
0 761 900 1267
0 328 551 8027
1
0 155 545 588
1
0 147 419 2534
1
0 274 607 234
0 167 403 9254
0 521 682 6848
0 386 474 3836
1
1
1
0 246 717 2276
0 384 856 9926
0 153 280 410
1
0 885 904 5504
0 160 216 2428
0 221 723 6755
0 276 316 1516
0 798 965 6448
1
0 503 594 5466
0 224 634 2294
0 117 605 1170
0 710 870 1684
0 379 674 4403
1
1
0 560 570 4349
0 19 119 5137
1
1
1
1
0 377 517 1593
1
0 64 962 6830
0 106 975 9839
0 601 828 3674
1
0 387 865 3735
0 174 245 3952
0 82 473 90
1
0 193 263 5589
0 341 695 22
0 639 943 6812
1
0 407 552 8455
1
1
1
0 263 953 6197
1
1
0 304 684 5674
0 467 900 412
0 559 623 5368
0 508 881 9376
0 365 555 2331
1
0 214 804 1020
1
0 11 69 5148
0 823 832 4496
0 154 993 5146
1
1
1
0 351 376 9510
1
0 366 810 2289
1
1
1
1
0 356 986 3387
1
0 401 494 9316
1
1
0 529 590 6514
1
0 212 377 3459
0 12 577 3951
0 475 625 4217
0 270 433 9981
0 188 486 4977
0 133 173 4911
1
1
0 291 304 6042
0 174 806 5708
0 253 554 5680
0 30 919 1216
0 82 254 7156
1
1
1
1
0 32 880 6232
1
0 67 182 4532
0 225 512 8446
0 700 909 9434
0 135 440 7274
0 177 409 7672
0 371 724 1590
0 244 828 4798
0 345 796 4047
0 193 419 7726
1
0 491 697 1044
0 606 735 3240
0 393 549 2441
0 100 339 761
0 209 581 9930
1
0 649 760 7255
0 290 919 7851
0 130 268 9606
0 573 668 9864
0 786 994 2862
1
1
1
0 435 960 6274
0 514 756 2427
1
0 12 570 2210
0 77 974 3537
1
0 103 162 293
0 248 915 1347
1
1
0 503 582 8661
1
1
0 432 982 1737
1
1
0 579 953 4874
1
0 85 793 9077
1
0 404 892 5524
1
1
0 226 474 5518
1
1
1
1
0 324 815 9417
1
0 244 587 9726
1
0 584 821 7093
1
1
1
1
0 102 830 4585
1
0 197 200 5089
0 130 983 9245
0 451 908 3513
0 23 491 2150
1
0 279 610 2674
0 909 964 9862
1
1
1
0 496 908 1624
1000 1000
275 199 78 631 525 171 637 561 593 726 39 782 827 370 613 856 708 487 580 22 469 805 853 318 677 572 204 457 328 587 638 243 432 856 197 62 481 126 26 970 503 573 810 899 212 782 693 781 868 993 385 786 731 531 506 462 408 521 935 730 512 786 578 167 698 446 139 809 930 651 657 944 863 902 751 273 785 56 640 804 322 31 196 168 880 497 491 794 307 853 335 506 560 652 89 165 896 89 56 922 764 206 506 205 178 861 147 240 60 519 770 907 758 443 332 398 149 297 94 246 255 400 165 415 304 33 873 303 534 207 939 443 73 114 475 672 75 445 850 500 835 43 777 222 795 541 682 159 304 802 551 484 462 140 320 759 634 837 148 134 92 782 955 203 281 742 372 73 281 699 725 633 442 364 448 909 685 129 339 775 145 52 60 92 542 192 335 479 62 695 870 931 871 25 506 97 543 761 595 621 499 411 182 324 940 520 843 545 703 798 507 183 149 785 37 89 413 442 498 802 708 832 53 781 494 301 32 527 572 354 48 545 715 610 424 296 166 773 890 647 143 166 772 286 413 379 434 513 34 254 908 839 15 527 320 295 419 565 344 81 840 576 614 550 972 262 784 407 168 652 466 942 128 386 687 881 907 463 981 318 773 563 668 948 545 619 556 686 590 166 302 513 38 158 316 184 648 831 638 598 413 309 261 840 593 107 461 57 399 20 817 537 168 50 54 732 586 616 950 858 204 594 648 818 243 174 468 419 847 343 90 84 511 75 596 814 296 829 428 924 752 905 459 250 78 796 495 614 730 329 6 398 115 283 637 522 505 971 774 838 161 317 220 81 905 55 297 491 358 162 588 972 258 351 44 421 437 725 914 687 216 192 278 433 510 118 596 832 772 755 345 989 457 574 379 629 542 67 885 395 46 107 451 48 958 793 872 968 113 213 994 34 276 330 73 278 584 769 30 692 644 485 286 659 935 597 648 277 271 450 109 36 786 673 334 531 78 582 536 214 490 402 459 119 229 47 756 470 51 714 722 973 469 147 363 905 178 682 66 882 735 24 215 54 336 7 383 414 280 962 740 572 57 380 794 42 156 45 331 923 542 285 568 9 476 558 658 32 403 904 220 37 594 960 34 182 263 87 626 630 198 262 54 713 772 327 923 787 766 933 751 324 599 39 192 179 881 45 253 429 508 55 495 763 979 865 905 720 958 471 320 18 859 874 526 186 633 585 839 246 542 209 788 995 465 199 660 569 198 202 442 44 913 485 748 199 546 40 449 570 979 520 413 601 679 626 711 421 818 919 945 209 890 595 394 928 11 381 206 369 443 558 463 875 697 441 310 146 42 819 874 34 559 5 874 345 845 509 903 352 367 309 498 723 904 662 872 697 580 161 309 829 841 304 624 877 815 649 388 531 406 82 551 345 709 774 799 953 986 34 919 898 953 726 41 460 179 208 874 458 441 238 959 401 150 201 588 447 212 942 747 438 395 468 680 915 613 993 665 824 740 117 171 228 577 350 840 735 705 157 54 62 743 962 258 156 451 497 280 874 429 688 177 337 704 719 476 873 661 990 204 841 391 486 522 763 222 895 825 258 632 598 356 983 316 193 740 565 339 843 42 362 564 392 474 837 938 817 422 978 479 918 741 956 876 595 10 487 610 425 841 837 75 274 718 699 926 431 776 83 929 893 621 323 139 572 291 119 205 520 751 695 47 149 195 767 826 669 586 629 100 349 538 308 284 888 221 613 113 802 840 98 946 433 881 202 366 711 769 422 269 2 356 898 715 801 564 609 925 73 83 93 472 863 690 66 711 721 72 574 70 224 941 428 826 855 837 793 636 495 594 78 960 636 557 714 899 696 132 299 877 753 89 565 287 186 696 842 137 724 985 514 46 601 569 202 905 392 437 832 438 32 94 57 985 35 327 210 607 650 834 350 89 812 91 227 104 567 720 474 170 832 463 799 278 418 150 475 243 725 896 17 816 102 870 675 265 447 850 615 131 951 288 802 123 39 640 332 468 375 170 601 575 543 808 52 271 650 44 188 790 823 557 611 72 100 199 236 615 177 527 19 54 975 557 701 130 90 719 611 927 532 193 752 457 47 101 527 695 999 202 591 256 913 482 646 812 772 747 262 528 244 325 769 863 34 24 451 339 434 730 800 157 651 668 29 767 239 121 93 652 993 677 451 122 209 87 536 201 965 729 639 282 905 536 536 276 770 370 157 37 297 815 654 747 646 400 71 883 266 469 122 532 10 290 927 436 554 840 760 
1
1
1
0 244 300 2664
0 583 836 1295
0 645 947 5111
0 196 307 9760
0 95 775 8096
1
1
1
0 116 971 9140
0 92 699 2944
1
0 278 842 9801
1
1
1
1
0 246 542 5418
0 246 633 9825
0 373 482 1003
0 283 988 9238
0 214 223 8856
1
0 301 736 706
1
1
0 147 586 1406
1
1
0 732 882 8239
1
0 160 799 9909
1
0 150 415 7790
1
0 311 390 6808
0 232 290 6462
0 17 837 4588
1
0 367 993 2006
0 132 720 6207
1
1
1
1
1
0 557 750 4574
0 870 914 4035
1
1
1
0 51 172 2511
0 679 688 4899
0 83 691 9111
1
1
1
1
0 64 161 9775
1
0 155 266 3840
0 494 692 9981
0 727 880 8643
1
0 201 914 6058
0 745 864 8969
1
0 271 952 9928
1
0 582 940 1971
1
1
0 163 447 4
0 245 492 4727
0 119 212 1146
1
0 109 750 6095
1
1
1
1
1
1
0 145 697 4962
1
1
1
1
1
1
1
0 19 575 3697
0 215 882 8036
1
0 137 761 4683
1
1
1
0 365 370 1466
1
0 1 951 5671
0 331 731 930
0 734 949 6954
0 443 903 6131
0 122 771 7165
1
1
0 10 248 2861
0 183 349 4469
0 436 517 2137
1
0 280 287 5970
0 567 658 5445
0 420 564 1603
0 38 435 7353
1
1
0 136 957 4179
1
1
0 342 829 3073
0 253 776 4342
0 406 982 1452
0 69 244 4064
0 222 239 1215
0 38 310 4210
1
0 563 694 8511
0 258 483 5304
0 106 624 8700
1
0 623 848 7320
1
0 206 958 1121
1
0 308 905 4910
0 80 160 2626
1
0 737 975 4089
0 55 992 9862
0 472 556 1198
0 47 142 1978
0 208 604 93
0 579 981 1860
0 62 365 6798
1
0 406 805 8201
1
0 190 569 8268
1
1
0 388 447 1954
1
1
0 579 594 3252
1
0 752 778 4227
0 273 876 5391
0 31 462 1622
1
0 508 933 8583
1
1
0 294 391 8676
0 757 772 8537
1
0 377 859 5761
0 709 905 704
0 155 442 5150
0 247 278 9284
1
0 256 978 5217
0 65 81 5290
1
1
1
0 310 730 2274
1
1
0 16 383 3006
0 442 729 4441
1
1
0 15 462 1686
0 163 470 6953
1
1
0 33 516 9465
1
0 650 778 2752
0 716 879 4217
0 830 918 3048
1
1
1
0 183 650 4980
1
1
0 496 952 5035
1
1
0 705 813 5960
0 719 997 7193
1
1
0 122 524 7733
1
0 459 981 9370
0 593 841 6668
1
1
0 67 953 2781
0 778 934 7618
0 51 822 6958
0 243 929 7557
1
1
1
1
1
0 116 595 2638
1
1
1
1
1
1
0 696 890 8532
0 456 845 4877
1
0 218 347 3351
0 249 557 7007
1
0 358 775 8219
0 600 901 1926
0 262 659 6335
0 360 722 7653
0 190 288 8045
0 449 904 6482
0 112 1000 8426
0 96 400 6911
0 332 576 2508
0 626 758 8171
1
0 225 343 8539
1
1
0 158 664 9112
1
0 59 653 8079
0 57 133 5512
1
1
1
1
0 76 445 6202
1
0 219 497 2478
0 371 700 2474
1
0 399 977 5554
0 298 322 8719
0 189 997 8964
0 398 735 1218
1
0 299 515 2348
0 55 191 4859
1
0 184 973 4521
1
0 482 648 5036
1
0 531 940 199
0 770 884 5725
0 909 961 5951
0 915 932 826
0 701 872 1477
1
1
0 496 536 2935
1
1
1
1
1
0 477 745 3428
1
1
0 740 902 5007
1
1
0 680 825 2407
0 638 963 4001
0 52 881 5653
1
1
1
1
1
0 244 762 7346
1
1
0 81 867 4623
1
0 286 823 9904
0 409 889 2747
0 253 454 2434
1
0 210 655 6214
0 12 689 6065
0 531 630 2888
0 54 790 9312
1
1
0 169 906 3682
1
1
1
1
0 23 705 9752
0 381 930 3927
0 523 867 6414
0 261 395 3027
1
1
0 515 528 3367
1
1
0 370 420 4631
0 554 825 7984
0 484 946 2572
0 213 401 8562
0 220 288 3590
1
1
1
1
0 719 925 4539
1
0 482 704 4760
1
1
1
0 304 695 9602
0 7 896 7916
0 241 752 8333
1
1
0 659 790 7404
1
1
1
0 112 796 9779
0 497 733 2998
1
1
1
0 477 560 5586
1
1
0 133 485 8810
0 89 734 3727
1
0 396 441 3385
0 458 619 7542
0 246 950 3377
0 560 774 5915
1
1
0 291 586 7865
1
0 85 505 621
1
1
1
0 522 682 8816
1
0 15 60 6836
0 219 563 6016
1
1
0 125 281 8061
1
1
1
1
1
0 546 556 5221
1
1
1
0 280 416 482
1
1
0 551 886 8365
0 590 621 6560
0 658 798 9981
1
0 252 536 6691
1
0 332 516 8938
0 222 247 2788
0 246 432 96
1
1
0 193 573 6807
1
0 129 951 902
1
1
1
0 75 917 4399
0 12 75 675
0 160 711 990
0 840 912 9210
1
0 89 403 4428
1
0 476 608 8386
1
1
0 391 860 8212
1
0 39 636 6504
0 780 812 2973
0 738 772 1416
0 308 370 9535
1
0 557 965 2297
1
0 446 994 4385
1
0 380 974 9819
1
0 196 689 5372
0 461 463 4110
1
1
1
0 547 786 659
0 14 134 9107
1
1
0 169 299 655
0 399 650 1272
1
1
0 617 624 8729
0 449 505 3500
1
1
0 485 869 4501
0 380 724 373
0 682 848 6902
1
1
0 749 805 1756
1
0 192 482 3075
1
0 70 817 2104
1
1
0 554 953 2470
1
1
1
0 531 974 9878
0 177 801 4777
1
1
1
1
1
0 80 695 8477
1
0 574 761 3110
1
1
0 101 329 9343
0 100 623 6119
1
0 269 536 9674
0 205 973 3706
1
1
1
0 220 426 9652
1
0 82 602 9371
1
0 339 795 5130
0 28 513 1382
1
0 239 315 7151
1
1
0 158 700 9172
1
1
0 2 679 129
1
1
0 247 555 3473
1
1
0 4 156 7898
0 174 797 4002
0 249 722 9457
0 439 778 6145
0 136 366 4637
0 612 982 7413
1
0 657 838 6711
0 480 549 7650
1
0 54 448 552
1
0 440 841 4160
0 258 715 8011
0 462 846 3450
0 162 582 6013
0 236 821 4047
1
1
1
0 329 416 7129
1
1
0 470 905 5983
0 569 760 2440
1
0 663 709 8905
0 385 636 1423
1
1
0 313 579 2880
1
1
1
0 28 519 1723
0 565 861 6750
1
1
0 49 387 742
0 259 367 8577
1
1
1
1
1
0 249 520 7052
1
1
1
0 411 712 8777
1
0 244 278 1257
0 129 762 1820
1
1
1
0 106 172 4977
1
1
0 692 812 8781
0 171 879 4497
0 505 804 9250
0 702 823 8058
0 461 555 9191
1
1
1
1
0 71 822 9017
1
0 431 705 83
0 140 800 4994
1
0 212 437 4423
0 84 267 5655
0 229 679 3984
0 110 510 8601
0 219 910 6264
0 433 671 1154
0 457 968 8713
1
1
1
1
1
0 28 480 1168
1
1
1
0 87 267 3709
0 315 384 5560
0 675 733 6646
0 307 484 687
0 664 811 743
1
0 198 804 465
0 181 832 2664
1
0 445 854 9804
0 434 785 4684
0 243 260 597
1
0 119 203 572
1
0 556 891 983
0 192 421 8549
1
0 428 567 3843
0 130 749 1397
0 169 415 1139
1
1
0 331 845 3770
1
0 36 599 9064
1
1
1
1
1
0 301 689 1063
1
0 50 864 9811
0 15 62 9177
1
0 69 563 7029
0 25 765 2335
1
1
1
1
1
1
1
1
0 782 824 7320
1
0 336 520 9877
0 929 965 5345
0 559 641 2136
0 941 968 1006
1
0 511 856 7258
1
1
0 625 886 1242
0 434 799 1797
1
0 333 622 2026
0 960 974 6084
0 304 908 8518
0 468 793 8121
1
0 174 657 5206
0 381 694 2148
1
0 137 591 9598
0 872 884 6124
1
0 194 475 611
0 63 524 9941
0 134 711 2736
0 657 780 5792
0 736 788 3441
1
0 365 845 5927
0 113 259 4685
0 547 795 3606
0 315 614 4273
0 123 371 9672
0 753 945 7984
1
0 36 847 6536
1
0 107 980 9054
1
0 495 853 6163
1
1
0 247 483 9955
1
0 443 862 1688
1
1
1
0 160 196 8379
0 513 921 7263
0 130 492 9334
1
1
0 489 501 3132
0 353 939 353
1
1
0 126 473 6604
0 509 682 2235
1
0 34 681 6880
0 98 118 1959
1
0 666 849 1495
0 760 802 5806
1
0 657 808 1876
0 17 693 1627
0 588 968 8297
0 337 763 6517
1
1
0 205 796 1046
1
1
1
0 543 575 2369
1
1
0 27 795 6568
0 348 694 1538
0 206 657 3316
1
1
0 446 813 2235
1
0 14 601 2727
1
1
1
0 51 619 1138
0 414 913 7062
0 628 741 8554
1
1
0 68 432 5977
1
0 107 131 9802
1
1
0 522 660 7386
0 317 839 2211
1
1
1
0 574 845 8854
0 591 926 6217
0 622 958 1587
0 6 888 1487
1
1
1
0 234 636 7396
0 142 189 6491
0 192 456 2299
1
0 829 876 5517
1
0 188 276 3295
1
0 356 473 8366
1
0 258 609 3638
0 8 559 2013
0 77 229 797
1
1
1
0 8 294 6956
0 347 402 2630
1
1
1
1
0 500 576 1942
0 129 743 5023
0 349 856 4366
1
1
0 637 648 2606
1
0 109 614 417
1
0 492 663 5073
0 387 650 1764
0 604 986 3344
1
0 61 175 8620
0 182 211 5008
1
1
0 256 442 9426
0 304 522 4618
1
1
1
1
1
1
1
1
1
1
0 932 992 2705
1
1
0 161 812 1735
0 356 670 128
0 25 346 9791
1
1
1
1
1
0 697 947 2077
0 528 946 9232
0 777 977 363
0 93 997 3659
1
1
0 523 749 907
0 593 802 2574
0 383 778 1113
1
1
1
1
1
1
1
1
0 284 399 5225
1
0 241 608 9557
0 42 226 1715
1
1
0 133 400 5609
1
0 2 797 3809
1
0 377 737 6540
0 846 996 7588
0 196 662 3889
0 13 524 7443
0 413 908 8342
0 579 851 559
0 423 682 5443
1
0 340 591 5621
1
1
0 35 326 2992
0 298 376 4820
1
1
0 490 870 9657
0 78 857 2676
0 60 599 9341
1
0 731 861 5235
0 324 424 289
0 128 724 1393
0 20 28 106
1
0 59 576 7417
0 804 872 6028
1
1
0 553 682 4357
1
0 142 522 7736
0 630 911 3839
0 58 238 4895
1
0 525 785 8623
1
0 624 819 402
1
0 282 366 590
1
0 428 494 3986
1
1
0 327 764 7012
1
0 281 434 1577
0 218 796 4357
1
1
0 483 608 4874
0 83 196 6674
0 49 721 5760
1
1
0 568 993 1635
0 80 436 8032
0 23 854 5789
0 524 965 6064
1
0 259 646 4900
1
1
0 333 994 4175
1
1
0 13 411 2101
0 406 576 9230
0 338 548 6729
1
1
1
0 100 718 899
1
1
1
1
0 335 815 4198
1
1
1
1
1
0 919 977 3068
1
0 52 210 5659
0 552 885 931
0 299 915 853
1
1
1
0 19 293 384
1
0 520 798 310
1
1
1
1
1
0 127 415 8805
0 173 253 6406
1
0 797 922 4072
1
1
0 537 763 3037
1
1
1
1
0 848 936 1517
0 245 704 6142
0 261 468 3924
0 128 915 2867
1
0 435 494 8949
0 156 939 6562
0 396 428 7725
0 4 75 5534
0 348 899 356
1
1
1
1
0 373 898 8168
0 128 973 4594
0 270 672 4426
1
1
0 251 323 2084
1
1
1
0 305 373 2009
1
0 477 937 5611
1
1
1
1
1
0 390 849 8299
0 240 820 2332
0 70 514 6444
1
1
0 574 654 1081
0 895 946 9779
0 94 769 3494
0 619 802 9881
0 698 836 3811
0 228 463 2403
0 380 907 548
0 92 717 4341
1
1000 1000
855 504 409 355 442 45 255 560 460 728 357 226 377 629 566 901 450 512 235 737 45 108 472 483 242 51 479 137 293 926 710 87 116 776 964 769 988 439 483 173 150 61 788 664 337 831 391 925 440 711 889 123 460 886 386 522 289 644 201 669 479 415 532 221 158 323 420 832 735 493 502 588 386 272 656 265 277 458 526 606 783 744 647 782 535 208 176 226 893 798 53 820 288 537 399 882 358 76 953 747 312 265 668 236 645 636 159 782 118 891 280 86 203 221 878 308 617 110 52 230 67 520 824 623 283 447 492 642 393 794 138 855 821 261 460 468 586 926 43 334 84 801 483 640 687 310 351 539 514 637 389 90 279 676 957 144 799 145 339 309 477 991 200 210 574 613 767 654 66 793 522 961 989 156 652 775 898 913 661 740 942 19 812 23 361 798 457 903 394 74 471 316 810 800 147 206 471 722 740 956 887 27 80 600 500 135 242 700 374 64 487 871 455 887 812 8 619 747 338 526 110 532 364 341 401 391 146 169 989 127 106 339 72 334 283 615 733 263 931 624 170 394 332 239 411 183 433 966 911 234 194 995 739 439 95 438 676 15 578 973 744 793 859 745 63 812 237 665 967 868 785 623 625 188 340 444 23 216 823 986 681 644 75 106 978 84 139 535 352 501 191 458 402 747 376 291 244 525 144 663 972 608 17 553 916 523 192 872 952 218 676 890 481 582 786 965 769 64 741 482 547 209 77 839 368 371 835 547 191 482 367 748 9 594 514 343 499 192 885 445 377 596 133 318 222 934 885 105 604 266 74 880 248 295 882 515 407 544 496 513 995 874 192 876 841 897 488 610 932 422 448 679 300 698 245 219 504 338 106 150 453 989 2 822 831 825 953 169 882 922 730 254 401 763 340 557 197 139 78 830 700 942 710 212 908 906 448 527 932 705 149 130 412 178 189 50 397 361 411 698 506 940 298 77 110 398 255 324 571 402 589 724 617 154 594 136 758 849 976 852 566 612 34 433 780 500 189 70 975 124 435 489 521 153 834 720 563 340 361 628 592 617 14 414 398 856 556 896 700 563 725 889 561 149 330 808 136 484 862 874 686 807 984 632 598 316 206 738 539 679 960 599 76 375 204 252 816 463 959 715 985 889 184 668 981 671 819 270 883 691 597 203 74 724 758 448 235 782 259 408 416 478 813 345 973 112 613 995 442 2 819 766 567 861 389 357 270 903 656 412 268 721 788 853 94 292 176 230 934 894 380 265 634 340 143 700 246 587 705 925 435 993 702 381 924 714 959 876 695 186 998 228 250 73 737 918 173 960 689 72 977 831 329 814 871 555 911 849 567 146 305 307 811 93 47 93 61 135 240 552 695 81 652 325 953 527 488 702 868 325 121 270 74 472 208 239 361 85 534 608 838 99 788 165 474 623 804 99 849 255 374 761 891 822 966 20 545 937 157 342 628 224 1 727 167 50 558 871 240 157 452 210 427 6 968 458 539 955 375 839 915 810 205 829 422 749 902 642 659 847 483 681 634 423 398 168 384 650 989 697 474 917 317 43 116 557 692 677 866 401 122 519 65 102 375 253 674 851 382 453 963 349 187 100 421 106 967 868 879 944 401 892 298 110 385 825 86 536 13 362 306 201 710 267 894 679 597 898 720 71 795 989 260 322 820 390 754 300 504 373 367 534 809 388 564 190 439 327 965 61 149 235 448 685 922 9 574 704 169 44 485 22 680 298 760 849 263 163 231 988 908 729 680 885 437 796 184 142 553 469 459 345 445 907 242 965 408 88 252 232 21 854 341 293 133 419 333 381 139 596 446 59 249 434 778 290 811 916 963 311 692 445 38 48 792 339 543 227 550 120 938 356 886 54 612 113 77 485 88 56 284 961 865 349 309 794 790 588 586 349 706 374 250 366 376 82 801 334 112 901 125 843 143 358 6 156 769 912 857 561 406 341 909 134 477 664 71 98 579 4 849 640 852 107 527 151 22 822 476 603 300 983 317 436 550 379 441 398 148 965 336 888 180 992 312 759 269 30 319 447 997 137 1 419 912 670 359 264 917 389 824 157 335 199 321 912 160 134 823 904 471 659 690 100 775 65 34 178 264 555 171 449 633 171 160 473 53 346 591 798 881 315 265 908 291 911 549 991 813 130 917 275 239 90 917 552 652 200 874 802 73 775 309 961 987 429 701 77 457 953 668 807 31 445 877 309 713 451 753 350 600 609 424 141 200 164 538 880 823 691 584 359 141 937 302 381 21 275 47 648 
1
1
0 586 872 6088
0 545 630 1240
1
0 46 572 1019
1
0 78 428 1377
0 52 494 3061
1
0 345 625 5088
0 286 899 4286
1
1
0 77 102 4811
1
1
0 238 619 6671
0 210 874 6829
0 696 996 7945
1
0 123 709 2217
1
0 548 737 8279
1
0 181 380 4177
0 829 950 702
0 62 474 1433
0 829 838 5143
0 267 833 4665
0 423 858 4065
0 616 777 8241
1
0 288 304 4449
1
1
0 26 433 9177
0 300 308 2921
1
0 546 766 6280
0 43 235 3865
0 540 598 5972
1
0 423 508 4585
1
0 433 775 3371
0 300 867 4504
0 660 994 2206
1
0 461 751 7490
1
1
0 250 613 9002
1
0 57 654 3154
0 506 908 5420
1
0 646 804 1814
1
1
1
1
0 318 643 6201
0 795 843 8823
0 833 852 3830
0 338 942 2636
0 255 497 3146
0 383 585 4005
1
1
0 86 929 7243
1
0 691 770 1474
0 206 308 299
1
1
1
1
0 71 78 4510
0 345 822 365
0 38 299 1249
1
1
0 197 826 7299
0 173 550 5050
1
1
0 66 316 5720
0 64 361 4108
0 601 701 6518
1
1
0 214 451 555
1
1
1
1
0 50 522 38
0 568 643 4736
1
0 365 959 2170
1
1
0 281 314 9738
1
0 69 558 9190
0 252 436 6522
0 757 789 2457
1
1
1
1
0 127 554 9974
0 262 658 3085
0 526 642 1980
1
0 211 678 4181
1
0 261 873 8050
0 583 833 1888
1
1
0 329 346 5672
1
1
0 295 576 2351
1
0 660 744 4640
0 268 492 3721
0 305 337 2705
0 179 689 9669
0 454 790 1247
1
0 353 866 1000
0 577 706 7934
1
1
1
1
1
0 235 425 9705
0 300 773 3731
1
1
1
0 156 172 9853
0 211 600 5682
1
0 203 540 3249
1
0 30 527 69
0 231 775 7882
0 283 417 9717
1
1
0 83 429 7071
1
1
0 146 374 5316
0 882 959 4278
1
1
0 24 224 9957
0 118 457 6594
0 2 422 4550
0 264 697 7761
0 280 672 2512
0 8 623 7336
1
0 342 680 4731
0 540 999 6047
1
0 258 814 5984
1
0 717 921 6893
0 495 734 3301
0 328 651 214
0 115 463 5222
1
1
0 530 638 5688
0 102 257 8053
1
1
1
1
1
1
0 423 479 7695
1
1
0 585 699 1475
0 193 801 1525
0 391 787 3287
1
0 544 562 4472
1
1
1
1
1
1
0 189 286 7696
1
0 344 540 9018
0 119 530 2133
1
1
1
0 546 805 2819
1
0 211 663 44
1
1
0 69 933 1003
1
1
1
1
0 189 851 9854
0 286 566 9518
1
1
0 632 685 4627
1
0 135 744 1264
0 530 628 4565
0 62 428 1536
1
1
1
0 148 312 7299
0 318 826 194
1
0 121 146 7870
0 542 872 4425
1
1
0 18 297 1282
0 119 776 252
0 350 811 3331
0 199 852 5871
1
1
0 48 511 8369
1
0 349 491 5606
1
0 130 553 5806
1
1
1
0 191 647 6120
1
0 690 792 4489
1
0 468 827 2725
1
1
1
1
0 100 138 233
0 279 675 2883
1
1
0 317 627 8501
1
1
0 432 637 5040
0 349 559 9918
0 337 575 4085
1
1
0 58 385 1251
0 246 454 6470
0 526 963 1689
0 661 882 3690
0 342 738 9901
0 585 857 3380
0 291 802 6569
0 605 987 2840
0 495 880 2241
0 24 145 3170
1
0 684 742 7266
0 354 717 9992
0 146 539 4807
0 221 391 1433
1
1
1
1
1
0 388 567 3756
0 316 996 2706
1
0 209 703 1568
0 203 401 2691
0 836 972 9340
1
0 846 975 2686
1
1
0 577 816 5510
0 243 790 333
1
1
1
1
1
0 425 457 7715
1
1
0 7 393 6545
1
1
1
0 224 970 7286
1
1
0 354 529 988
0 387 429 8745
1
0 444 475 8284
0 207 319 1319
0 107 130 9404
1
0 4 252 6930
0 707 746 7613
0 364 968 6457
0 89 200 9071
0 625 821 729
1
1
0 89 771 4534
0 125 135 8390
0 187 445 4980
1
1
1
0 505 931 7810
1
0 510 551 6505
0 47 186 1045
1
0 178 664 8434
1
1
1
0 655 711 2242
1
0 577 775 91
0 534 679 2047
1
1
1
0 294 582 4940
1
0 47 383 1661
0 93 720 8510
1
0 923 925 719
1
1
0 166 622 4497
1
0 281 877 8603
0 279 945 7052
0 360 455 2920
0 715 784 6828
0 613 827 3351
0 502 793 9728
1
1
0 394 564 591
0 532 538 5497
1
1
1
1
1
0 285 764 6239
1
0 21 102 9617
1
1
1
1
1
0 234 401 6983
1
0 448 623 904
0 438 606 7026
0 27 598 3291
0 397 670 4273
1
1
0 178 674 8990
1
1
0 602 659 2374
0 665 692 4220
0 455 496 9949
0 75 137 8361
1
0 231 870 4563
0 390 478 3552
1
0 373 411 9304
1
0 176 302 7150
1
0 88 938 8260
1
0 284 819 6661
0 179 876 2641
0 163 778 8351
0 339 772 3650
1
0 901 990 5574
1
0 188 881 2879
1
0 408 784 2193
1
0 278 915 7990
1
0 621 956 3631
1
1
1
1
0 113 733 3464
0 37 609 3551
0 353 737 4434
1
0 491 537 1119
0 161 197 5816
0 298 667 2955
1
1
0 151 587 1264
0 763 906 5238
1
1
0 89 207 4975
0 258 457 6871
1
0 828 853 9681
0 165 862 1277
0 372 795 275
1
1
1
1
0 104 955 393
1
1
1
1
0 185 472 7482
0 489 936 5822
1
1
0 438 883 8550
0 264 730 2196
1
0 561 754 8735
0 857 946 5940
0 431 766 8499
1
0 528 600 1744
1
0 120 986 7488
0 209 602 3056
1
1
1
1
0 623 810 8803
0 543 660 6824
0 660 697 7144
0 102 558 5143
0 564 771 6368
1
0 323 968 9807
0 256 839 5901
0 66 503 6090
1
1
0 324 398 9121
0 163 657 2674
0 389 961 2892
1
0 231 315 9772
1
0 408 606 3907
0 344 1000 350
1
0 161 690 7113
0 409 606 2904
0 195 225 5228
0 64 251 4197
1
1
1
0 143 265 1274
0 15 596 8614
0 86 715 4697
0 171 590 7720
1
1
0 729 889 5446
0 1 179 9157
0 622 748 3568
1
1
0 524 935 7388
1
1
1
1
0 91 176 8605
1
1
0 310 754 8780
0 331 902 9803
1
1
0 453 863 4623
1
0 426 944 7399
1
1
1
0 126 531 9762
0 461 815 5960
1
1
1
0 916 977 7841
0 587 612 6714
0 254 965 2176
0 654 994 3080
0 532 551 4934
1
0 300 658 4651
1
0 320 545 6070
1
0 231 301 546
1
1
1
1
1
1
0 62 351 6091
1
1
1
0 387 721 3695
1
0 208 835 5332
1
0 8 307 8415
1
0 411 618 2459
1
1
1
1
0 739 918 6436
0 195 228 8856
0 19 773 258
1
0 23 480 810
1
0 505 529 4866
1
1
0 261 457 8102
1
0 189 923 7967
1
0 713 723 4116
0 105 463 321
0 615 821 9709
1
0 353 735 6487
1
0 183 299 5026
0 433 936 521
1
0 576 725 9929
0 408 715 9433
0 420 810 170
1
0 41 444 7924
1
1
1
0 146 342 8700
1
1
1
0 895 897 7133
0 232 508 3517
0 68 914 2996
0 186 513 1019
0 64 448 39
0 139 412 5746
1
0 186 933 3538
0 449 474 6529
1
0 215 909 3058
0 46 62 6914
1
0 2 204 5287
1
1
1
0 604 706 3439
0 474 557 7034
0 215 536 1268
1
0 236 910 7600
1
0 178 343 9287
0 114 833 1985
1
0 537 704 3034
1
0 437 744 2465
1
1
1
1
0 313 373 9855
1
1
0 554 634 9494
1
1
1
0 126 706 9013
0 117 215 9578
1
0 402 512 6299
1
0 14 732 2284
0 202 609 4638
1
1
0 568 828 1032
0 543 707 8798
1
0 268 725 4553
0 170 180 7160
1
0 625 887 5479
1
1
0 597 685 1688
0 226 489 5029
0 437 624 9769
1
0 49 934 1014
0 137 566 2672
0 446 770 569
0 442 907 7406
1
1
0 97 233 2236
1
0 493 555 2738
1
1
0 572 696 7351
0 789 984 3162
1
0 589 608 2277
1
1
0 18 346 6919
0 304 402 126
0 385 934 1232
0 182 606 7625
1
1
0 620 898 4659
0 30 802 3576
0 372 773 6551
1
1
1
0 200 670 470
1
1
0 179 958 5524
0 257 672 4444
1
1
0 122 171 5254
0 463 907 1093
0 28 878 3535
0 542 917 2039
0 322 413 6957
1
0 297 372 726
0 269 587 3830
0 379 784 2362
0 235 562 4391
0 363 684 9564
0 16 221 504
1
1
0 711 989 7767
1
1
0 94 234 899
1
0 908 917 4075
0 679 801 7697
1
1
1
1
0 194 661 7321
1
1
1
0 330 390 9089
1
1
0 366 451 5113
0 160 734 945
0 159 239 6902
0 158 493 2845
0 504 947 3667
0 244 789 7286
1
1
0 162 464 7506
0 671 805 8308
1
0 485 575 3681
0 193 269 2632
0 64 583 8823
0 756 964 4178
1
0 174 941 3196
0 17 162 475
1
1
0 261 320 7300
1
0 7 890 5618
1
1
1
1
0 213 409 9611
1
1
0 87 948 4467
0 34 264 7983
0 696 720 171
0 354 629 9786
1
0 407 998 3980
1
0 359 557 6737
1
0 102 187 6791
0 431 924 7089
1
0 174 959 7081
0 875 910 1625
0 549 585 3456
1
1
0 528 882 2896
1
0 167 867 1173
0 213 851 993
1
0 298 514 9624
1
0 623 761 96
1
0 71 243 1191
0 406 457 2536
1
0 521 536 6237
1
1
0 407 935 8142
0 119 841 9320
1
1
0 294 393 1821
1
1
1
0 16 846 2363
0 579 714 5544
0 6 356 699
1
0 618 795 7891
1
0 650 695 1188
0 669 770 7586
0 539 994 571
1
0 577 681 9184
1
1
0 67 274 3549
0 180 497 6644
1
0 118 986 2022
0 457 766 308
0 546 854 1329
0 782 937 2802
1
0 140 317 5248
0 690 893 318
0 739 792 1749
0 361 731 1294
0 107 942 4315
1
0 296 753 6131
0 150 333 7168
1
1
1
0 143 625 9989
0 485 717 9538
1
0 294 302 4042
1
1
0 516 995 7241
1
1
0 174 853 5225
1
1
0 656 862 5595
1
0 233 688 5446
1
0 152 338 9134
0 62 411 3625
1
0 141 882 2638
0 216 861 2769
1
0 9 37 4789
0 292 748 5396
1
0 177 292 5486
1
1
1
1
1
1
1
1
1
0 273 420 8927
1
1
0 37 136 4352
0 305 437 2187
1
0 176 890 2212
0 14 881 624
1
0 38 422 4689
0 414 913 2133
0 1 808 8745
1
1
1
0 219 739 2862
0 228 564 4882
1
0 433 838 28
0 401 412 8881
0 102 190 3923
0 372 679 3440
0 141 208 1362
1
1
0 611 859 8715
1
0 3 957 6503
1
1
0 435 737 9426
0 327 560 9179
0 250 515 2363
0 286 845 9127
1
0 752 830 6099
1
1
0 18 173 8583
0 575 576 7443
0 214 754 3934
0 175 579 3813
0 252 611 2921
0 511 951 9810
0 492 667 594
0 48 409 0
1
1
0 11 816 1782
1
1
0 474 825 9319
1
0 39 781 5058
1
1
1
1
0 100 308 7365
0 212 606 3308
0 59 100 1665
1
0 529 974 6407
1
0 113 315 8723
0 99 691 8803
0 225 505 145
1
1
0 368 597 5637
1
0 731 765 899
0 777 819 5273
1
0 12 714 3045
0 711 741 5628
1
0 803 848 5080
1
1
0 476 510 7229
1
0 5 404 3397
0 499 873 2017
1
1
1
1
1
0 349 817 822
0 939 956 7590
1
1
1
1
1
0 121 597 5919
1
0 35 485 5852
0 708 812 8687
0 393 791 3870
1
0 166 815 1007
1
0 73 186 8909
0 19 388 3237
0 426 561 9757
1
0 73 799 7351
0 101 978 6459
0 65 973 6437
0 61 901 9094
0 530 777 4358
0 520 997 575
1
0 28 405 7486
1
1
0 575 794 7732
0 331 647 5473
1
1
0 62 627 777
0 196 394 8391
1
0 516 797 2192
1
