163336 670
172150 668
172150 668
175155 668
175155 668
175155 668
175155 668
178735 666
189221 664
189221 664
200785 662
200785 662
217024 662
217024 662
217024 662
222236 658
222236 658
231253 656
233259 656
243815 656
243324 656
243324 656
243324 656
243392 654
243392 654
251757 654
251757 654
251757 654
256882 652
256882 652
256882 652
256882 652
263433 650
263433 650
263433 650
264786 648
277329 646
285970 640
285970 640
285904 642
285904 642
292396 642
300775 640
300775 640
300775 640
318987 640
318987 640
318987 640
318987 640
318987 640
318987 640
318987 640
326229 638
326229 638
327383 636
335816 636
353416 636
353416 636
353416 636
363146 636
368101 632
379712 636
383957 632
394527 630
401679 628
401679 628
401779 628
420066 624
428784 622
428784 622
448764 616
453047 614
464664 612
464664 612
467654 612
498666 610
498666 610
508603 610
518101 608
531671 606
540923 604
540923 604
553590 600
554460 600
559987 598
559987 598
559987 598
564098 598
564098 598
564098 598
584760 598
584760 598
584760 598
588427 598
588427 598
588427 598
588427 598
593280 598
593280 598
597725 596
597725 596
611916 596
611916 596
621374 598
621374 598
621374 598
635504 598
635504 598
635504 598
637982 598
637982 598
637849 598
650827 596
650827 596
650827 596
650827 596
650827 596
650827 596
676348 592
676348 592
689473 588
703503 588
712849 588
712849 588
733097 584
743327 584
743327 584
749906 582
749906 582
749906 582
749906 582
749906 582
749906 582
749906 582
763356 580
765857 580
770681 580
770681 580
770681 580
770681 580
799929 578
814202 576
814010 576
816439 578
816439 578
816439 578
816439 578
827469 578
831612 578
836629 578
845620 576
845620 576
856961 572
856961 572
856961 572
856961 572
856961 572
866540 572
866540 572
866540 572
874428 570
874428 570
900034 568
908554 568
908554 568
909597 568
909436 568
909436 568
909436 568
908566 566
909830 566
909830 566
924447 564
931840 562
931840 562
931840 562
945282 564
945282 564
945282 564
945282 564
968158 560
968158 560
976850 558
976603 556
976603 556
976603 556
976603 556
976603 556
976603 556
976603 556
976603 556
976603 556
981485 554
981485 554
981485 554
981485 554
989768 552
989889 552
989889 552
989889 552
989889 552
999079 550
999079 550
1000341 546
1011318 542
1017120 540
1030808 536
1030808 536
1033596 536
1045440 532
1046305 530
1046305 530
1046305 530
1046305 530
1046305 530
1046305 530
1054061 530
1054061 530
1054116 532
1054116 532
1081348 526
1090078 524
1090078 524
1090203 524
1090203 524
1090203 524
1090203 524
1094891 522
1094891 522
1094891 522
1094891 522
1101904 522
1108190 522
1108190 522
1114859 522
1121533 522
1144424 518
1158304 518
1158304 518
1158304 518
1160062 516
1174052 518
1179287 518
1193493 516
1205014 518
1206947 518
1214442 518
1214442 518
1219324 516
1219324 516
1219324 516
1219324 516
1219324 516
1219324 516
1219324 516
1220796 518
1220796 518
1225877 518
1225877 518
1225877 518
1230827 516
1234562 516
1234562 516
1251095 518
1251679 516
1251679 516
1256541 514
1278619 510
1286316 508
1286316 508
1299711 508
1337377 506
1337377 506
1337377 506
1364516 506
1364516 506
1364516 506
1364516 506
1364516 506
1366361 504
1366361 504
1366828 504
1382102 504
1390320 504
1406120 502
1412973 504
1435272 502
1435272 502
1435272 502
1451603 502
1458807 498
1458807 498
1458807 498
1461006 498
1482181 498
1482181 498
1490034 498
1490034 498
1490034 498
1561494 496
1561494 496
1567374 496
1576787 496
1576787 496
1576787 496
1576787 496
1576787 496
1576787 496
1583174 496
1583174 496
1583174 496
1585821 496
1585821 496
1589646 496
1621768 496
1621768 496
1637278 494
1646166 492
1646166 492
1655233 490
1662174 490
1662174 490
1662174 490
1662174 490
1662174 490
1669920 490
1669774 492
1669774 492
1669774 492
1669774 492
1669183 490
1669183 490
1669183 490
1669183 490
1671060 492
1671060 492
1676224 494
1676955 492
1676955 492
1682739 490
1682739 490
1682739 490
1689706 488
1689706 488
1695797 486
1713596 484
1724129 480
1727037 480
1727037 480
1733989 478
1733989 478
1733989 478
1734131 476
1736618 474
1754162 472
1754162 472
1754162 472
1761389 472
1761389 472
1788658 470
1788658 470
1795854 470
1811139 468
1819205 468
1819205 468
1826970 468
1826970 468
1826970 468
1826970 468
1827750 468
1827750 468
1827750 468
1831378 466
1831378 466
1837583 464
1850368 466
1850368 466
1855860 466
1859192 462
1859192 462
1864121 462
1864121 462
1878267 462
1878267 462
1875655 460
1884110 458
1884110 458
1884110 458
1890172 458
1890172 458
1890172 458
1890172 458
1904920 458
1904920 458
1904920 458
1904920 458
1909850 458
1909850 458
1909850 458
1911318 458
1929781 454
1938052 454
1942860 454
1942860 454
1942210 458
1959888 456
1964743 456
1970418 456
1971204 454
1971204 454
1983009 456
1988522 458
1988522 458
1988522 458
1989165 456
1989165 456
1989165 456
2000436 456
2013932 454
2031153 454
2031153 454
2031153 454
2031153 454
2031153 454
2031019 452
2030755 452
2038130 452
2038130 452
2041307 450
2043205 450
2049896 448
2049896 448
2049896 448
2049896 448
2058944 448
2058944 448
2058944 448
2066419 448
2070815 450
2080984 448
2101029 446
2105475 446
2105475 446
2116889 444
2116889 444
2116889 444
2116889 444
2116889 444
2134309 446
2152675 446
2152675 446
2169466 444
2169165 444
2170431 444
2170431 444
2170431 444
2169892 444
2169892 444
2187305 444
2187305 444
2187305 444
2187305 444
2187305 444
2201139 442
2208143 442
2209609 442
2212231 444
2226939 442
2226939 442
2242643 444
2242643 444
2242643 444
2244308 444
2244308 444
2244308 444
2244308 444
2244308 444
2244308 444
2244308 444
2255374 444
2268615 446
2269409 448
2269955 448
2269955 448
2278020 448
168788 658
168788 658
168788 658
168788 658
187140 658
202224 654
212825 652
222906 654
222906 654
222906 654
222906 654
222906 654
223576 654
234249 654
234249 654
244229 652
257509 650
257509 650
267059 650
270991 652
270991 652
278969 648
278969 648
278969 648
296756 646
296756 646
305707 646
305707 646
305707 646
314673 642
314673 642
317935 642
322077 644
328945 644
328945 644
330894 642
330894 642
334164 642
334164 642
334164 642
341726 640
341726 640
341726 640
341726 640
341726 640
344899 640
352043 638
352959 638
352959 638
354544 638
354544 638
364151 638
364151 638
364151 638
364151 638
371208 638
380763 638
387266 638
387266 638
387266 638
392299 636
393813 632
398667 632
398667 632
404383 630
404383 630
407454 628
408184 626
408184 626
408184 626
408184 626
408184 626
408184 626
408248 626
417597 626
419742 628
427423 626
427423 626
437307 626
437307 626
446299 626
463408 624
463408 624
463408 624
470618 622
474265 622
474265 622
474494 622
474494 622
486915 620
486915 620
489575 618
494605 616
494605 616
494605 616
494605 616
494605 616
494605 616
495964 616
501172 614
501172 614
501172 614
515353 612
515353 612
518283 612
518283 612
520199 610
537721 610
545327 608
545270 608
549698 608
558332 610
570237 608
571930 610
587234 606
597665 606
606732 606
606732 606
606732 606
606732 606
606732 606
606732 606
611173 606
611173 606
611173 606
611173 606
611173 606
616728 606
618522 606
631327 604
639820 604
639820 604
645520 604
645520 604
645520 604
645520 604
648964 602
649044 604
652817 604
652817 604
652817 604
652817 604
652817 604
652817 604
652817 604
659896 600
659896 600
666925 596
667144 594
676234 594
676234 594
676234 594
676234 594
689123 594
689123 594
689123 594
703937 594
704738 594
720932 594
720932 594
723424 592
723424 592
738296 588
745458 590
745458 590
765114 586
767068 582
767068 582
767068 582
767068 582
767068 582
767068 582
767068 582
767068 582
776057 582
791191 580
791191 580
791191 580
791191 580
791191 580
791191 580
801037 580
811851 576
811851 576
817154 574
821864 572
821864 572
821864 572
828146 572
828146 572
828146 572
828146 572
863953 568
878140 564
885210 564
885210 564
885210 564
885210 564
885210 564
885210 564
885210 564
888278 564
888278 564
889697 564
899592 564
908246 564
908246 564
941316 560
941316 560
942532 562
951582 564
951582 564
962579 562
971784 562
971784 562
971784 562
971784 562
971784 562
1015811 560
1015811 560
1015811 560
1020160 560
1020160 560
1020160 560
1055303 554
1055303 554
1059307 556
1059307 556
1059307 556
1062013 556
1062013 556
1062013 556
1070383 556
1070383 556
1070578 556
1070578 556
1070578 556
1070578 556
1070578 556
1092352 556
1096419 556
1101476 552
1113227 552
1113227 552
1113227 552
1113227 552
1128366 548
1160263 546
1175628 542
1175628 542
1175628 542
1178083 542
1178083 542
1188571 540
1188571 540
1205697 536
1213572 534
1221350 534
1224275 534
1224275 534
1224275 534
1235877 534
1235877 534
1235877 534
1237430 534
1237430 534
1242378 534
1249385 534
1259048 532
1272032 532
1272032 532
1279255 532
1282245 532
1282245 532
1282245 532
1297037 530
1304770 530
1307290 530
1314717 528
1314717 528
1314717 528
1314717 528
1322265 528
1327205 528
1332284 528
1332249 528
1332249 528
1340973 526
1355452 522
1357993 522
1357993 522
1363440 520
1363440 520
1363440 520
1372033 520
1372033 520
1372033 520
1372033 520
1378174 518
1378174 518
1378174 518
1387015 520
1387015 520
1387015 520
1387015 520
1393173 522
1393173 522
1393173 522
1415116 520
1415116 520
1415116 520
1418546 520
1418546 520
1418546 520
1418546 520
1423976 520
1423976 520
1423976 520
1423976 520
1423976 520
1423976 520
1430482 520
1436059 520
1436059 520
1436059 520
1436059 520
1436059 520
1436059 520
1436059 520
1436059 520
1442664 516
1443952 512
1449656 512
1449656 512
1451103 512
1451103 512
1451103 512
1451103 512
1451103 512
1471051 510
1471051 510
1479256 510
1496773 510
1502936 510
1502936 510
1523934 510
1523934 510
1523934 510
1523934 510
1523934 510
1523934 510
1525176 510
1538653 508
1544205 508
1544212 508
1544212 508
1549512 506
1549512 506
1567396 506
1576079 506
1579333 508
1585314 508
1585314 508
1585314 508
1589450 506
1589450 506
1589450 506
1594092 504
1594092 504
1594092 504
1594092 504
1594092 504
1593142 504
1593142 504
1593142 504
1593142 504
1593142 504
1593142 504
1593142 504
1593142 504
1593142 504
1602137 504
1602137 504
1604381 502
1604381 502
1604381 502
1604381 502
1604381 502
1609885 504
1609885 504
1609885 504
1643508 502
1643508 502
1643508 502
1643508 502
1643508 502
1652535 502
1652535 502
1652535 502
1658074 502
1671043 502
1671043 502
1671043 502
1688109 498
1688109 498
1688109 498
1697898 500
1700023 496
1700023 496
1718124 492
1718124 492
1718124 492
1718124 492
1718124 492
1718124 492
1718124 492
1718124 492
1725082 490
1725082 490
1725350 492
1725786 490
1734858 490
1734858 490
1734858 490
1743398 490
1743398 490
1773321 488
1777952 488
1777952 488
1777952 488
1786495 486
1794078 486
1796682 486
1796682 486
1799782 486
1799782 486
1799690 484
1806198 482
1813388 478
1813388 478
1813388 478
1813388 478
1818394 478
1818394 478
1818394 478
1830749 476
1830749 476
1840227 474
1863436 472
1874667 472
1874641 474
1874641 474
1883571 472
1889949 474
1889949 474
1889949 474
1903914 474
1903914 474
1917980 472
1920680 474
1923867 474
1923867 474
1923867 474
1923867 474
1923867 474
1927977 474
1930126 472
1926579 472
1926579 472
1926579 472
1926579 472
1926579 472
1926579 472
1934039 474
1934039 474
1934039 474
1934039 474
1934039 474
1934039 474
1944316 474
1944438 474
1945247 474
1945247 474
1945247 474
1945247 474
1955006 468
1955006 468
1955006 468
1981481 462
1981481 462
2005227 460
2015728 460
2015728 460
2022772 454
2022772 454
2034905 454
2034905 454
2034905 454
2056328 452
2056328 452
2056328 452
2058273 452
2058273 452
2058273 452
2058273 452
2058273 452
2062736 452
2064499 448
2064499 448
2073912 448
2073912 448
2077568 446
2077568 446
2077568 446
2092783 446
2095667 444
2095667 444
169056 656
176796 656
176796 656
176796 656
183122 654
183122 654
183357 652
212699 648
212699 648
212699 648
227010 650
227010 650
229444 650
229444 650
230662 648
230662 648
240329 648
240329 648
247126 644
252296 642
264495 644
264657 644
264657 644
264657 644
268528 642
268528 642
268528 642
269473 640
269473 640
279923 636
279923 636
279923 636
279923 636
288746 636
288746 636
294035 636
294035 636
294035 636
294035 636
295568 636
295568 636
306548 636
314257 634
341597 632
341597 632
343571 632
347949 628
361064 626
361064 626
373067 624
373067 624
373067 624
391617 624
391617 624
391617 624
420562 620
432746 620
440186 620
446816 620
446816 620
446816 620
446816 620
447564 620
470127 620
470127 620
470127 620
473335 620
473335 620
473335 620
473335 620
485131 618
488405 618
503843 618
510089 618
510089 618
510089 618
510089 618
516313 620
516313 620
520540 620
520540 620
526555 618
526555 618
526555 618
526555 618
526555 618
534181 618
545214 618
545214 618
545214 618
545214 618
545214 618
549852 618
576453 614
586628 610
588238 608
592187 608
592187 608
611873 606
611873 606
611873 606
611873 606
611873 606
619450 606
624976 604
633327 602
633327 602
633327 602
641382 602
644839 604
644839 604
644839 604
658367 600
663798 598
663798 598
672570 596
672570 596
684017 594
684017 594
684017 594
692618 594
701759 594
701759 594
706318 594
706318 594
706318 594
706318 594
706318 594
706318 594
707467 594
711560 594
711560 594
711560 594
711560 594
711766 592
712043 590
717726 588
722846 586
722846 586
722846 586
727030 584
727030 584
727030 584
735895 584
745834 582
745834 582
745834 582
760410 578
771619 576
771619 576
789352 574
798721 574
798721 574
808487 576
833233 570
833233 570
840859 570
848006 568
848006 568
851538 568
859557 566
860721 566
860721 566
860721 566
865547 564
865547 564
865547 564
865635 564
874506 564
886471 564
886471 564
890889 562
890889 562
890889 562
890889 562
890889 562
890889 562
890889 562
898258 560
898258 560
902118 562
917131 556
922530 556
922530 556
922530 556
927032 554
927032 554
927032 554
937820 554
946238 550
946238 550
952201 552
952201 552
959644 550
960607 550
964261 550
964261 550
964261 550
964261 550
967207 548
967207 548
967207 548
972569 548
978039 548
978039 548
984363 548
990036 552
998626 554
998626 554
999143 554
1007537 552
1008191 550
1008191 550
1008191 550
1016727 550
1027040 550
1027040 550
1027040 550
1027040 550
1027040 550
1032823 548
1035393 548
1043984 548
1045439 546
1045439 546
1045439 546
1058117 544
1058117 544
1072596 546
1078437 544
1078437 544
1088673 542
1092559 542
1092559 542
1092559 542
1092559 542
1092559 542
1108503 544
1108503 544
1108503 544
1108503 544
1108503 544
1109255 544
1115560 544
1120076 544
1120076 544
1126478 544
1126478 544
1126478 544
1126478 544
1136753 546
1136753 546
1136753 546
1136753 546
1136753 546
1143318 546
1150690 546
1159443 546
1197854 548
1199997 548
1206745 548
1206745 548
1214318 550
1214318 550
1214318 550
1214318 550
1214318 550
1216057 548
1222390 548
1232004 548
1275213 542
1275213 542
1275213 542
1288395 538
1288395 538
1287881 538
1294752 538
1301337 538
1301337 538
1301337 538
1301337 538
1301337 538
1309661 536
1309661 536
1309661 536
1309661 536
1313663 536
1314545 536
1314545 536
1314545 536
1314545 536
1323449 534
1323449 534
1323449 534
1323449 534
1331409 534
1335809 534
1335809 534
1335809 534
1350488 534
1350488 534
1350488 534
1359761 532
1376999 526
1376999 526
1381019 526
1381019 526
1388368 524
1397816 524
1397816 524
1397816 524
1397816 524
1405186 524
1405186 524
1405186 524
1407966 522
1407966 522
1410546 522
1415480 520
1417684 520
1417684 520
1430142 518
1426079 520
1428720 520
1428720 520
1430653 520
1434816 520
1434816 520
1434816 520
1437585 520
1437585 520
1437585 520
1437585 520
1448243 524
1462126 524
1462126 524
1462126 524
1462126 524
1462126 524
1471265 524
1481055 524
1480721 522
1480721 522
1480721 522
1480721 522
1480721 522
1512395 520
1519838 518
1519838 518
1534466 520
1534466 520
1534466 520
1534466 520
1534466 520
1534466 520
1534466 520
1548624 520
1574495 518
1584065 518
1591443 522
1595196 518
1595196 518
1604489 518
1604489 518
1614052 520
1619733 518
1627897 520
1627897 520
1634474 518
1634474 518
1634474 518
1638445 518
1638445 518
1647166 518
1651513 516
1651513 516
1651513 516
1651513 516
1651513 516
1651513 516
1653500 516
1654367 516
1667172 516
1682357 514
1691245 514
1693455 512
1693455 512
1702934 512
1702934 512
1702934 512
1703214 514
1703214 514
1709564 514
1709564 514
1709564 514
1722739 512
1722739 512
1722739 512
1725011 510
1739992 508
1739992 508
1752984 504
1761639 504
1761639 504
1764488 504
1764488 504
1777204 504
1777204 504
1785475 504
1785475 504
1785860 504
1785860 504
1804362 500
1804362 500
1810229 500
1810229 500
1810229 500
1810229 500
1810229 500
1817716 496
1817716 496
1824391 496
1830076 496
1830076 496
1838685 496
1839152 494
1843729 494
1843729 494
1843729 494
1848919 494
1848919 494
1846385 494
1858072 492
1858072 492
1858072 492
1860766 490
1877724 492
1885640 490
1885640 490
1889642 488
1889642 488
1889642 488
1889642 488
1890379 488
1909709 486
1914868 484
1920894 488
1929040 488
1929040 488
1929040 488
1935237 488
1935237 488
1949156 486
1949775 484
1963825 484
1963825 484
1963825 484
1972392 484
1974198 484
1974198 484
1974198 484
1974198 484
1977308 484
1977308 484
1977308 484
1981576 484
1993627 490
1993627 490
2008440 482
2008440 482
2008440 482
2008440 482
2014672 482
2043274 476
2056026 478
2088920 476
2088920 476
2088920 476
2097621 476
2103319 476
2104468 474
2104468 474
2113129 474
2113129 474
2114866 474
2114866 474
2117913 474
2126990 474
2126990 474
2126990 474
2132508 474
2132508 474
2132508 474
2132508 474
2138823 476
2132428 476
2132428 476
2132428 476
2132428 476
2132428 476
2137013 476
2154995 474
2163087 472
2163087 472
2163087 472
159538 646
159538 646
159538 646
183530 634
183530 634
183530 634
195614 634
204909 630
204909 630
204909 630
204909 630
236099 620
235872 618
235872 618
237278 618
237278 618
245513 618
254906 618
262491 618
280065 618
287782 618
287782 618
287782 618
287782 618
287782 618
296160 618
296160 618
296160 618
311219 612
311219 612
311219 612
311219 612
319893 612
341250 610
355971 610
365713 608
367418 606
367418 606
372535 604
378450 602
378450 602
378450 602
378450 602
378450 602
378450 602
382739 600
382739 600
382739 600
382739 600
382739 600
382739 600
382739 600
393190 596
397027 594
397027 594
397027 594
398067 594
417845 594
417845 594
427312 594
444123 588
444123 588
448302 588
448302 588
456126 586
478134 588
485057 588
485758 586
488356 586
510510 582
518682 582
526849 584
526849 584
528803 584
528803 584
531186 582
541307 580
549097 578
549097 578
564818 574
579823 576
590305 576
590305 576
590305 576
591784 574
591784 574
598988 574
598988 574
607627 574
607627 574
616390 572
623292 570
623292 570
623292 570
628272 570
628272 570
633307 570
633307 570
645280 570
645280 570
652797 570
668219 568
668219 568
692028 568
692028 568
692028 568
692028 568
692028 568
694666 568
694666 568
694666 568
694666 568
694666 568
694666 568
708075 568
714974 566
778218 558
786470 560
786470 560
795233 560
808656 560
808656 560
808656 560
808656 560
814380 560
817918 558
840933 556
847886 556
851784 554
856563 556
867147 556
867147 556
869635 554
869635 554
869635 554
869635 554
869635 554
872630 554
872630 554
876944 552
876944 552
888185 550
888185 550
888185 550
888185 550
888185 550
895342 548
895342 548
899158 546
912696 542
935516 538
935516 538
939099 538
939099 538
939099 538
939099 538
961498 538
961498 538
964627 536
964627 536
987529 534
987529 534
987529 534
987529 534
992068 534
992068 534
992068 534
992068 534
1008423 532
1008423 532
1010054 532
1010054 532
1010054 532
1019188 532
1019188 532
1019188 532
1024365 532
1024365 532
1035519 532
1048689 528
1048689 528
1050228 528
1050849 528
1050849 528
1050849 528
1059212 526
1071876 526
1071876 526
1079826 526
1079826 526
1079826 526
1079826 526
1079826 526
1081058 524
1081058 524
1081058 524
1081234 524
1081234 524
1105539 522
1112161 520
1123808 522
1123808 522
1130555 524
1131457 524
1131457 524
1131457 524
1145550 522
1149978 522
1157612 520
1157612 520
1158606 522
1170522 518
1171234 518
1170954 518
1180546 516
1189881 516
1189881 516
1189881 516
1198829 514
1198829 514
1200756 514
1200756 514
1212923 514
1212923 514
1220198 514
1220198 514
1221954 514
1221954 514
1223779 512
1223779 512
1226249 512
1226249 512
1226249 512
1240526 512
1240526 512
1240526 512
1240526 512
1240526 512
1249003 512
1249003 512
1249003 512
1264307 512
1277448 512
1277448 512
1277448 512
1287049 510
1290650 508
1296761 506
1303234 506
1303234 506
1312406 506
1312406 506
1312330 508
1312330 508
1315803 508
1315803 508
1352973 506
1366983 506
1366983 506
1379418 508
1379418 508
1379418 508
1386547 508
1386547 508
1394970 508
1404794 508
1404794 508
1407142 512
1407142 512
1407142 512
1413252 514
1413252 514
1421414 512
1421414 512
1421414 512
1421414 512
1421414 512
1428387 512
1428387 512
1428387 512
1436962 510
1440039 510
1440039 510
1440039 510
1445016 510
1445016 510
1475887 512
1475887 512
1475887 512
1475887 512
1484904 512
1489548 510
1523529 504
1523529 504
1523529 504
1523529 504
1523529 504
1524697 504
1524697 504
1524697 504
1534990 500
1537489 500
1551778 498
1552208 498
1558603 494
1563969 494
1563969 494
1567739 494
1575293 496
1575293 496
1575293 496
1575293 496
1575293 496
1575293 496
1594281 496
1603041 494
1603041 494
1603041 494
1603041 494
1603041 494
1603041 494
1603041 494
1603041 494
1610094 494
1627452 494
1627452 494
1627452 494
1629249 494
1645223 494
1647371 494
1662214 494
1669839 492
1696914 490
1703450 490
1711790 488
1716304 484
1716304 484
1726259 484
1727947 484
1727947 484
1727947 484
1752477 486
1752477 486
1755615 482
1755615 482
1763839 478
1763476 480
1769790 478
1787330 476
1787330 476
1788376 476
1788376 476
1788376 476
1788376 476
1788376 476
1794576 476
1794576 476
1794812 474
1797539 474
1797539 474
1797539 474
1813372 472
1813372 472
1817541 472
1821632 474
1821632 474
1828872 474
1828872 474
1828872 474
1840894 472
1840894 472
1840894 472
1847393 472
1852205 470
1855474 472
1863725 472
1868084 470
1868084 470
1868084 470
1876867 468
1876867 468
1876867 468
1876867 468
1888198 468
1888198 468
1888198 468
1888615 468
1897813 470
1899734 470
1899734 470
1906434 470
1906434 470
1906434 470
1906434 470
1906434 470
1906434 470
1906434 470
1906434 470
1906434 470
1906434 470
1909139 470
1909139 470
1916729 470
1916729 470
1916729 470
1916729 470
1916729 470
1930971 472
1930971 472
1935565 472
1935565 472
1935565 472
1935565 472
1935565 472
1935565 472
1935565 472
1935565 472
1940790 472
1952062 472
1952062 472
1957671 472
1961480 472
1988687 474
1994308 474
1994308 474
1996347 470
1996347 470
2016453 468
2020666 466
2033598 468
2033598 468
2037955 468
2045435 470
2045435 470
2045268 470
2045268 470
2045268 470
2045268 470
2049582 472
2055516 472
2055516 472
2068590 470
2068590 470
2088475 470
2092988 470
2092988 470
2097163 470
2097163 470
2115223 470
2115223 470
2115223 470
2115223 470
2115223 470
2115223 470
2115223 470
2119264 470
2119264 470
2119264 470
2119264 470
2119264 470
2119913 472
2126814 468
2126814 468
2126814 468
2126814 468
2126814 468
2126814 468
2126814 468
2126814 468
2126814 468
2135107 468
2135107 468
2135107 468
2135107 468
2135107 468
2135107 468
2135107 468
2147341 468
2167751 472
2167751 472
2167751 472
2167751 472
2184258 472
2184258 472
2185883 470
2185883 470
2185883 470
2187552 470
2193163 470
2193163 470
2193163 470
2193163 470
2193163 470
2204665 464
2204665 464
2232188 462
164147 658
164147 658
170069 652
171066 650
174491 648
182598 648
182598 648
187006 646
187006 646
207055 642
209207 642
217486 642
243048 642
247134 642
247134 642
258961 642
274397 646
278369 644
287957 642
295325 642
295325 642
303252 642
309668 634
311021 634
311021 634
311021 634
311021 634
332216 628
332216 628
338841 630
340036 630
340036 630
340036 630
340036 630
343929 630
343929 630
356278 630
356278 630
372313 630
372313 630
372814 632
372814 632
372814 632
372814 632
377467 632
379602 630
379602 630
388831 632
406163 634
406163 634
406163 634
406163 634
420341 632
424183 632
433390 630
433390 630
438706 630
438706 630
440686 630
456838 626
461183 620
461183 620
461183 620
461183 620
461183 620
474075 618
474075 618
474075 618
478037 616
481286 616
498295 616
498295 616
505269 616
505269 616
514486 614
514486 614
547437 614
557614 612
562193 610
572552 604
572552 604
580483 608
580483 608
580483 608
580483 608
580483 608
580483 608
588166 608
588166 608
594190 608
598662 608
598662 608
598662 608
598662 608
598662 608
598662 608
605794 610
616070 608
616070 608
616070 608
618889 608
618889 608
618889 608
619892 608
619892 608
619892 608
619892 608
638301 606
638301 606
642487 608
649102 606
649102 606
649102 606
656595 606
668686 606
668686 606
678803 604
678803 604
687172 604
692778 604
698584 604
698584 604
698584 604
704391 604
704391 604
706708 604
706708 604
706708 604
706708 604
709618 604
709618 604
712203 602
712203 602
730453 602
730453 602
765734 596
783010 594
783010 594
783010 594
783010 594
783010 594
784932 592
797963 588
800355 586
800355 586
805932 584
805932 584
805932 584
805932 584
805932 584
813647 584
813647 584
819830 584
819830 584
819830 584
827093 586
827093 586
835838 586
853890 584
876934 584
876934 584
894149 584
894149 584
894149 584
901681 584
907554 584
915988 584
915988 584
915988 584
915547 584
917685 584
917685 584
917685 584
921239 584
930058 584
930777 584
930777 584
934585 582
971355 578
971355 578
976256 578
976256 578
976256 578
976256 578
976256 578
982033 578
990958 576
990958 576
990958 576
990958 576
990958 576
997941 576
1012956 576
1012956 576
1021946 576
1021946 576
1032949 574
1039841 572
1048766 570
1055916 570
1063931 572
1084032 568
1089606 568
1089606 568
1091799 568
1099198 568
1102729 566
1102729 566
1102729 566
1102729 566
1114116 564
1122121 566
1122121 566
1128375 566
1128375 566
1137033 566
1141540 562
1141540 562
1141540 562
1141540 562
1141540 562
1141540 562
1141540 562
1141540 562
1154645 560
1154645 560
1164548 560
1186995 560
1187760 562
1197359 560
1197359 560
1197359 560
1197359 560
1223365 562
1244547 562
1244547 562
1258116 560
1265003 560
1269260 560
1282657 560
1282657 560
1282657 560
1302962 556
1302962 556
1309525 552
1309525 552
1316132 548
1316132 548
1316132 548
1316132 548
1323869 550
1323869 550
1341603 548
1341603 548
1346226 548
1346226 548
1346226 548
1346226 548
1356504 546
1356504 546
1356504 546
1365656 546
1370307 546
1368729 544
1369275 544
1369275 544
1369275 544
1369275 544
1369275 544
1369275 544
1374560 544
1374560 544
1374560 544
1378255 544
1373738 542
1381473 540
1382927 540
1382927 540
1382927 540
1382927 540
1390274 540
1391084 540
1391084 540
1391084 540
1399186 540
1407153 540
1420441 542
1426928 542
1427449 542
1443077 540
1450631 542
1450631 542
1450631 542
1459331 542
1459331 542
1459331 542
1476892 538
1486959 538
1496739 540
1502026 540
1502026 540
1502026 540
1512147 538
1515779 534
1517764 534
1519122 534
1519122 534
1519122 534
1519122 534
1519122 534
1520871 532
1520871 532
1524121 530
1524121 530
1524121 530
1542712 530
1542712 530
1548774 530
1548774 530
1557572 530
1564906 528
1570385 528
1570385 528
1570062 528
1580669 526
1580669 526
1580145 526
1579588 524
1579588 524
1588851 522
1590680 524
1590680 524
1605659 524
1605659 524
1615497 522
1615497 522
1615497 522
1615967 522
1615967 522
1625261 520
1625261 520
1642417 516
1661612 516
1661612 516
1668836 518
1668836 518
1668836 518
1672691 518
1672691 518
1672691 518
1672691 518
1680002 516
1680002 516
1680002 516
1685996 516
1685996 516
1707569 508
1707569 508
1718276 506
1732451 506
1734363 504
1734363 504
1741598 506
1747216 506
1747216 506
1747216 506
1747216 506
1756411 504
1756411 504
1778786 502
1782308 502
1788997 500
1798877 500
1807647 502
1807647 502
1810543 502
1812709 502
1822299 500
1822395 500
1824929 498
1829487 496
1829487 496
1846949 496
1846949 496
1848770 496
1848770 496
1848770 496
1850445 494
1858049 494
1865552 494
1874293 492
1874293 492
1877690 492
1883587 492
1888684 490
1901076 486
1901076 486
1901076 486
1920603 486
1924645 486
1924645 486
1931497 486
1931497 486
1936722 486
1936722 486
1941807 484
1946797 480
1954914 476
1957302 474
1966687 474
1966687 474
1966687 474
1966687 474
1966687 474
1966687 474
1966687 474
1966687 474
1966687 474
1966687 474
1975614 474
1975614 474
1975795 472
1978007 472
1973871 470
1973871 470
1973871 470
1981206 468
1993425 468
1993425 468
2001936 468
2008344 466
2008344 466
2025439 466
2025211 466
2025211 466
2045446 466
2045446 466
2046857 466
2046857 466
2056176 466
2058546 466
2058546 466
2058546 466
2058546 466
2070441 464
2075863 462
2092847 460
2092847 460
2098410 458
2102730 458
2109546 452
2109546 452
2109546 452
2102317 452
2107035 452
2107035 452
2107035 452
2107035 452
2107035 452
2107857 452
2107857 452
2107857 452
2107857 452
2107857 452
2113776 452
2122665 450
2123672 450
2135947 446
2166441 432
2171393 432
2171393 432
2176866 432
2176866 432
2186034 432
2188178 430
