73 400
1 19 68 2 8 3 6 40 7 47 4 67 69 31 38 71 33 41 23 9 49
1 0
1 0
1 1 5
1 0
1 0
1 0
1 0
0 2 10 11
1 0
0 2 12 13
1 0
0 2 14 15
1 0
1 2 22 16
0 2 17 19
1 1 18
1 0
1 2 21 20
1 0
1 0
1 0
0 2 24 25
1 0
0 2 30 26
0 2 27 28
1 0
1 1 29
1 0
1 0
1 1 32
1 0
0 2 37 34
1 2 35 36
1 0
1 0
1 0
1 1 39
1 0
1 0
1 2 42 43
1 0
0 2 44 45
1 0
1 1 46
1 0
1 1 48
1 0
0 2 66 50
0 2 65 51
0 2 64 52
0 2 53 54
1 0
0 2 55 56
1 0
0 2 62 57
0 2 61 58
1 2 59 60
1 0
1 0
1 0
1 1 63
1 0
1 0
1 0
1 0
1 0
1 0
1 1 70
1 0
1 2 73 72
1 0
1 0
1 60
1 44
1 27
1 60
1 21
1 55
1 58
1 53
1 24
1 53
1 45
1 53
1 21
1 59
1 15
1 52
1 58
1 58
1 29
1 60
1 65
1 61
1 61
1 62
1 6
1 15
1 21
1 70
1 30
1 20
1 45
1 21
1 27
1 59
1 56
1 11
1 61
1 60
1 63
2 1
1 52
1 21
1 60
1 63
1 34
1 57
1 61
1 62
1 37
1 64
1 46
1 55
1 15
1 52
1 18
1 41
1 18
1 63
1 21
1 27
1 6
1 57
1 46
1 38
1 59
1 45
1 28
1 23
1 16
1 53
1 58
1 17
1 17
1 20
1 56
1 57
1 29
1 6
1 5
2 1
1 61
1 27
1 14
1 20
1 25
1 18
1 15
1 61
1 19
1 57
1 58
1 21
1 52
1 20
1 13
1 27
1 57
1 58
1 53
1 61
1 24
1 21
1 64
1 59
1 30
1 58
1 15
1 59
1 62
1 57
1 52
1 63
1 59
1 64
1 17
1 29
1 57
1 19
1 52
2 1
1 51
1 59
1 50
1 58
1 22
1 30
1 47
1 46
1 38
1 71
1 56
1 32
1 30
1 44
1 20
1 54
1 15
1 30
1 16
1 31
1 55
1 42
1 61
1 54
1 31
1 14
1 20
1 20
1 30
1 65
1 61
1 19
1 62
1 29
1 7
1 20
1 55
1 19
1 55
2 1
1 25
1 17
1 28
1 18
1 60
1 65
1 45
1 29
1 60
1 54
1 58
1 32
1 46
1 65
1 63
1 59
1 19
1 62
1 17
1 37
1 59
1 15
1 40
1 57
1 46
1 57
1 53
1 7
1 60
1 12
1 19
1 43
1 28
1 16
1 59
1 38
1 44
1 4
1 58
2 1
1 57
1 59
1 63
1 62
1 42
1 57
1 53
1 18
1 67
1 18
1 22
1 35
1 56
1 62
1 59
1 15
1 59
1 53
1 63
1 57
1 27
1 27
1 60
1 26
1 57
1 53
1 20
1 62
1 20
1 58
1 18
1 61
1 59
1 17
1 58
1 45
1 26
1 22
1 60
2 1
1 21
1 18
1 56
1 56
1 3
1 21
1 65
1 21
1 63
1 18
1 52
1 32
1 18
1 70
1 19
1 11
1 57
1 26
1 61
1 13
1 58
1 58
1 61
1 46
1 16
1 54
1 59
1 18
1 59
1 54
1 22
1 27
1 29
1 18
1 55
1 52
1 30
1 59
1 27
2 1
1 36
1 63
1 12
1 28
1 17
1 70
1 16
1 18
1 53
1 39
1 21
1 60
1 18
1 62
1 28
1 8
1 59
1 61
1 27
1 61
1 21
1 27
1 56
1 62
1 61
1 56
1 36
1 61
1 54
1 18
1 62
1 18
1 27
1 30
1 29
1 58
1 13
1 53
1 27
2 1
1 17
1 59
1 18
1 55
1 55
1 13
1 22
1 27
1 59
1 17
1 3
1 55
1 18
1 29
1 58
1 61
1 21
1 7
1 52
1 15
1 20
1 29
1 44
1 62
1 37
1 17
1 19
1 10
1 57
1 61
1 46
1 20
1 63
1 21
1 66
1 60
1 28
1 33
1 18
2 1
1 58
1 52
1 60
1 61
1 31
1 59
1 14
1 67
1 29
1 20
1 63
1 15
1 63
1 56
1 31
1 29
1 61
1 16
1 46
1 52
1 44
1 20
1 57
1 21
1 61
1 20
1 18
1 73
1 22
1 13
1 63
1 9
1 26
1 57
1 17
1 64
1 21
1 65
1 61
2 1
