61 400
0 20 36 52 61 13 14 22 23 27 37 15 18 20 17 39 24 47 41 28 53 2
0 2 12 3
0 2 11 4
1 2 10 5
1 2 9 6
1 2 8 7
1 0
1 0
1 0
1 0
1 0
1 0
1 0
1 0
1 1 16
1 0
1 0
1 1 19
1 0
1 1 21
1 0
1 0
1 0
0 2 26 25
1 0
1 0
1 0
0 2 35 29
0 2 30 31
1 0
1 2 34 32
1 1 33
1 0
1 0
1 0
1 0
1 1 38
1 0
1 1 40
1 0
0 2 42 43
1 0
1 2 46 44
1 1 45
1 0
1 0
0 2 48 49
1 0
0 2 50 51
1 0
1 0
1 0
0 2 60 54
1 2 59 55
0 2 56 57
1 0
1 1 58
1 0
1 0
1 0
1 0
1 46
1 58
1 45
1 57
1 35
1 7
1 27
1 60
1 21
1 5
1 50
1 48
1 8
1 45
1 49
1 34
1 34
1 54
1 7
1 58
1 57
1 9
1 3
1 8
1 58
1 59
1 7
1 55
1 56
1 30
1 9
1 58
1 52
1 31
1 58
1 2
1 23
1 59
1 46
2 1
1 5
1 42
1 8
1 10
1 11
1 14
1 45
1 22
1 61
1 5
1 33
1 32
1 50
1 58
1 32
1 9
1 45
1 6
1 53
1 7
1 59
1 14
1 44
1 40
1 6
1 58
1 16
1 4
1 8
1 39
1 6
1 61
1 58
1 5
1 31
1 29
1 58
1 57
1 25
2 1
1 59
1 55
1 45
1 15
1 57
1 46
1 48
1 30
1 15
1 21
1 57
1 8
1 8
1 3
1 9
1 44
1 31
1 32
1 8
1 20
1 6
1 4
1 5
1 50
1 54
1 60
1 34
1 7
1 44
1 3
1 32
1 5
1 6
1 10
1 7
1 26
1 60
1 4
1 33
2 1
1 8
1 10
1 10
1 57
1 45
1 9
1 43
1 4
1 9
1 6
1 29
1 44
1 48
1 30
1 27
1 33
1 42
1 49
1 45
1 6
1 29
1 56
1 50
1 59
1 32
1 7
1 4
1 8
1 6
1 56
1 57
1 41
1 33
1 38
1 31
1 33
1 8
1 51
1 9
2 1
1 22
1 58
1 46
1 13
1 57
1 32
1 46
1 59
1 41
1 57
1 44
1 33
1 32
1 24
1 50
1 11
1 6
1 4
1 45
1 59
1 8
1 8
1 24
1 25
1 26
1 31
1 5
1 45
1 10
1 11
1 5
1 6
1 30
1 18
1 46
1 46
1 10
1 32
1 5
2 1
1 33
1 9
1 32
1 36
1 9
1 4
1 10
1 42
1 33
1 16
1 49
1 59
1 57
1 39
1 26
1 58
1 32
1 25
1 61
1 30
1 30
1 33
1 32
1 32
1 44
1 56
1 36
1 42
1 9
1 11
1 12
1 8
1 55
1 43
1 51
1 58
1 34
1 58
1 57
2 1
1 51
1 7
1 34
1 7
1 25
1 9
1 34
1 10
1 33
1 8
1 3
1 29
1 51
1 56
1 51
1 59
1 57
1 52
1 49
1 22
1 34
1 33
1 15
1 9
1 12
1 4
1 43
1 34
1 6
1 7
1 7
1 58
1 6
1 29
1 45
1 19
1 30
1 6
1 46
2 1
1 41
1 56
1 34
1 25
1 15
1 41
1 7
1 59
1 7
1 14
1 26
1 56
1 39
1 57
1 34
1 50
1 10
1 8
1 40
1 49
1 29
1 54
1 21
1 49
1 58
1 50
1 10
1 42
1 44
1 56
1 33
1 36
1 4
1 50
1 51
1 11
1 43
1 8
1 42
2 1
1 28
1 34
1 57
1 15
1 34
1 58
1 55
1 7
1 32
1 57
1 60
1 23
1 46
1 51
1 10
1 31
1 58
1 32
1 32
1 8
1 32
1 7
1 43
1 45
1 58
1 59
1 21
1 8
1 6
1 57
1 43
1 5
1 9
1 17
1 18
1 46
1 24
1 60
1 6
2 1
1 45
1 33
1 57
1 10
1 40
1 56
1 45
1 26
1 42
1 52
1 57
1 45
1 55
1 14
1 57
1 32
1 56
1 8
1 34
1 33
1 4
1 6
1 7
1 46
1 8
1 56
1 6
1 19
1 34
1 34
1 57
1 57
1 8
1 51
1 7
1 50
1 16
1 30
1 8
2 1
