80 400
0 30 78 4 26 6 19 18 27 5 22 9 17 2 3 7 8 49 37 79 20 47 45 71 23 51 74 55 39 10 28 59
1 0
1 0
1 0
1 0
1 0
1 0
1 0
1 0
1 1 11
0 1 12
0 1 13
1 1 14
1 1 15
1 1 16
1 0
1 0
1 0
1 0
1 1 21
1 0
1 0
1 1 24
1 1 25
1 0
1 0
1 0
0 1 29
0 1 30
0 1 31
1 1 32
1 1 33
0 1 34
1 1 35
1 1 36
1 0
1 1 38
1 0
0 1 40
1 1 41
1 1 42
1 1 43
1 1 44
1 0
1 1 46
1 0
1 1 48
1 0
1 1 50
1 0
1 1 52
1 1 53
1 1 54
1 0
1 1 56
0 1 57
1 1 58
1 0
0 1 60
0 1 61
1 1 62
0 1 63
1 1 64
1 1 65
0 1 66
1 1 67
1 1 68
1 1 69
1 1 70
1 0
1 1 72
1 1 73
1 0
1 1 75
1 1 76
1 1 77
1 0
1 0
1 1 80
1 0
1 66
1 35
1 43
1 33
1 50
1 21
1 62
1 66
1 30
1 73
1 33
1 11
1 58
1 14
1 56
1 44
1 14
1 14
1 34
1 65
1 63
1 70
1 66
1 46
1 15
1 64
1 77
1 54
1 54
1 24
1 54
1 59
1 33
1 21
1 35
1 14
1 47
1 36
1 15
2 1
1 66
1 62
1 62
1 76
1 70
1 65
1 16
1 69
1 67
1 13
1 16
1 7
1 62
1 32
1 50
1 15
1 66
1 55
1 61
1 67
1 68
1 67
1 31
1 65
1 25
1 43
1 6
1 5
1 13
1 15
1 69
1 68
1 20
1 15
1 69
1 65
1 70
1 66
1 65
2 1
1 64
1 69
1 60
1 34
1 70
1 33
1 63
1 44
1 75
1 68
1 16
1 16
1 34
1 65
1 42
1 44
1 29
1 64
1 70
1 72
1 65
1 36
1 16
1 35
1 64
1 63
1 63
1 45
1 65
1 75
1 71
1 67
1 70
1 70
1 33
1 62
1 69
1 65
1 28
2 1
1 61
1 50
1 68
1 14
1 54
1 70
1 68
1 68
1 29
1 14
1 69
1 76
1 66
1 56
1 31
1 34
1 32
1 35
1 15
1 64
1 33
1 33
1 10
1 44
1 77
1 32
1 69
1 80
1 69
1 73
1 25
1 76
1 16
1 16
1 36
1 68
1 42
1 61
1 69
2 1
1 44
1 64
1 7
1 70
1 6
1 36
1 61
1 67
1 66
1 34
1 34
1 69
1 67
1 36
1 32
1 68
1 42
1 35
1 33
1 12
1 68
1 68
1 63
1 62
1 70
1 68
1 67
1 36
1 66
1 12
1 44
1 32
1 67
1 70
1 15
1 33
1 67
1 67
1 67
2 1
1 69
1 67
1 68
1 34
1 77
1 33
1 67
1 13
1 63
1 58
1 5
1 32
1 68
1 63
1 42
1 44
1 17
1 67
1 44
1 22
1 35
1 73
1 66
1 48
1 64
1 35
1 41
1 70
1 69
1 32
1 77
1 57
1 48
1 35
1 62
1 42
1 73
1 35
1 72
2 1
1 44
1 36
1 61
1 44
1 67
1 30
1 32
1 52
1 34
1 36
1 25
1 73
1 67
1 66
1 35
1 37
1 14
1 13
1 44
1 65
1 34
1 69
1 65
1 62
1 6
1 78
1 16
1 52
1 77
1 15
1 73
1 70
1 69
1 42
1 50
1 69
1 64
1 71
1 69
2 1
1 68
1 66
1 73
1 34
1 17
1 70
1 67
1 54
1 65
1 64
1 75
1 36
1 69
1 42
1 51
1 16
1 67
1 13
1 69
1 13
1 63
1 16
1 40
1 18
1 15
1 70
1 41
1 15
1 66
1 43
1 68
1 3
1 68
1 63
1 36
1 3
1 58
1 36
1 38
2 1
1 34
1 65
1 9
1 62
1 65
1 67
1 63
1 80
1 67
1 43
1 30
1 13
1 36
1 39
1 75
1 74
1 43
1 65
1 44
1 37
1 67
1 9
1 68
1 54
1 35
1 12
1 35
1 48
1 33
1 14
1 73
1 63
1 65
1 66
1 15
1 70
1 67
1 68
1 54
2 1
1 33
1 34
1 14
1 41
1 76
1 48
1 36
1 68
1 67
1 70
1 55
1 61
1 68
1 62
1 67
1 67
1 67
1 21
1 41
1 54
1 36
1 31
1 77
1 56
1 69
1 43
1 36
1 35
1 3
1 69
1 43
1 13
1 79
1 70
1 64
1 2
1 68
1 69
1 25
2 1
