3 700 11
304 397 169 350 187 459 236 434 601 12 258 301 537 287 440 78 273 682 607 665 224 446 588 623 490 3 557 141 181 217 364 481 299 505 353 286 508 253 131 153 596 347 57 149 251 437 241 642 363 429 229 685 520 175 345 232 282 402 529 378 73 276 498 7 90 8 511 95 679 386 35 272 580 200 383 395 124 281 81 509 155 340 700 5 669 571 575 652 105 472 555 452 306 289 262 548 231 483 179 377 389 466 643 108 518 298 471 183 398 267 384 556 560 26 309 140 385 92 158 595 233 98 694 196 568 280 161 610 176 112 188 40 690 589 173 525 522 603 657 159 408 336 602 419 191 592 28 423 445 399 531 634 359 425 45 39 617 70 678 156 330 341 68 632 579 314 564 390 213 302 519 655 33 133 413 207 590 597 606 656 524 659 218 113 393 558 382 317 633 199 450 562 261 123 544 428 554 550 507 38 453 94 631 356 494 260 46 517 127 514 64 152 664 486 134 244 234 374 533 549 409 616 502 212 626 165 99 476 666 284 411 366 271 219 138 354 496 611 311 259 541 699 37 394 32 11 80 574 545 648 460 135 344 650 455 416 116 335 561 323 543 644 449 485 401 186 614 586 640 132 675 503 84 559 48 49 220 506 246 337 641 256 426 422 436 222 442 420 469 41 77 195 381 307 204 653 624 275 482 119 671 36 74 63 444 56 61 439 318 464 327 54 146 25 279 268 403 468 441 100 206 297 69 96 618 235 88 371 172 489 182 184 599 114 164 351 143 360 277 415 404 328 501 104 630 627 463 67 117 593 645 598 553 126 693 546 487 137 697 121 82 150 65 636 190 417 109 129 435 42 278 526 107 157 312 23 536 263 578 418 433 91 499 569 342 594 290 145 174 438 51 58 227 171 540 412 535 406 362 567 319 13 9 480 387 620 305 294 604 510 111 582 178 139 147 313 346 115 521 358 361 388 118 20 24 667 320 10 170 211 528 635 497 209 50 609 238 591 59 649 660 136 539 22 674 542 52 27 637 160 148 128 296 163 696 492 226 523 552 151 628 6 619 461 647 670 255 102 47 651 265 245 477 79 646 205 103 375 239 295 456 687 379 308 257 210 681 421 1 410 240 34 4 677 368 110 373 76 570 269 2 473 192 396 300 252 83 577 500 680 448 583 367 698 584 443 250 334 221 198 194 208 488 581 197 427 538 405 332 547 432 177 266 14 106 695 185 457 380 225 215 72 621 247 21 684 565 407 315 551 673 17 689 310 392 391 376 142 369 573 16 676 329 672 484 167 339 62 326 321 66 55 254 60 615 162 53 462 228 447 19 424 654 370 120 587 563 30 216 691 122 18 89 237 316 243 343 605 331 534 223 130 355 293 93 274 430 43 688 495 248 86 270 31 324 478 292 325 291 686 513 365 566 285 629 663 180 504 338 333 668 322 202 193 431 71 44 465 29 372 512 349 493 516 661 639 87 283 230 474 475 357 125 613 352 414 470 638 400 303 479 662 249 166 189 168 144 608 203 683 532 572 154 515 458 600 622 658 454 612 625 15 214 97 101 451 288 75 491 348 264 585 201 692 530 85 467 576 527 242 
186 211
524 5
287 128
538 268
455 157
666 47
153 627
387 563
416 699
591 565
367 678
66 561
536 21
333 133
347 496
120 45
424 184
208 209
566 166
666 222
563 390
321 170
331 490
272 164
379 228
393 15
35 584
191 457
575 511
335 1
627 271
203 538
137 683
546 118
258 86
183 198
319 172
532 290
606 586
576 197
26 555
669 135
13 236
297 521
364 146
279 163
171 274
594 228
130 207
436 408
552 410
177 415
100 295
264 417
58 375
421 427
341 603
318 209
445 487
469 576
481 77
447 291
23 95
631 637
139 427
587 68
405 590
311 339
615 517
296 429
613 234
269 543
101 245
167 360
123 50
96 263
109 194
672 478
37 479
152 614
214 371
317 197
20 646
179 265
559 355
101 453
475 237
418 554
300 542
580 186
6 253
138 601
584 608
531 273
582 427
283 639
542 320
205 58
331 49
92 195
572 354
409 630
623 48
589 88
350 193
169 29
54 196
224 564
377 120
28 381
693 274
663 671
54 670
615 378
368 311
237 466
401 289
594 556
382 234
583 345
423 494
89 328
24 214
501 10
395 596
526 470
76 342
618 331
27 487
387 456
567 309
131 430
40 533
35 575
94 653
445 540
359 150
519 401
232 682
332 265
296 5
567 691
176 116
414 145
371 11
434 150
192 312
318 373
676 476
189 432
598 406
130 215
700 615
625 547
8 387
366 417
370 292
326 492
329 11
112 581
384 672
460 402
369 167
31 586
57 301
54 60
223 82
627 467
686 356
64 242
162 313
202 349
644 600
136 565
482 400
698 315
38 70
424 47
692 463
35 64
189 226
237 457
2 116
58 70
90 383
179 652
606 32
644 467
141 7
249 255
130 351
27 557
105 558
138 510
110 231
617 557
597 402
166 81
578 250
568 171
102 577
53 440
610 662
488 647
587 94
485 621
489 182
272 290
146 148
503 420
212 393
225 651
394 80
678 169
321 346
102 422
620 518
150 65
513 435
316 395
277 313
293 172
304 104
51 443
110 95
99 439
114 611
18 153
571 117
366 386
158 93
129 592
24 205
225 633
48 126
616 644
373 83
282 456
466 158
5 504
443 16
126 515
199 254
481 470
537 228
587 187
632 322
664 134
61 687
218 172
265 366
489 97
7 282
66 602
184 668
691 628
56 461
530 655
295 270
485 275
417 506
687 424
459 78
75 107
551 507
18 477
262 518
263 299
113 33
670 530
170 188
363 119
448 311
650 520
560 516
497 673
330 186
531 141
608 638
204 378
484 625
562 383
507 654
102 667
444 631
363 242
130 665
573 626
316 632
178 349
31 493
419 237
585 342
312 504
657 489
345 118
377 609
480 582
380 498
181 418
147 199
362 359
459 502
229 483
591 455
325 54
675 398
61 634
339 626
298 180
428 525
621 53
633 154
203 146
498 41
455 496
177 518
359 656
526 514
636 436
34 163
111 506
630 98
280 230
151 631
607 395
107 516
425 19
619 145
622 125
333 463
62 18
294 534
400 306
560 586
592 264
376 215
600 678
339 105
489 103
396 143
3 316
562 133
107 415
452 33
264 695
439 200
385 182
568 278
627 571
474 405
550 466
93 436
683 643
326 231
513 83
275 90
112 654
32 76
557 676
108 486
223 330
364 604
335 267
343 267
255 299
13 301
148 587
379 473
28 160
288 27
6 168
451 570
196 574
688 468
630 589
635 577
566 272
662 43
30 348
598 650
441 681
96 266
175 675
684 587
4 357
663 464
596 259
655 564
303 478
636 73
462 323
166 279
135 453
553 106
376 84
560 618
290 155
14 599
46 403
357 39
391 541
91 698
188 118
197 370
379 377
503 468
548 333
439 21
535 517
433 525
523 599
85 674
170 365
619 19
629 681
166 55
69 188
243 475
676 446
689 388
397 13
513 256
482 690
199 694
247 86
326 178
236 545
39 364
585 205
624 235
532 528
619 213
574 525
308 281
48 307
219 426
642 189
242 294
83 372
644 165
120 10
414 43
579 30
650 161
335 593
640 7
241 253
279 173
252 69
514 362
365 558
645 14
191 513
361 229
374 475
294 186
284 541
221 87
610 194
340 267
695 200
573 660
256 588
338 152
361 183
71 292
22 35
392 149
76 441
410 472
128 522
552 302
654 454
85 328
78 58
661 586
679 162
417 486
248 149
166 302
332 595
432 613
634 449
174 378
12 559
479 519
307 605
175 182
412 147
451 82
334 569
147 539
2 227
195 462
574 451
409 4
420 168
142 204
378 109
589 201
130 283
125 26
195 414
495 220
185 208
626 337
106 211
176 466
615 67
258 220
251 237
633 131
231 56
606 381
173 17
403 364
121 414
460 131
659 556
103 239
592 465
435 210
132 36
592 181
72 92
63 129
494 337
680 524
124 264
691 286
12 482
118 361
489 650
611 688
646 400
565 10
167 352
423 305
686 493
426 327
266 156
429 246
175 274
266 259
441 648
570 167
641 284
134 1
633 527
529 251
369 488
654 215
672 625
549 454
592 450
413 554
271 537
323 353
291 269
198 437
633 251
674 84
542 66
358 27
580 334
141 6
327 308
115 189
599 490
143 434
344 439
609 173
216 251
261 686
497 76
280 442
134 233
363 455
560 287
122 374
363 484
609 499
462 79
314 38
122 443
397 432
641 689
72 603
452 578
304 612
410 275
512 249
697 355
103 241
154 113
180 52
362 401
378 655
217 281
458 268
285 469
695 260
238 196
47 293
543 129
498 649
44 684
511 100
499 324
455 380
291 444
276 270
280 389
261 140
517 643
307 333
629 551
330 479
673 407
407 138
132 394
15 359
584 699
159 168
394 379
495 583
621 110
241 50
687 77
620 679
652 460
206 134
500 107
248 361
350 515
147 236
614 82
141 297
74 405
427 648
482 438
87 431
240 560
403 602
517 405
691 504
310 211
554 311
300 511
682 426
94 389
25 692
512 128
37 284
631 127
509 158
151 358
502 471
454 87
42 339
383 491
543 267
59 580
52 201
40 268
232 554
263 464
604 244
182 143
529 49
388 437
508 622
293 348
13 428
677 121
685 308
354 204
305 559
400 505
448 658
411 645
166 696
515 125
399 22
635 575
235 470
511 292
77 315
35 144
441 669
680 15
451 336
197 190
86 544
9 368
56 404
57 257
304 207
