100
29 36 37 41 1
11 1 12 19 1
25 14 61 47 0
39 23 29 53 0
14 15 30 37 0
16 53 143 67 0
0 37 51 47 1
0 6 9 7 1
0 38 164 3 0
51 64 81 73 1
67 32 89 89 0
28 7 16 37 1
23 7 24 29 1
3 0 1 5 1
6 10 26 19 0
16 41 56 53 1
13 4 28 31 0
31 12 41 43 0
0 20 124 19 0
11 58 159 17 0
28 27 115 83 1
2 12 139 13 1
13 108 141 41 1
39 6 58 53 1
21 4 19 23 1
51 18 138 97 0
19 53 111 83 0
12 21 139 23 1
39 85 140 97 0
0 1 3 5 1
9 18 18 19 1
50 52 67 73 1
3 1 2 11 1
0 2 5 5 0
6 0 2 23 0
29 41 96 73 0
23 17 85 61 0
32 26 43 83 0
90 96 140 97 1
5 14 63 71 1
4 2 4 5 0
1 8 14 23 0
45 32 48 71 0
17 44 67 61 0
9 4 11 23 1
88 47 138 97 1
14 13 29 23 1
11 0 24 29 1
30 32 44 37 1
42 22 57 89 0
1 71 73 53 0
42 44 50 61 0
0 112 133 5 1
37 32 79 53 0
18 48 89 79 1
9 7 22 19 1
3 4 39 31 1
8 2 18 53 1
4 99 112 19 1
3 24 69 61 1
7 1 23 19 1
74 56 108 89 0
34 77 130 97 0
41 5 150 59 0
26 74 126 89 0
3 10 73 79 0
33 4 26 47 1
2 4 4 7 1
15 6 10 41 0
52 14 25 61 0
38 14 52 43 0
4 6 9 7 1
5 6 21 23 1
2 1 2 3 0
31 69 74 59 1
4 0 2 5 0
13 122 160 23 0
18 124 163 23 0
2 23 32 23 1
35 105 141 97 0
4 2 9 7 1
23 35 81 61 1
1 4 14 11 1
7 17 17 13 1
16 20 86 61 0
32 13 18 73 0
46 62 92 83 1
0 21 105 3 0
16 1 12 29 1
59 94 106 79 1
20 25 47 89 0
2 1 1 7 1
64 23 26 79 1
30 29 39 37 0
0 2 3 3 0
47 38 60 53 0
22 54 111 83 0
23 8 44 37 1
60 128 129 89 0
54 4 69 71 0
