100
48787 181894 232680 291779 0
567549 195237 1229696 869137 0
357499 517354 747434 834257 0
93655 8124 121226 835673 1
53772 32013 54851 85027 1
532028 418446 674099 609911 0
63766 782192 1000507 995399 0
398292 28129 36067 470539 1
79606 265093 746865 568303 0
87221 246466 476952 337411 1
19443 41538 84467 253159 1
92215 722092 999135 991429 1
511664 477233 997525 916387 1
308005 186094 404933 451579 0
48574 114478 138339 109313 1
15656 586319 718441 503359 1
10569 1598136669 1942025248 61463 1
201413 17207 218376 382189 0
294567 228444 250186 305069 0
784861 848024 1253883 880249 1
28943 150764 152850 109547 1
276486 187814 339249 406633 0
757708 203061 868260 995173 0
105275 383502 642044 822433 0
11435 61135 134895 107473 0
361773 64095 353029 433889 0
443768 188762 913761 772789 0
472667 418631 743956 619813 0
12552 66453 130908 92647 1
41695 63534 94919 192817 1
385547 61525 617784 540713 1
35069 5893 172970 123757 1
127138 55751 204986 178351 1
215138 489334 741789 568921 1
222178 328457 451403 398863 0
782334 181987 383328 807797 0
10590 11864 152370 137957 1
721416 57285 1121962 968731 0
171703 158570 383881 345889 1
657109 478189 831487 938921 1
194325 136995 354521 529723 0
2043 3352 4835 4973 0
184957 274620839 927074403 710327 0
77320 505544313 2134922230 84437 1
468080 1031687 1136043 857903 1
173184 181698169 689670437 926983 1
55315 436150 635350 492769 1
71992 267250 271532 829813 1
29658 13014 119507 99409 0
4614 23424 66624 72797 1
114121 184704 217196 281431 0
471222 693928 788507 629989 1
295937 41165 933611 735139 0
253314 506534 893901 990503 0
53124 95766 132957 220721 1
777582 966875 1050943 819913 1
124814 128465 766308 721739 1
555074 132171 447627 979211 1
468469 173107 867949 773273 1
577770 324989 755174 683021 0
61472 88296 221211 568921 0
726849 122592521 707525457 976727 1
2318 4879 27910 32191 0
606073 783931 1022100 767167 0
419336 7482 814705 584981 1
4397 17416 19984 18133 1
237866 107162 458345 628139 0
305137 38553 41421 511787 1
11257 379019406 1173421918 256441 1
388279 345268 608605 595453 0
115754 46674 154064 133403 0
402847 1236593756 1793496357 434267 1
85548 283711179 722266357 649511 1
652038 409519 557259 943871 0
11043 10420 18019 21739 0
4799 4095 4511 9901 0
167615 68426 174628 236627 1
87859 21836 128601 214673 0
12581 318625 753558 724807 1
744774 718186 745025 826171 1
411251 317285 558592 484867 1
543701 139560 274280 716173 1
74603 82378 184648 188029 0
641016 915456 1053662 900751 1
236190 1285802328 1820172266 283909 1
33350 33636 678797 723293 1
48743 208007 352820 488981 0
147088 262859 445748 308491 1
186323 211516 221589 499363 1
629467 661139 705314 852521 0
163465 109763 734446 523357 1
117855 143885 165726 161659 0
619952 228865 1029088 702721 1
252257 132655 1206092 983083 1
396459 31959 671121 624277 0
736914 360625 467210 787489 1
497759 7902 756546 507571 0
98155 126791 194603 142123 1
431217 443879 1034765 710221 1
217091 162312 310802 366019 1
