415 999 200
1 325
325 411
411 412
412 415
300 327
202 276
102 115
186 199
270 355
91 96
202 364
29 355
45 99
268 354
111 316
216 353
128 295
215 374
106 387
288 318
3 312
137 316
153 155
108 370
213 368
26 382
85 372
230 386
18 86
28 268
110 330
173 353
26 266
11 62
222 409
117 341
158 260
127 248
125 148
201 260
137 255
70 224
246 403
261 307
8 285
75 194
249 319
107 329
120 194
250 303
135 166
40 58
136 398
216 249
122 209
67 315
10 153
160 232
203 249
204 283
60 118
25 108
235 282
57 221
25 328
107 326
210 376
70 161
8 54
204 360
27 210
27 92
94 97
243 411
172 193
57 99
221 412
263 277
132 201
285 339
22 87
81 395
135 182
222 294
152 385
107 139
164 296
56 124
100 168
39 372
369 383
29 298
1 89
187 349
124 343
143 402
183 386
7 98
354 371
226 300
13 396
247 261
66 109
239 405
64 151
287 402
94 394
249 362
149 175
74 208
78 121
20 25
31 97
29 254
101 340
173 299
88 361
89 351
274 354
19 70
119 299
37 102
252 327
237 254
11 146
2 218
27 412
206 273
96 310
299 389
75 410
151 236
31 118
296 311
172 317
62 190
119 234
49 114
220 270
2 77
111 197
401 408
113 415
247 283
97 410
52 366
242 341
242 363
230 371
119 324
12 397
25 284
73 164
163 212
208 394
252 284
35 179
84 147
218 310
50 270
162 230
243 388
122 364
71 371
266 284
265 398
314 359
131 245
88 178
176 259
362 400
3 155
81 404
19 255
221 383
110 396
216 344
268 391
99 253
75 230
2 365
293 298
46 237
127 342
137 236
176 336
121 331
75 323
217 328
35 292
312 407
255 312
61 415
364 408
97 138
20 61
130 231
218 248
9 309
19 32
48 345
13 269
259 314
154 210
307 370
43 395
78 216
23 121
141 356
5 393
152 229
154 266
120 339
9 116
226 391
304 327
172 319
51 81
48 248
173 226
10 393
118 235
103 221
196 311
115 337
117 334
96 212
143 251
2 226
10 305
8 147
335 411
63 150
147 285
97 375
167 205
193 203
91 267
158 339
144 244
228 266
53 297
112 375
56 268
30 370
25 221
325 405
25 262
133 211
49 110
152 331
195 220
351 401
124 289
65 313
112 155
242 276
363 413
12 54
344 411
300 311
80 357
57 76
103 401
72 362
274 403
66 408
68 290
119 179
141 272
41 343
172 246
128 212
11 235
36 392
152 302
369 387
71 377
55 65
73 220
133 400
327 370
44 299
103 108
53 392
30 313
273 360
239 357
207 406
161 332
40 109
218 278
4 147
158 263
68 81
264 308
34 388
100 270
222 315
308 329
103 105
170 324
51 111
90 267
80 177
234 347
25 138
253 296
106 320
336 372
154 233
103 180
27 296
112 247
7 91
7 111
115 272
13 65
22 160
82 214
145 409
115 351
47 365
37 405
384 411
40 143
230 264
103 358
37 93
79 143
39 40
305 405
141 325
12 78
33 161
71 111
188 414
41 60
184 210
129 345
97 190
67 333
112 308
320 371
19 78
176 214
167 383
216 371
47 379
87 101
66 292
69 204
89 184
137 415
241 273
211 227
39 204
314 317
177 384
180 236
15 21
20 341
42 65
172 286
152 205
134 307
74 112
197 198
28 301
143 154
83 358
384 390
200 215
292 293
204 228
4 96
81 362
177 400
313 365
3 186
171 410
52 242
177 324
32 271
45 72
100 154
63 103
261 278
35 345
116 277
316 323
123 297
162 238
17 330
343 387
346 400
105 415
163 328
143 371
93 353
125 182
244 289
359 372
204 322
241 348
151 247
150 288
19 288
374 407
45 59
49 306
293 379
136 366
381 390
231 321
88 358
4 339
150 255
39 177
210 411
367 382
27 265
335 410
84 118
3 357
60 387
117 403
86 107
132 245
28 199
20 415
12 154
62 134
227 391
279 300
107 169
91 347
149 382
175 302
317 327
279 319
193 414
101 325
90 211
171 304
42 263
31 360
96 235
195 312
56 171
160 207
321 339
65 83
163 368
202 338
98 388
14 405
54 79
58 223
52 168
297 376
22 74
85 364
20 157
240 408
220 359
272 316
49 339
228 278
181 253
355 376
164 278
252 278
68 410
134 232
213 227
39 382
127 145
252 272
133 380
252 339
128 181
86 291
249 409
218 272
68 369
140 346
66 280
25 145
135 376
135 286
73 123
242 366
78 324
5 196
271 383
283 391
74 248
36 254
256 337
47 341
74 357
140 300
152 333
311 337
128 310
207 297
196 205
242 398
44 282
275 350
253 369
16 82
76 304
42 339
101 126
129 279
224 265
91 261
51 293
59 261
101 369
317 415
253 347
140 235
82 285
28 137
131 186
175 233
112 273
29 347
98 368
42 222
277 328
288 302
48 174
271 298
97 129
71 229
31 258
313 332
183 270
274 371
46 125
37 345
194 385
69 90
5 220
256 262
125 209
175 337
267 293
253 320
295 314
246 248
271 369
17 334
196 291
65 223
24 384
108 276
26 60
107 217
77 339
62 152
184 307
373 383
362 369
165 376
137 175
97 268
93 336
92 95
174 408
78 182
246 349
28 298
303 385
253 382
62 316
10 52
17 411
236 265
167 290
153 374
302 365
201 320
27 160
31 170
201 238
36 215
122 225
47 277
223 253
94 174
24 67
47 322
146 381
223 227
202 329
115 204
9 123
85 270
88 244
107 191
242 348
43 91
313 374
312 410
107 278
130 138
39 135
160 357
208 284
55 105
122 132
200 245
225 304
32 50
3 70
11 183
69 280
103 196
161 318
118 258
13 161
148 247
55 255
326 345
303 399
78 306
299 309
93 199
246 308
60 106
232 387
2 94
208 274
238 326
265 279
103 391
35 338
136 339
155 314
264 354
100 361
248 268
172 303
179 400
91 372
190 377
10 183
109 247
185 281
5 412
138 387
255 403
26 402
329 404
80 125
135 294
80 220
34 273
97 242
3 223
168 185
161 174
74 147
257 321
12 283
73 343
117 316
78 219
137 236
152 298
249 398
44 124
56 374
61 118
84 93
74 148
66 323
119 391
39 278
29 120
89 338
30 218
86 373
48 268
351 367
76 178
120 345
318 361
3 263
142 173
262 395
103 397
134 294
141 162
38 168
61 331
82 94
172 308
85 137
247 323
231 352
15 150
125 256
182 246
222 265
76 269
7 322
50 254
172 180
14 128
66 309
106 327
188 351
141 202
30 399
14 183
145 224
11 233
188 209
139 242
120 251
36 118
18 155
143 207
95 379
237 338
312 328
180 385
153 237
88 129
51 138
111 236
81 313
169 286
95 275
124 214
10 221
196 391
204 297
7 123
291 369
150 234
60 115
111 134
64 227
179 369
97 311
25 160
119 212
30 172
100 156
183 194
268 301
227 349
12 196
150 403
268 317
234 292
246 357
76 356
83 141
216 256
32 289
65 207
68 176
25 70
282 390
179 350
22 198
47 61
290 296
209 282
260 297
15 174
128 141
104 353
391 406
25 153
247 393
48 203
324 330
38 53
66 143
59 264
93 159
117 119
26 305
103 149
27 57
67 217
232 365
12 130
66 304
253 295
15 329
1 307
25 220
326 353
375 386
136 245
79 185
30 189
205 291
47 294
115 317
164 255
68 106
42 354
23 185
104 164
328 398
48 57
225 292
41 82
269 309
75 235
53 326
180 377
237 383
43 403
125 216
101 343
308 326
25 271
18 166
119 276
160 281
157 347
306 388
301 352
196 223
23 413
22 66
256 379
121 256
66 316
191 223
136 180
52 130
16 349
279 334
91 364
28 183
69 339
45 98
35 62
342 400
100 226
110 300
159 182
47 212
194 394
242 261
102 300
21 337
234 366
284 363
363 381
91 333
149 302
69 201
82 120
222 272
133 287
276 348
100 172
91 102
75 138
386 408
43 280
69 180
67 256
86 231
230 304
26 126
154 198
52 117
104 386
136 391
258 324
149 294
123 302
342 387
2 375
219 298
49 250
32 119
172 404
169 346
87 307
102 352
289 313
41 373
181 229
15 377
192 220
49 325
72 236
288 413
249 360
30 312
22 190
53 229
218 284
131 213
110 394
38 145
183 228
111 281
298 395
249 334
75 230
174 204
188 246
304 412
197 225
231 347
213 335
128 216
91 287
80 86
199 241
267 299
219 346
51 345
76 265
21 288
5 31
236 403
77 78
363 396
295 329
52 214
45 327
243 274
70 107
3 9
91 301
29 234
192 407
230 295
30 330
209 292
292 313
131 270
324 371
237 410
187 404
289 375
208 314
12 383
273 374
157 249
20 207
106 363
297 350
354 375
31 356
179 240
51 215
215 346
15 143
111 204
120 225
8 278
101 212
320 356
2 47
209 311
8 405
180 236
56 336
191 202
131 329
43 184
74 411
247 315
55 325
25 390
273 284
192 229
184 333
81 406
203 262
218 265
97 355
127 303
58 101
4 43
216 332
111 138
61 209
117 130
98 398
