2 100 9
98 33 49 95 97 63 28 32 43 30 86 88 35 1 23 76 84 99 15 19 24 77 25 46 44 45 41 87 11 80 56 69 53 26 16 78 73 52 92 66 13 70 57 42 20 93 5 83 74 55 18 51 75 12 6 62 100 71 58 47 37 50 91 29 36 48 17 61 82 3 8 27 59 7 34 54 14 89 68 64 39 9 67 31 90 79 21 10 81 96 40 65 2 60 72 4 85 38 22 94 
28 12
89 69
47 41
27 31
27 19
74 93
8 79
22 25
37 31
61 45
77 40
15 91
24 88
6 96
74 40
45 92
97 61
54 34
22 89
99 39
62 58
71 58
60 95
42 67
35 78
67 5
81 72
2 85
72 30
100 39
16 26
57 37
35 51
56 67
72 8
98 44
9 32
64 41
23 75
7 31
11 52
83 71
4 20
80 36
86 26
66 48
2 34
27 85
66 69
95 14
77 64
82 79
5 29
86 1
69 57
50 36
55 3
18 19
94 29
71 84
50 63
17 42
73 77
38 62
46 24
72 94
51 6
62 36
70 12
65 93
61 21
6 26
58 2
11 58
80 100
63 55
13 32
47 81
60 75
57 92
87 44
33 56
99 26
53 28
39 73
91 44
43 93
70 68
13 23
60 98
17 10
28 76
31 68
15 59
10 49
89 90
46 84
4 25
45 59
