0 5
7
120 124 40 94 57 82 44 66 117 0 107 114 112 26 90 48 16 33 123 126 32 39 81 68 88 50 28 70 115 86 15 35 91 2 95 62 8 80 64 58 122 73 69 29 18 36 47 89 108 79 9 76 52 38 100 4 49 17 25 63 24 3 119 6 55 78 99 13 93 23 30 45 121 61 116 98 92 34 37 103 43 110 125 14 51 106 109 56 74 77 20 41 65 5 83 1 111 19 60 102 21 96 7 31 87 27 54 72 67 22 101 104 42 11 118 84 75 10 97 53 46 12 85 105 59 113 127 71 
7
65 123 67 61 50 99 73 55 46 41 108 13 53 30 79 97 38 63 28 62 71 117 6 60 12 68 87 86 8 88 57 18 113 92 35 27 93 34 48 33 77 84 95 101 2 110 37 36 14 40 42 3 16 52 47 107 119 125 109 51 74 5 81 29 121 126 64 80 90 122 43 70 7 31 26 106 11 120 39 89 100 58 85 72 25 10 118 23 75 69 54 124 104 20 66 49 4 44 83 32 24 115 78 127 111 102 114 21 59 105 15 1 94 103 22 17 96 76 45 19 112 0 91 56 116 98 9 82 
7
111 77 67 55 30 47 38 99 86 110 36 64 26 41 121 125 103 115 98 91 83 43 112 101 8 18 28 93 106 82 11 3 73 95 37 92 80 122 48 39 79 85 63 116 24 78 70 127 90 109 27 60 50 72 51 113 84 12 61 46 117 44 119 29 52 75 10 81 35 34 88 23 87 31 42 4 62 56 76 14 9 120 15 97 104 68 20 40 123 96 22 19 5 107 105 13 124 49 16 2 21 102 65 54 69 89 108 45 32 57 58 74 1 7 33 66 25 126 118 71 59 100 17 94 0 53 114 6 
7
46 35 79 44 61 8 58 109 12 97 39 91 93 65 127 18 99 30 96 76 59 53 6 123 101 41 16 110 10 57 23 14 78 124 105 3 82 68 122 55 49 83 118 95 74 106 50 63 77 33 117 40 22 54 60 90 71 86 116 48 80 5 103 21 52 69 84 45 29 47 125 4 36 73 43 7 88 38 104 108 1 115 32 98 26 24 114 70 111 85 37 28 27 62 94 67 75 56 107 102 25 51 126 20 120 119 9 19 66 15 112 31 11 0 2 64 87 92 13 72 100 34 121 89 113 42 17 81 
7
14 127 32 100 81 88 21 71 123 25 56 86 112 95 19 120 94 50 75 122 45 0 38 52 109 1 12 30 24 121 117 115 87 9 39 43 26 6 89 99 48 61 37 124 57 44 22 58 63 114 67 90 65 35 60 105 2 29 4 119 80 8 92 78 34 111 40 47 102 73 110 116 46 68 11 72 101 31 96 79 18 62 125 74 59 93 118 91 20 10 103 107 27 104 66 17 42 41 7 64 49 113 108 84 85 83 51 33 16 23 15 106 70 36 13 97 82 53 69 5 55 126 3 76 54 77 28 98 
