000000000000000000100100011101111111111111111111111111111111111111111111111111111111111111111111111
000000000000000000000000111101111111111111111111111111111111111111111111111111111111101110000000100
000000000000000000000110101111111111111111111111111111111111111111111111111111111010001000000100000
000000000000000001010111111111111111111111111111111111111111111111111111111111111111111111111101111
000000000000000000000000110101111111111111111111111111111111111111111111111111111111111111111111111
000000000000000000100011111111111111111111111111111111111111111111111111111111111111111111111111111
000000000000000000000000101111111111111111111111111111111111111111111111111111111011011000100000000
000000000000000000010111110111111111111111111111111111111111111111111111111111111111111111011111110
000000000000000000000001111111111111111111111111111111111111111111111111111111111111111111111111000
000000000000100000101111111111111111111111111111111111111111111111111111111111111101111111110000100
