10
100 198 99 19
32 41 114602
61 69 390374
73 83 154277
67 68 112055
53 57 386136
23 28 424438
10 18 123286
13 22 68863
38 42 385264
17 26 124524
56 58 406631
91 94 441804
66 68 401025
32 39 458066
14 22 59616
84 85 100879
2 6 115663
85 94 369572
57 60 82943
29 37 94577
8 11 158258
55 59 352146
39 48 5526
6 13 87275
89 91 141909
56 63 151553
35 36 200330
85 86 388748
65 74 387863
93 95 461386
60 70 497206
90 93 341527
31 34 152781
82 88 471450
79 80 218342
42 49 425537
92 97 232926
11 12 190673
25 27 291165
52 58 246647
19 29 118758
36 39 487683
16 21 115087
75 76 115542
68 77 449620
21 28 67354
52 56 9191
15 24 430033
1 2 254507
29 35 400561
57 59 173474
74 75 105519
27 29 211525
18 19 191226
29 35 60755
6 9 298795
4 14 398091
78 87 425306
46 53 124509
12 20 11410
27 31 108894
38 40 292584
3 4 190876
29 31 305544
86 92 431634
2 5 3089
81 85 471836
78 81 180451
28 32 149869
46 48 466839
34 42 67360
71 72 289423
43 44 409197
1 7 3149
41 49 492797
50 52 97224
63 71 104127
68 73 266045
89 99 235356
37 38 413635
32 33 375560
84 89 99298
63 66 186619
68 69 247877
7 16 361568
44 53 432910
58 66 45773
60 65 108490
61 71 289874
22 26 302405
25 33 246933
32 34 450592
86 92 151294
15 25 349696
59 67 295695
85 93 211049
47 50 293208
39 46 10284
81 88 317032
49 57 59133
20 23 433350
71 77 249192
14 15 132961
4 14 1925
91 96 12517
22 30 288618
74 75 135407
3 4 377345
43 51 12932
71 78 39131
48 55 488254
54 61 67555
42 47 230695
50 56 392118
32 40 104618
83 84 415602
18 20 342469
57 63 70925
54 64 272452
97 98 63976
85 86 28523
82 90 189892
44 46 83667
15 21 416533
60 67 89624
14 24 210004
42 43 211728
70 74 88569
62 70 221503
62 72 20393
5 6 247049
98 99 192781
21 27 187976
1 3 475173
34 38 23871
11 19 55387
8 16 265550
15 25 235259
90 91 216872
1 2 146178
5 10 478018
91 96 276084
71 76 154637
81 87 250963
72 73 194087
44 45 163086
77 82 275341
2 3 481142
80 89 23636
46 50 36343
73 83 132632
3 7 5990
55 61 432693
53 54 101942
41 43 75222
59 64 458865
39 47 201802
11 15 426339
45 55 150814
80 81 455705
8 10 68039
14 23 291530
88 95 75967
77 79 145173
8 9 394194
63 65 96205
1 5 284922
1 11 17808
43 51 473225
75 84 385919
16 17 194437
93 100 245673
50 54 389113
59 62 21065
22 32 321066
7 8 243570
28 36 217672
89 98 81064
82 90 306502
77 82 218290
95 97 89899
74 78 103117
11 17 80266
33 41 206819
69 79 86896
7 13 267964
26 30 58494
3 8 30612
15 18 208022
32 37 236110
53 60 73881
39 45 278343
53 62 343600
92 100 486959
9 12 53098
44 52 444852
76 80 482215
35 44 328576
2 2100000
3 2100000
4 2100000
5 2100000
6 2100000
7 2100000
8 2100000
9 2100000
10 2100000
11 2100000
12 2100000
13 2100000
14 2100000
15 2100000
16 2100000
17 2100000
18 2100000
19 2100000
20 2100000
21 2100000
22 2100000
23 2100000
24 2100000
25 2100000
26 2100000
27 2100000
28 2100000
29 2100000
30 2100000
31 2100000
32 2100000
33 2100000
34 2100000
35 2100000
36 2100000
37 2100000
38 2100000
39 2100000
40 2100000
41 2100000
42 2100000
43 2100000
44 2100000
45 2100000
46 2100000
47 2100000
48 2100000
49 2100000
50 2100000
51 2100000
52 2100000
53 2100000
54 2100000
55 2100000
56 2100000
57 2100000
58 2100000
59 2100000
60 2100000
61 2100000
62 2100000
63 2100000
64 2100000
65 2100000
66 2100000
67 2100000
68 2100000
69 2100000
70 2100000
71 2100000
72 2100000
73 2100000
74 2100000
75 2100000
76 2100000
77 2100000
78 2100000
79 2100000
80 2100000
81 2100000
82 2100000
83 2100000
84 2100000
85 2100000
86 2100000
87 2100000
88 2100000
89 2100000
90 2100000
91 2100000
92 2100000
93 2100000
94 2100000
95 2100000
96 2100000
97 2100000
98 2100000
99 2100000
100 2100000
100 198 99 19
6 7 163157
1 2 198535
71 81 245253
69 72 446089
18 24 219858
86 91 370727
44 51 280626
25 33 317217
31 36 67946
43 51 348739
61 65 450836
45 50 23942
90 99 446177
89 92 348598
53 55 223297
68 77 290836
93 94 394050
38 44 44702
83 90 194806
57 63 82956
33 40 239384
68 73 246396
62 70 40657
65 73 128145
95 100 239862
79 82 263480
3 4 89909
88 92 362764
6 7 182192
45 47 121947
65 67 321577
75 78 337257
61 67 338144
81 83 147796
46 53 352889
19 23 292152
92 97 263010
42 44 373108
5 6 18260
42 50 327021
2 5 234488
87 96 273361
92 100 185260
30 35 461311
33 34 432678
56 61 341703
60 65 61017
6 9 494765
79 89 445815
15 22 52114
41 46 47862
2 4 150196
24 33 233078
62 69 158229
37 45 309250
24 29 379930
42 46 186582
11 15 354710
15 24 383937
73 75 207239
62 66 305803
90 99 294335
58 64 379353
54 58 165447
63 68 224431
10 18 276575
3 13 88917
17 27 462057
90 98 321086
5 8 4359
24 34 309445
56 62 330051
78 85 365466
35 37 235278
89 98 148828
31 41 421899
81 85 204487
42 48 257710
86 87 399569
74 76 227135
3 8 420880
4 9 335332
80 84 271135
41 47 357054
34 42 322912
46 56 80563
55 62 99780
20 21 396845
25 28 342282
74 82 46370
54 63 469734
88 95 417396
10 20 318338
30 39 101721
26 28 369833
30 35 415774
83 88 393602
15 22 159912
30 39 173370
34 43 109084
52 57 278790
31 36 118657
8 12 155208
25 27 379395
8 14 213968
11 12 23065
51 54 120613
73 79 315785
78 80 61797
77 80 462059
19 26 327497
23 31 66668
82 88 315181
73 74 412244
18 19 322255
87 91 424267
4 6 422871
65 71 459128
75 76 483319
70 75 182571
21 26 498995
13 18 371548
80 84 68994
12 19 10259
76 81 66422
12 17 52106
13 21 191289
1 5 39664
56 59 340633
1 11 95984
57 66 377959
44 52 135346
74 83 394971
50 57 313601
47 49 441754
41 49 353005
83 87 496058
22 30 114386
46 54 7622
12 17 360889
28 37 72510
22 25 300510
52 60 251714
4 10 851
11 20 312719
63 70 418467
12 14 256584
20 25 485658
86 90 212153
5 10 477091
55 60 150041
67 69 475506
30 40 95471
1 3 405508
23 31 270327
36 38 191524
47 52 7238
55 56 383792
45 53 482474
6 16 412220
5 13 5845
87 94 25814
50 59 54460
20 30 487306
36 43 380763
28 38 370279
58 64 457277
64 71 403138
89 97 483353
65 68 254202
42 48 99839
53 58 479484
6 15 343540
88 96 248136
22 29 421498
70 78 397940
40 45 473973
1 2 418128
77 79 310570
80 89 364171
23 32 100040
19 23 497684
71 77 79500
69 74 369412
80 86 387584
2 3 97435
90 93 323877
31 32 448072
59 61 272785
48 55 283117
87 95 177947
1 11 162179
88 93 428053
84 86 238650
66 72 244249
34 41 354788
32 42 152680
15 16 185043
2 2100000
3 2100000
4 2100000
5 2100000
6 2100000
7 2100000
8 2100000
9 2100000
10 2100000
11 2100000
12 2100000
13 2100000
14 2100000
15 2100000
16 2100000
17 2100000
18 2100000
19 2100000
20 2100000
21 2100000
22 2100000
23 2100000
24 2100000
25 2100000
26 2100000
27 2100000
28 2100000
29 2100000
30 2100000
31 2100000
32 2100000
33 2100000
34 2100000
35 2100000
36 2100000
37 2100000
38 2100000
39 2100000
40 2100000
41 2100000
42 2100000
43 2100000
44 2100000
45 2100000
46 2100000
47 2100000
48 2100000
49 2100000
50 2100000
51 2100000
52 2100000
53 2100000
54 2100000
55 2100000
56 2100000
57 2100000
58 2100000
59 2100000
60 2100000
61 2100000
62 2100000
63 2100000
64 2100000
65 2100000
66 2100000
67 2100000
68 2100000
69 2100000
70 2100000
71 2100000
72 2100000
73 2100000
74 2100000
75 2100000
76 2100000
77 2100000
78 2100000
79 2100000
80 2100000
81 2100000
82 2100000
83 2100000
84 2100000
85 2100000
86 2100000
87 2100000
88 2100000
89 2100000
90 2100000
91 2100000
92 2100000
93 2100000
94 2100000
95 2100000
96 2100000
97 2100000
98 2100000
99 2100000
100 2100000
100 198 99 19
85 87 441193
41 47 288145
66 68 130419
2 4 413334
47 55 13689
70 74 265374
60 64 930
96 97 370942
32 41 270631
21 31 484119
50 57 396689
39 44 21412
88 95 59111
76 78 84914
71 75 475681
51 52 139541
54 61 243009
26 31 61497
83 91 482242
62 66 232343
6 15 375665
57 58 489161
88 93 450684
92 96 234496
45 54 331178
11 18 101364
15 25 248650
9 10 90108
85 94 351246
2 8 350847
67 72 184922
41 48 279563
58 59 299831
21 28 307460
85 89 25486
5 7 338112
43 45 7698
17 23 141009
14 17 367229
42 51 40643
97 99 43359
25 26 363880
44 53 150226
5 11 390608
1 6 357362
86 94 398077
6 7 337036
85 88 163574
14 16 156437
11 20 416539
47 55 366621
26 35 184089
85 92 206628
60 63 372575
44 47 382988
3 12 403281
58 65 325167
92 99 304667
42 48 230099
48 57 84649
89 90 343931
74 80 228405
12 13 296993
69 79 6688
3 12 195842
84 86 218181
1 2 9176
16 19 187659
78 84 210830
65 68 499258
67 70 467568
16 25 287665
73 77 175170
29 37 298070
10 17 56083
93 100 320078
65 67 275697
42 50 425389
30 38 220319
20 24 443312
53 61 499141
2 3 477387
60 69 138343
84 85 499421
61 65 219705
10 14 349611
73 81 466450
23 28 402411
55 60 190975
71 81 388096
71 80 169435
35 38 100999
17 27 119964
11 20 153136
4 13 488911
30 40 156463
99 100 149255
63 73 39571
95 98 130930
12 21 353848
14 16 256813
90 92 208409
21 24 57050
30 40 192360
37 39 342448
91 97 203521
56 60 155346
28 36 150652
12 22 105251
8 18 379171
55 58 277817
1 3 242660
19 22 85744
65 67 59847
65 75 335552
71 79 62370
28 32 415250
38 42 227340
33 36 172656
81 83 403951
30 39 445371
1 2 273026
33 37 339106
27 30 46358
75 84 37903
76 82 245776
81 88 210020
95 98 475607
22 30 488647
77 78 366383
49 52 162875
14 21 293925
52 56 469104
73 82 246540
27 33 203483
5 8 312937
7 14 7273
72 73 119786
82 83 261553
57 63 430301
57 66 55337
27 35 14910
38 46 254106
86 95 384273
54 62 399382
4 9 49233
65 69 90697
73 76 446697
77 86 410126
87 90 108162
8 11 253861
56 62 33660
62 71 465186
1 6 395969
38 43 303432
69 71 56631
39 42 67670
3 10 212789
43 44 285185
86 87 365657
69 77 492387
3 4 98135
39 49 241107
37 45 301397
24 29 181846
49 51 80181
31 34 120980
93 96 289330
47 54 436238
43 50 464528
11 19 322319
56 64 491630
2 5 378689
89 91 129406
22 32 370178
46 56 182519
19 23 490455
28 29 331977
40 49 16289
26 34 426129
23 26 418062
29 33 81901
36 41 254897
90 93 480179
69 74 167093
71 72 320350
50 59 341102
45 53 265225
3 9 135857
4 5 35808
72 76 122597
36 46 326355
40 43 114202
21 27 348461
69 70 317050
82 85 329285
11 15 117983
85 89 33907
2 2100000
3 2100000
4 2100000
5 2100000
6 2100000
7 2100000
8 2100000
9 2100000
10 2100000
11 2100000
12 2100000
13 2100000
14 2100000
15 2100000
16 2100000
17 2100000
18 2100000
19 2100000
20 2100000
21 2100000
22 2100000
23 2100000
24 2100000
25 2100000
26 2100000
27 2100000
28 2100000
29 2100000
30 2100000
31 2100000
32 2100000
33 2100000
34 2100000
35 2100000
36 2100000
37 2100000
38 2100000
39 2100000
40 2100000
41 2100000
42 2100000
43 2100000
44 2100000
45 2100000
46 2100000
47 2100000
48 2100000
49 2100000
50 2100000
51 2100000
52 2100000
53 2100000
54 2100000
55 2100000
56 2100000
57 2100000
58 2100000
59 2100000
60 2100000
61 2100000
62 2100000
63 2100000
64 2100000
65 2100000
66 2100000
67 2100000
68 2100000
69 2100000
70 2100000
71 2100000
72 2100000
73 2100000
74 2100000
75 2100000
76 2100000
77 2100000
78 2100000
79 2100000
80 2100000
81 2100000
82 2100000
83 2100000
84 2100000
85 2100000
86 2100000
87 2100000
88 2100000
89 2100000
90 2100000
91 2100000
92 2100000
93 2100000
94 2100000
95 2100000
96 2100000
97 2100000
98 2100000
99 2100000
100 2100000
100 198 99 19
28 37 275006
66 74 103217
70 74 140181
58 60 110906
1 2 482505
80 81 271345
35 45 131661
28 34 251579
56 57 165209
2 4 321449
71 76 127561
4 13 14430
59 62 274309
27 31 148077
20 23 242178
16 25 377959
63 68 356231
40 46 328789
54 55 187378
19 24 144417
76 77 211260
59 63 283674
1 5 242171
33 38 217943
63 73 1096
1 8 167228
12 21 195649
8 14 450972
12 19 460176
75 85 337374
41 50 272843
11 16 95812
72 77 436669
28 33 158024
85 91 165926
5 7 224840
12 15 285632
63 66 273509
6 16 41474
20 21 219590
81 87 355272
66 71 167363
43 53 399155
85 91 159807
43 48 167085
42 52 367061
56 58 94289
47 49 57624
62 72 10601
73 82 474324
40 44 54680
25 35 197209
30 40 446746
7 12 192346
64 65 232937
59 68 269585
20 22 26594
2 3 298405
84 90 94536
51 59 495983
2 11 249223
47 57 47866
86 89 405947
55 65 195115
57 60 18931
84 88 289344
75 78 72401
74 83 353115
30 37 28596
76 80 334209
74 82 269369
88 89 93950
77 85 421309
92 93 242540
85 95 119687
50 55 242581
35 40 89188
71 79 200918
31 33 414610
8 11 428388
10 17 180834
94 98 441748
50 54 370809
8 10 322902
55 62 398198
52 59 97826
94 99 39289
39 44 202263
13 23 69314
9 17 337951
86 92 283352
37 47 430071
52 53 359596
62 70 202767
61 70 128414
20 28 41677
31 41 392991
73 80 180408
53 58 82967
26 32 165618
80 86 423784
29 30 416357
46 51 23378
2 6 365826
74 81 466073
25 27 394726
76 86 124773
11 12 331423
21 29 130665
1 2 73838
91 100 299910
32 35 261390
32 42 460817
8 9 310516
6 9 299891
18 26 240279
89 94 19824
13 14 142674
2 8 481003
74 78 158281
22 25 170889
54 61 370761
20 30 97203
92 94 384276
40 48 24288
73 76 35835
92 96 306995
1 3 118413
19 29 376417
87 97 107120
3 5 352054
90 99 45197
20 28 103865
59 69 169938
25 27 172333
86 87 296626
49 56 475130
38 46 77488
39 43 94573
17 20 418845
32 38 297660
65 71 429343
21 24 468172
8 10 349619
13 18 214166
94 96 338868
31 39 136136
16 18 376444
81 88 36009
24 31 223659
1 6 134560
37 43 494247
69 79 204662
71 72 422148
69 75 234937
26 34 281028
36 45 479298
83 84 185504
43 49 121946
16 22 303080
14 20 135289
35 41 204552
51 61 185200
94 98 141133
56 64 273993
76 84 394183
84 90 133195
10 13 117103
94 100 40610
76 83 320523
71 73 338143
88 93 471216
91 92 209213
55 63 91304
43 51 10884
38 47 157492
46 50 208242
58 67 140308
87 97 13431
26 32 96614
55 56 278080
59 69 325676
69 75 9079
9 19 16626
3 4 489705
57 66 290830
66 67 448328
53 54 65225
20 26 94067
62 64 35229
9 15 218643
87 95 249344
51 52 36680
31 36 446625
32 39 101860
32 42 26224
35 36 326934
2 7 248772
2 2100000
3 2100000
4 2100000
5 2100000
6 2100000
7 2100000
8 2100000
9 2100000
10 2100000
11 2100000
12 2100000
13 2100000
14 2100000
15 2100000
16 2100000
17 2100000
18 2100000
19 2100000
20 2100000
21 2100000
22 2100000
23 2100000
24 2100000
25 2100000
26 2100000
27 2100000
28 2100000
29 2100000
30 2100000
31 2100000
32 2100000
33 2100000
34 2100000
35 2100000
36 2100000
37 2100000
38 2100000
39 2100000
40 2100000
41 2100000
42 2100000
43 2100000
44 2100000
45 2100000
46 2100000
47 2100000
48 2100000
49 2100000
50 2100000
51 2100000
52 2100000
53 2100000
54 2100000
55 2100000
56 2100000
57 2100000
58 2100000
59 2100000
60 2100000
61 2100000
62 2100000
63 2100000
64 2100000
65 2100000
66 2100000
67 2100000
68 2100000
69 2100000
70 2100000
71 2100000
72 2100000
73 2100000
74 2100000
75 2100000
76 2100000
77 2100000
78 2100000
79 2100000
80 2100000
81 2100000
82 2100000
83 2100000
84 2100000
85 2100000
86 2100000
87 2100000
88 2100000
89 2100000
90 2100000
91 2100000
92 2100000
93 2100000
94 2100000
95 2100000
96 2100000
97 2100000
98 2100000
99 2100000
100 2100000
100 198 99 19
80 88 258038
63 65 226974
53 57 268476
62 67 494068
5 7 335970
77 79 194576
45 50 257331
4 10 343744
35 36 368700
28 38 418228
58 61 46974
77 78 29748
68 70 26949
70 74 498163
56 62 389080
82 83 55333
26 27 371379
1 3 78157
40 42 404978
21 28 18075
7 16 13103
26 29 480852
27 31 416431
82 86 496658
68 71 41208
1 2 79535
74 80 286950
72 77 56189
29 33 115743
37 40 246392
84 89 229156
1 8 37246
44 50 58825
77 79 82270
36 40 44775
34 36 415344
84 92 199312
77 82 49316
84 93 288772
32 37 116286
65 70 481570
75 85 68544
60 62 27265
46 53 295624
20 27 187424
72 75 450141
5 11 461212
36 46 75141
30 35 404672
8 16 293305
63 71 450754
91 99 477308
55 60 384876
44 49 265576
8 14 26712
13 22 363945
22 32 150881
95 97 480463
29 34 435382
16 21 254111
49 54 29361
13 14 44266
42 45 210792
87 89 148384
3 12 395489
86 90 154310
75 76 328491
64 67 198663
92 97 48204
52 55 72391
72 82 329526
5 9 116222
36 42 249566
14 15 318724
50 56 395950
5 10 255784
87 92 344953
80 84 44294
55 61 368144
78 86 343032
95 99 8212
41 44 379149
45 55 489419
8 18 305720
62 63 74999
43 47 46251
94 100 224483
5 13 13892
22 25 264352
89 93 205926
4 6 296016
43 48 399340
58 68 463937
3 4 298298
23 25 298397
91 96 74069
92 98 309983
86 87 474293
30 37 450153
37 44 11193
57 59 311509
34 39 70906
87 96 179529
59 63 347010
97 98 164111
5 9 447167
68 75 418980
7 15 283091
54 64 70511
63 69 280110
4 5 22390
2 11 393183
71 73 254892
26 32 344295
92 94 47597
22 28 462672
69 76 15822
63 72 105053
47 57 300047
82 91 436897
71 74 325683
46 48 233013
13 22 63154
80 90 384325
76 77 480845
1 2 120458
3 12 82883
92 100 428606
9 17 221378
30 38 490796
75 81 480768
61 68 478214
1 3 335275
51 59 47676
13 17 207902
61 65 442922
15 19 272085
39 43 499441
50 53 207203
49 52 72105
40 41 190563
10 13 131382
86 91 288044
33 35 272601
35 43 185065
56 66 51721
17 20 46473
12 21 476803
92 94 391923
56 58 436286
23 30 59740
76 80 250114
35 39 140700
18 19 34587
5 6 143678
24 31 212904
65 73 223767
77 83 368409
47 51 365306
89 95 251194
24 29 258730
61 64 270889
86 87 5808
57 58 97423
50 60 236910
79 84 350796
38 47 216019
15 24 245332
16 23 463857
48 54 349626
41 51 276876
48 52 31819
29 33 373811
19 26 401533
45 46 70901
60 66 123431
60 69 148652
2 7 22931
3 4 202046
43 45 446417
84 85 97701
3 8 340591
33 41 418123
24 26 247143
14 23 235738
93 95 212151
47 49 172051
69 72 430679
20 30 277503
16 20 454536
19 24 102979
79 88 158953
73 78 234584
78 81 230414
33 34 85146
14 18 390034
48 56 327135
1 5 366925
2 2100000
3 2100000
4 2100000
5 2100000
6 2100000
7 2100000
8 2100000
9 2100000
10 2100000
11 2100000
12 2100000
13 2100000
14 2100000
15 2100000
16 2100000
17 2100000
18 2100000
19 2100000
20 2100000
21 2100000
22 2100000
23 2100000
24 2100000
25 2100000
26 2100000
27 2100000
28 2100000
29 2100000
30 2100000
31 2100000
32 2100000
33 2100000
34 2100000
35 2100000
36 2100000
37 2100000
38 2100000
39 2100000
40 2100000
41 2100000
42 2100000
43 2100000
44 2100000
45 2100000
46 2100000
47 2100000
48 2100000
49 2100000
50 2100000
51 2100000
52 2100000
53 2100000
54 2100000
55 2100000
56 2100000
57 2100000
58 2100000
59 2100000
60 2100000
61 2100000
62 2100000
63 2100000
64 2100000
65 2100000
66 2100000
67 2100000
68 2100000
69 2100000
70 2100000
71 2100000
72 2100000
73 2100000
74 2100000
75 2100000
76 2100000
77 2100000
78 2100000
79 2100000
80 2100000
81 2100000
82 2100000
83 2100000
84 2100000
85 2100000
86 2100000
87 2100000
88 2100000
89 2100000
90 2100000
91 2100000
92 2100000
93 2100000
94 2100000
95 2100000
96 2100000
97 2100000
98 2100000
99 2100000
100 2100000
100 198 99 19
90 100 489437
87 91 279224
70 79 467437
77 82 28148
12 21 82841
14 24 110063
58 62 166835
55 60 392185
88 89 121365
8 17 223332
3 6 491936
19 20 7842
5 6 89089
80 83 26732
59 67 42422
65 71 34918
78 83 172560
69 76 377760
7 16 497817
44 50 141054
62 65 389240
91 94 53051
56 66 206995
83 90 63913
49 57 160246
43 48 253437
42 45 55826
21 30 650
26 28 218791
36 43 137483
27 30 382054
63 70 447557
67 73 107536
69 70 135116
76 81 224612
78 86 483270
59 64 97112
27 37 265549
50 55 126181
1 2 147161
30 35 23753
20 27 333534
15 23 271783
74 77 111315
1 8 469042
45 51 260020
30 31 238155
78 80 299496
21 29 127079
69 71 137221
3 5 230549
24 34 337010
57 64 302111
8 10 434574
27 35 487344
60 61 129105
91 93 149109
58 63 316592
22 24 355847
22 28 365573
64 73 80777
5 7 85743
30 36 196461
77 78 251478
77 78 123516
12 19 178738
59 68 124950
7 16 149229
60 66 146199
56 65 2566
86 93 319132
20 26 422872
23 33 64996
57 63 103131
80 84 367323
5 13 385130
19 27 291859
1 5 310565
46 47 217780
72 81 181528
45 54 412727
4 14 33820
29 32 392142
56 59 420317
48 54 206151
33 42 25276
17 19 367056
91 96 437687
1 3 375005
91 95 379238
90 97 492169
90 99 214312
24 26 483514
43 44 246206
16 22 347081
50 51 334581
81 90 213600
6 14 248267
7 13 33989
1 2 56811
48 53 335063
34 39 376313
35 44 431318
78 82 255797
10 11 360969
87 96 101370
68 75 215066
33 39 444455
51 59 449957
89 94 275009
64 68 480882
75 85 376022
84 87 24351
48 50 71686
88 98 153091
78 88 115934
68 77 381199
26 29 188037
31 36 193973
27 32 191259
36 41 32366
57 67 89630
73 75 335639
7 12 497680
55 57 484316
42 52 309014
85 91 150777
40 45 102851
87 95 108445
28 37 205397
67 74 493232
71 80 346302
79 89 444950
62 69 313255
10 15 264373
3 8 319568
52 56 477653
19 25 316603
13 17 353638
27 31 352586
10 11 127143
51 52 386087
40 47 421988
27 34 239203
12 18 387616
14 23 228929
2 4 125780
87 92 143733
82 88 2486
32 33 227367
48 55 181630
1 3 117661
29 38 236134
46 56 431161
82 86 100177
93 97 36926
38 48 314350
49 58 462585
16 18 465277
11 21 194463
6 15 440177
68 76 336370
70 72 94103
56 62 298856
96 99 54519
92 98 367790
59 69 194841
18 20 197321
38 43 205386
40 49 356063
80 84 304127
40 41 483380
71 74 467897
31 38 44023
20 25 301002
42 46 326142
79 87 409944
51 60 339951
78 79 161409
4 7 140930
97 100 282431
91 92 340132
82 85 141804
54 61 484254
11 12 396679
33 42 219029
49 53 141751
32 40 305587
67 72 23696
6 9 175399
1 4 165717
40 46 225641
4 9 11806
2 10 17377
56 58 264026
41 49 197257
35 40 227927
19 22 166864
2 2100000
3 2100000
4 2100000
5 2100000
6 2100000
7 2100000
8 2100000
9 2100000
10 2100000
11 2100000
12 2100000
13 2100000
14 2100000
15 2100000
16 2100000
17 2100000
18 2100000
19 2100000
20 2100000
21 2100000
22 2100000
23 2100000
24 2100000
25 2100000
26 2100000
27 2100000
28 2100000
29 2100000
30 2100000
31 2100000
32 2100000
33 2100000
34 2100000
35 2100000
36 2100000
37 2100000
38 2100000
39 2100000
40 2100000
41 2100000
42 2100000
43 2100000
44 2100000
45 2100000
46 2100000
47 2100000
48 2100000
49 2100000
50 2100000
51 2100000
52 2100000
53 2100000
54 2100000
55 2100000
56 2100000
57 2100000
58 2100000
59 2100000
60 2100000
61 2100000
62 2100000
63 2100000
64 2100000
65 2100000
66 2100000
67 2100000
68 2100000
69 2100000
70 2100000
71 2100000
72 2100000
73 2100000
74 2100000
75 2100000
76 2100000
77 2100000
78 2100000
79 2100000
80 2100000
81 2100000
82 2100000
83 2100000
84 2100000
85 2100000
86 2100000
87 2100000
88 2100000
89 2100000
90 2100000
91 2100000
92 2100000
93 2100000
94 2100000
95 2100000
96 2100000
97 2100000
98 2100000
99 2100000
100 2100000
100 198 99 19
82 90 367515
33 35 118724
74 83 428750
77 81 46322
16 26 169305
2 3 143123
55 57 66251
93 97 140048
60 63 407725
66 73 407425
93 96 281178
11 20 134303
39 49 425933
52 60 48566
26 31 482044
96 100 215552
64 67 23845
36 40 92942
65 72 479718
11 12 99208
86 88 255569
28 29 211673
54 59 192640
17 22 299971
83 85 104678
88 92 231705
3 10 261639
89 91 374381
22 23 7753
64 65 26118
65 74 372299
8 13 224951
34 35 108470
54 63 383757
86 91 422482
66 70 154504
39 46 411515
49 58 460685
71 75 471987
65 70 252185
56 57 265850
10 15 86265
22 25 198268
81 85 55288
47 54 206827
18 21 26169
89 95 455277
1 5 243558
83 89 348855
74 76 113704
58 64 487387
7 9 241881
25 33 214206
45 51 3863
42 46 200782
93 99 329307
33 43 134066
74 76 194441
25 28 420931
47 48 254153
84 93 371866
48 52 232341
54 55 110794
4 5 198900
17 27 323888
7 15 247752
18 19 265032
63 67 96131
25 32 396995
82 84 22720
91 93 299959
61 62 156208
78 82 431062
48 55 278674
30 40 51298
50 56 41126
14 17 250687
57 65 118948
41 50 442314
94 95 53386
88 94 485001
32 36 466387
89 99 101699
27 37 407791
56 62 242002
4 11 250447
10 16 489335
69 77 249440
3 6 77262
80 81 375866
40 47 92258
3 9 140026
90 97 368290
18 24 413485
30 34 139156
61 69 290190
58 59 159113
47 52 459699
43 50 164658
38 43 407396
70 75 99635
13 18 194572
5 14 421302
91 96 474131
14 18 25377
30 39 376748
92 94 422026
61 66 68394
78 83 159626
29 37 178521
45 49 55249
9 12 160107
44 48 115770
16 19 45936
31 34 149759
29 38 62730
67 77 191150
16 22 64096
67 71 121723
9 17 169618
97 98 144792
57 66 382221
32 38 319844
29 39 223104
78 79 471713
68 69 256879
60 61 316137
86 92 84518
84 86 63298
76 79 210288
44 51 46224
38 47 77001
22 28 160778
82 89 214770
5 13 29968
64 71 176292
11 16 200476
80 87 98919
68 78 385718
80 87 311395
46 53 253837
1 2 87575
20 26 400996
53 58 81321
7 8 228074
44 53 477597
1 2 90989
67 74 256906
46 56 396336
18 21 373738
78 84 230299
1 4 171057
2 11 69426
58 60 386273
4 10 90666
1 7 352380
17 20 187639
24 29 329497
37 44 321450
29 30 248891
80 86 466042
81 88 103231
27 32 13920
34 44 22836
41 45 491432
1 7 139985
31 36 327717
38 45 383906
35 41 496485
24 33 343171
76 80 118950
73 80 462897
62 64 439879
19 27 370430
1 4 468098
15 23 459748
72 82 274905
28 31 452508
91 98 331504
28 30 265328
51 54 426106
69 73 150670
34 42 413110
20 24 320894
65 68 306364
2 3 299094
5 6 330163
61 68 5005
40 41 69
6 14 310861
38 42 380054
1 8 159149
58 61 338193
96 100 478430
22 25 180420
87 90 96613
72 78 159374
66 72 332969
2 2100000
3 2100000
4 2100000
5 2100000
6 2100000
7 2100000
8 2100000
9 2100000
10 2100000
11 2100000
12 2100000
13 2100000
14 2100000
15 2100000
16 2100000
17 2100000
18 2100000
19 2100000
20 2100000
21 2100000
22 2100000
23 2100000
24 2100000
25 2100000
26 2100000
27 2100000
28 2100000
29 2100000
30 2100000
31 2100000
32 2100000
33 2100000
34 2100000
35 2100000
36 2100000
37 2100000
38 2100000
39 2100000
40 2100000
41 2100000
42 2100000
43 2100000
44 2100000
45 2100000
46 2100000
47 2100000
48 2100000
49 2100000
50 2100000
51 2100000
52 2100000
53 2100000
54 2100000
55 2100000
56 2100000
57 2100000
58 2100000
59 2100000
60 2100000
61 2100000
62 2100000
63 2100000
64 2100000
65 2100000
66 2100000
67 2100000
68 2100000
69 2100000
70 2100000
71 2100000
72 2100000
73 2100000
74 2100000
75 2100000
76 2100000
77 2100000
78 2100000
79 2100000
80 2100000
81 2100000
82 2100000
83 2100000
84 2100000
85 2100000
86 2100000
87 2100000
88 2100000
89 2100000
90 2100000
91 2100000
92 2100000
93 2100000
94 2100000
95 2100000
96 2100000
97 2100000
98 2100000
99 2100000
100 2100000
100 198 99 19
35 36 482487
67 69 71821
76 78 117948
48 50 450215
2 4 107334
49 58 382318
3 9 469425
17 20 1201
46 53 160466
19 28 275232
65 71 224151
54 61 240913
19 28 359181
62 65 414369
89 92 438081
10 17 414489
4 12 215369
6 14 160594
1 5 169893
70 74 427482
29 38 210816
45 54 377239
14 23 163164
79 81 418348
65 67 1517
92 99 468379
25 31 188165
3 8 110442
28 30 227377
2 7 176265
77 78 185954
58 60 230451
56 57 368143
82 86 123380
29 37 96473
29 33 317963
61 69 66415
52 62 437520
24 26 76308
60 68 471863
88 95 462335
36 44 265526
39 42 56002
36 45 411141
87 96 227789
75 82 126244
1 3 246132
2 3 56642
11 21 409390
13 18 335003
90 93 392544
60 65 134561
40 41 359451
8 12 342783
52 55 95970
54 63 475835
49 58 321487
81 88 32987
13 18 414422
33 42 273065
86 94 276362
70 79 238106
68 72 287551
69 77 360588
2 7 456753
62 66 161039
67 75 179652
56 66 454054
71 76 107787
44 51 225870
20 23 275917
5 6 170014
49 56 346501
44 50 467376
59 63 253962
54 56 494400
98 99 116687
18 24 259379
24 32 392012
93 98 302619
54 57 364798
53 59 41272
45 48 273610
25 29 317505
67 74 61960
68 73 85988
68 73 326878
18 27 324490
24 34 265354
7 11 107647
50 52 98501
97 98 39729
38 46 204357
61 70 217368
65 70 173539
85 88 125237
67 76 27549
86 90 63678
76 77 299421
88 94 445978
10 16 266585
47 49 365864
90 100 386428
63 64 205926
38 44 486918
14 22 195023
44 47 41489
53 62 37604
83 87 210004
19 25 369423
84 86 316395
3 5 244900
89 90 66295
13 15 417034
17 20 16610
78 84 476025
93 100 477287
7 8 203236
3 9 257968
1 2 414458
89 97 184224
25 31 46696
59 68 433875
39 46 260065
15 16 142275
71 75 357889
6 13 445101
20 24 277487
37 39 451924
46 55 180002
27 35 101252
82 87 411174
7 14 75002
89 92 472511
54 60 144034
30 35 315821
84 93 136129
8 10 184434
42 51 333717
78 85 470640
16 21 463835
78 84 195415
72 81 21456
31 34 467902
89 95 362011
10 11 402927
75 83 140009
34 39 224009
73 80 411065
60 67 335265
40 49 31513
78 85 340969
39 43 258033
88 91 340629
16 17 84255
28 29 283065
30 32 60131
80 89 395031
75 79 151965
70 71 339033
34 40 398772
26 36 341338
60 64 332634
74 82 479210
67 72 420748
44 45 166034
25 33 490814
35 43 294645
20 25 414647
24 27 79385
73 83 382553
87 89 140261
46 52 230372
10 19 99243
15 22 264284
4 6 19464
76 80 368009
27 37 322569
47 53 312702
14 19 362514
33 38 470972
44 47 388826
23 26 151768
9 15 472345
49 59 90459
1 10 258406
31 40 13674
44 54 439162
88 97 20614
91 96 35129
24 30 184596
33 41 947
44 48 264831
2 4 164806
90 91 476253
10 13 8007
1 2 350769
55 61 179073
2 2100000
3 2100000
4 2100000
5 2100000
6 2100000
7 2100000
8 2100000
9 2100000
10 2100000
11 2100000
12 2100000
13 2100000
14 2100000
15 2100000
16 2100000
17 2100000
18 2100000
19 2100000
20 2100000
21 2100000
22 2100000
23 2100000
24 2100000
25 2100000
26 2100000
27 2100000
28 2100000
29 2100000
30 2100000
31 2100000
32 2100000
33 2100000
34 2100000
35 2100000
36 2100000
37 2100000
38 2100000
39 2100000
40 2100000
41 2100000
42 2100000
43 2100000
44 2100000
45 2100000
46 2100000
47 2100000
48 2100000
49 2100000
50 2100000
51 2100000
52 2100000
53 2100000
54 2100000
55 2100000
56 2100000
57 2100000
58 2100000
59 2100000
60 2100000
61 2100000
62 2100000
63 2100000
64 2100000
65 2100000
66 2100000
67 2100000
68 2100000
69 2100000
70 2100000
71 2100000
72 2100000
73 2100000
74 2100000
75 2100000
76 2100000
77 2100000
78 2100000
79 2100000
80 2100000
81 2100000
82 2100000
83 2100000
84 2100000
85 2100000
86 2100000
87 2100000
88 2100000
89 2100000
90 2100000
91 2100000
92 2100000
93 2100000
94 2100000
95 2100000
96 2100000
97 2100000
98 2100000
99 2100000
100 2100000
100 198 99 19
40 44 287035
75 81 119876
80 89 69426
64 74 248863
65 73 51608
82 83 203312
34 37 286596
28 31 465388
17 27 354483
30 40 417901
32 39 124028
86 88 196010
68 76 42273
59 66 397575
14 16 159719
83 90 391790
55 64 51976
93 98 291551
25 30 50280
40 49 489317
6 12 466726
46 56 264906
19 24 447124
52 62 5868
42 47 38824
79 87 478576
99 100 472692
31 33 128598
50 57 399668
24 26 288462
59 68 351750
66 74 21994
2 6 155136
38 47 13525
69 79 172669
4 5 83875
30 35 262520
54 60 301193
90 91 125437
91 96 381550
5 11 130268
2 3 128258
83 86 205567
69 73 185551
56 61 402879
53 54 404110
7 9 226867
42 45 421276
82 90 87625
87 94 317069
77 79 386969
92 95 275680
85 86 45942
77 80 440148
1 10 39079
49 51 309562
57 61 480214
68 69 376011
14 15 126246
51 57 121883
57 67 378603
66 71 384207
41 49 222517
64 70 158252
40 46 218637
45 48 390736
41 44 363717
35 36 417030
91 94 53705
26 28 169204
33 35 31803
3 4 387831
82 85 415134
62 70 61234
31 32 100849
49 56 195652
16 24 226207
32 42 60504
88 97 52052
95 100 413953
1 7 292212
14 17 85222
91 95 104103
74 83 138331
75 77 334264
76 80 284945
83 92 345247
73 75 390319
48 58 456828
77 82 137121
6 8 159206
73 75 476848
2 6 140099
2 9 341619
52 55 473113
70 72 103108
4 11 381444
15 23 475223
96 99 288938
71 78 433480
45 55 315724
57 60 184467
89 92 1662
8 13 54952
59 68 412281
1 4 230174
17 18 472431
77 84 303240
60 66 417791
93 99 304358
76 84 139467
49 52 52702
49 54 395111
1 2 35403
40 50 86355
51 53 295252
31 34 339275
25 27 70881
89 93 298013
36 42 210539
58 62 377628
41 50 176338
75 76 265971
54 63 351603
14 22 368636
47 53 341050
11 18 266770
21 26 26228
6 10 130788
5 15 297321
40 43 409580
45 46 228489
17 20 319327
9 12 192389
27 30 60070
61 63 199360
45 48 383181
56 59 407653
5 8 441595
16 23 174235
41 51 341761
11 19 388087
1 2 73655
8 14 162225
19 28 352804
76 78 224890
42 52 239420
68 72 425581
35 37 301776
28 33 476581
78 85 223808
24 32 54830
78 87 330037
70 77 249727
4 14 78125
69 71 443078
23 31 363351
54 64 466596
58 65 17440
22 25 261244
36 38 14798
25 29 186214
33 41 117867
17 21 203146
12 19 392068
9 17 459530
80 88 119636
65 67 222655
32 36 474747
35 40 66183
42 43 178931
30 34 99229
75 82 60965
6 13 182955
15 22 118808
24 29 445724
33 41 183626
3 5 480853
87 97 336034
33 39 176230
81 91 115301
39 45 97116
2 7 267177
33 38 97753
87 93 117319
2 3 326534
17 20 311957
59 65 336136
96 98 474195
55 58 205746
53 59 170532
15 25 486682
73 81 150816
86 96 123055
17 21 186440
82 89 487657
11 16 337211
64 69 150498
2 2100000
3 2100000
4 2100000
5 2100000
6 2100000
7 2100000
8 2100000
9 2100000
10 2100000
11 2100000
12 2100000
13 2100000
14 2100000
15 2100000
16 2100000
17 2100000
18 2100000
19 2100000
20 2100000
21 2100000
22 2100000
23 2100000
24 2100000
25 2100000
26 2100000
27 2100000
28 2100000
29 2100000
30 2100000
31 2100000
32 2100000
33 2100000
34 2100000
35 2100000
36 2100000
37 2100000
38 2100000
39 2100000
40 2100000
41 2100000
42 2100000
43 2100000
44 2100000
45 2100000
46 2100000
47 2100000
48 2100000
49 2100000
50 2100000
51 2100000
52 2100000
53 2100000
54 2100000
55 2100000
56 2100000
57 2100000
58 2100000
59 2100000
60 2100000
61 2100000
62 2100000
63 2100000
64 2100000
65 2100000
66 2100000
67 2100000
68 2100000
69 2100000
70 2100000
71 2100000
72 2100000
73 2100000
74 2100000
75 2100000
76 2100000
77 2100000
78 2100000
79 2100000
80 2100000
81 2100000
82 2100000
83 2100000
84 2100000
85 2100000
86 2100000
87 2100000
88 2100000
89 2100000
90 2100000
91 2100000
92 2100000
93 2100000
94 2100000
95 2100000
96 2100000
97 2100000
98 2100000
99 2100000
100 2100000
100 198 99 19
88 96 481212
68 76 289367
23 31 296991
17 21 38359
58 67 122475
53 62 350484
30 31 220218
2 5 488949
50 60 269466
64 70 332052
62 64 310169
7 12 88960
86 93 290946
62 66 158052
86 90 289126
7 15 205864
88 97 438815
54 62 300119
90 100 455441
19 20 329569
38 42 294418
75 85 350242
49 59 42541
12 14 281795
12 19 496866
2 3 408288
19 29 229008
86 88 54058
4 9 316918
31 39 377742
1 7 38615
38 48 328663
19 24 254460
66 74 236272
1 2 498143
21 23 64205
73 77 23270
18 22 449579
27 33 396909
35 40 69301
54 57 36616
31 38 437449
23 25 354247
67 69 351642
99 100 160251
1 4 410616
95 99 398617
79 87 95790
63 68 296573
48 50 251851
47 54 428242
74 84 224259
48 50 336815
16 17 431063
33 43 438436
55 61 438323
46 52 225174
79 82 421719
45 49 453255
4 8 443417
81 85 97082
27 32 35081
61 71 281462
71 77 112438
17 24 91209
64 65 261423
32 41 298192
5 11 106605
1 2 431733
46 47 324943
35 39 376888
73 81 283654
19 29 295858
40 45 266419
27 28 63286
38 44 30639
68 69 144089
12 13 308426
87 91 87700
1 10 186646
6 9 154984
63 72 33957
68 73 267330
25 28 247472
52 55 351264
71 81 174875
11 16 211859
3 4 113334
84 86 126086
70 71 295077
23 26 210654
91 99 443395
90 92 355042
39 47 101379
6 12 196349
10 15 133783
74 78 485795
6 16 135989
76 82 125841
33 42 214487
78 80 332280
63 68 494370
2 3 270620
47 55 79850
70 79 76184
80 83 191029
48 56 434725
71 72 418717
15 19 53500
62 70 306042
28 30 252280
68 75 136704
13 23 90752
90 95 440038
15 18 181092
51 61 266632
81 89 184645
46 51 201613
81 86 207035
25 27 255755
16 20 64402
22 26 339977
25 34 389045
34 43 55526
57 64 9934
55 57 177850
34 41 194445
12 21 433882
41 49 161256
93 94 375553
92 98 282946
32 36 251339
94 96 25168
83 89 323011
36 37 331544
70 76 167488
60 65 131451
5 6 100652
16 18 224437
22 32 400326
86 95 199618
50 59 198793
37 38 155716
46 51 431981
48 52 347939
29 36 379085
91 93 94421
80 90 194985
70 74 381119
13 14 441869
5 7 393531
53 54 428626
11 13 408314
49 58 386596
33 35 72076
1 8 433540
72 78 168831
9 11 47888
68 73 23589
31 40 188960
20 25 331290
37 44 275315
67 75 197924
51 53 258154
28 34 329979
44 46 51730
53 63 30060
56 63 379945
29 33 462073
30 37 179994
78 87 383428
19 27 421417
77 80 308461
6 10 215062
1 6 424888
41 48 265692
86 94 454323
50 56 29882
36 45 96183
76 79 160117
22 30 79277
10 17 321883
87 92 18067
1 5 252876
16 22 44607
52 60 423989
91 97 389828
57 66 214685
27 35 394740
56 58 145828
64 67 374885
79 84 447688
81 83 385367
81 91 483915
45 53 268598
86 88 111506
88 98 283995
40 46 255344
2 2100000
3 2100000
4 2100000
5 2100000
6 2100000
7 2100000
8 2100000
9 2100000
10 2100000
11 2100000
12 2100000
13 2100000
14 2100000
15 2100000
16 2100000
17 2100000
18 2100000
19 2100000
20 2100000
21 2100000
22 2100000
23 2100000
24 2100000
25 2100000
26 2100000
27 2100000
28 2100000
29 2100000
30 2100000
31 2100000
32 2100000
33 2100000
34 2100000
35 2100000
36 2100000
37 2100000
38 2100000
39 2100000
40 2100000
41 2100000
42 2100000
43 2100000
44 2100000
45 2100000
46 2100000
47 2100000
48 2100000
49 2100000
50 2100000
51 2100000
52 2100000
53 2100000
54 2100000
55 2100000
56 2100000
57 2100000
58 2100000
59 2100000
60 2100000
61 2100000
62 2100000
63 2100000
64 2100000
65 2100000
66 2100000
67 2100000
68 2100000
69 2100000
70 2100000
71 2100000
72 2100000
73 2100000
74 2100000
75 2100000
76 2100000
77 2100000
78 2100000
79 2100000
80 2100000
81 2100000
82 2100000
83 2100000
84 2100000
85 2100000
86 2100000
87 2100000
88 2100000
89 2100000
90 2100000
91 2100000
92 2100000
93 2100000
94 2100000
95 2100000
96 2100000
97 2100000
98 2100000
99 2100000
100 2100000
