1657 1783
464 417238410 696148227
285 112244054 174021049
393 425433017 906337604
323 14561859 25505204
1162 174354256 324449481
1352 744217686 828067535
625 203807354 992768141
1245 723955394 850658910
648 194164345 258941311
601 80062122 589862287
335 633315900 940201743
1045 253002189 764550242
727 44717381 799208192
1070 225126849 987584356
549 504963623 591980009
991 973992890 989110199
805 141316666 610099621
500 13165723 818549535
1244 283932202 334715847
1272 312347747 674357316
717 34574301 328956355
698 455117985 491939376
197 57480431 411788759
325 104997934 968545269
75 47460993 558051596
144 492762730 972054521
910 687885479 898367709
638 841055568 899202529
698 128276972 201410828
600 12606863 118939399
590 220095676 266414353
287 410319648 751256172
1298 54862264 739901282
1333 412298049 726396499
187 773380744 774378285
1109 61530021 95803314
225 11355105 823057708
580 251433766 374843135
1061 821172392 992916213
78 944727539 979873185
1213 915396867 917786894
1120 16608146 360391836
489 3830783 718675699
978 437543615 966142319
1619 417250448 874625968
1449 507738619 850536876
1197 429684702 585273841
1609 514012294 668107389
1395 21087464 675453491
970 166144824 871125100
864 429499666 551418983
975 275022964 736247059
284 20321814 322578709
1151 5007970 222117328
668 68591773 963538469
623 378084485 740974413
1194 670480802 697792343
416 355976694 715153418
946 232415010 468435015
871 428304164 433897303
1031 570903333 832782388
762 317051997 988384534
1612 91709477 727670439
385 160918318 251082519
999 157088689 259670952
951 311953810 510900591
182 387206156 721992184
231 374282990 409131112
328 244371226 338268232
441 58398151 292777719
1284 618464459 892912442
325 222717879 775292542
603 126067819 945770246
1289 443772867 827514015
1041 93641632 812570413
1142 215140453 521753980
120 509538896 649985539
496 219548498 864670234
1431 200550448 631867055
144 665581873 951756604
1201 236224117 306758262
882 130717295 860907224
1538 321144671 839451225
999 359447973 699717569
258 517643425 542968052
1110 299986391 641462716
921 448987074 954481748
48 162304799 738900255
267 321191623 868022788
1159 219535577 573623082
1008 454779435 804250348
1220 410289501 612429478
942 257846670 914614747
1266 476984094 946732021
1083 839056196 866515872
1597 122685740 250247010
16 572584833 675139272
373 949213291 960336248
402 705849439 725873900
581 764926051 863734164
899 276183856 394611940
295 395507961 535248436
717 44311993 758177682
1353 756923322 913930968
768 152677535 598403393
892 480919474 892511534
1632 455612977 556302664
1621 383714024 541845457
1059 492441285 960263117
1050 589273631 708959954
520 67873813 404947318
665 201467687 379864078
1411 139845515 953331429
1332 265408387 316053911
559 617666858 891471631
217 166402615 251187290
1454 478664583 813063299
552 88794200 433955481
326 444608922 895850105
675 425311189 579111785
1060 172523930 517193218
1569 887059063 928143492
1522 145488669 332613345
410 79227422 967469802
1374 127549528 235886873
1038 623633940 816854908
1141 2197601 418843075
1517 68335535 305034772
365 308753631 915459082
764 239796411 425453530
470 134229313 751255426
191 131219377 184856808
1406 193333553 856066555
585 878959355 990887123
1156 261119275 454697778
56 118218608 752513979
1019 243159426 359898081
317 17013996 124049294
1037 666032066 754432178
55 384377341 574355941
362 536921359 606590449
536 247838642 915984164
982 31328062 291182662
1034 440227578 512275532
448 135163002 812497308
653 28780683 612847642
535 639436353 721766760
228 74491149 152140121
288 469016106 522463914
926 29300427 919062775
917 487459218 658625409
793 409071314 812145428
189 3443319 9917795
1149 514355955 858238467
940 307037645 781097622
497 314266638 683398512
267 86698443 260046493
513 571905376 633950995
1520 308634464 727309611
1046 726562408 877649926
612 74495148 589834994
342 115495715 798154629
1573 282685466 953676527
1466 408218068 612902461
219 556004956 968553932
1541 632814169 667656900
1060 774663194 852174647
353 567182978 913763030
26 234059423 478037222
809 527321336 918689709
161 173381416 324400086
955 157749971 809558664
980 314989010 712300765
1334 2852021 672662339
1474 769084150 855308242
1631 382578975 540866560
1041 310499350 575226387
1021 69982782 848500527
432 206222663 315435823
1051 273868567 335663720
668 815947791 882256896
939 133578843 855159656
1355 288455109 609150664
449 124627551 590589819
90 471124494 541862336
1332 134714571 176951595
1545 757484403 933513816
14 147606988 884452831
256 194307596 495229097
654 399138266 867866257
130 593355143 650862391
748 281228442 957722619
1546 609235022 879223745
1441 165392539 358833132
1506 444938744 933144612
638 50488198 116242155
109 242707539 534523682
178 508947150 624395294
783 188842865 527796939
1649 192869067 867603383
1247 309299974 320406847
1127 295611155 626825335
986 384882610 699775846
123 394339693 560707838
701 177558462 580300797
1427 465921337 554889060
534 75734367 236391645
151 75651980 336467680
963 271238642 550332124
1342 7015239 137519280
511 311394956 618194762
90 331711870 994943350
142 4843331 474062796
41 108131038 262255065
694 642427785 858520637
476 60400433 915216119
277 327736697 504754935
674 753586606 870701721
914 797412140 884511206
1577 219787286 309311717
52 745435705 789137703
297 319808265 525129153
86 264651728 648641566
1295 726324312 828149177
1111 334921511 950868427
152 551574367 757568086
1579 824335800 955797705
449 6454725 561885346
1201 100275433 644928078
1642 428455442 562127271
859 678621948 970112104
146 3792024 448290995
1564 151811759 837744670
1633 749826268 944526929
1177 642777254 724646245
381 227291897 566948669
726 452829033 750525560
1215 584527663 720044380
15 137758630 218129588
535 75309771 992562971
1542 432775026 624601396
1410 209328267 695079627
996 395505074 955612239
331 96137619 569955545
1367 103753613 654544830
1104 232873887 956753987
15 336152194 723473681
1368 76181872 883820960
929 23194135 88924217
85 219125669 427445752
477 667776661 735895311
1192 32013146 425683969
220 656130052 753634410
1654 240669491 737448197
1510 245246309 538478960
1534 734928338 852804891
767 588150024 626281060
1521 324459096 373512416
189 215096362 261228678
1387 840195582 994655774
1109 433417790 555853504
112 137013975 724221113
560 369184041 526283066
257 282346543 830854069
707 31092344 522251016
242 242698684 964752426
1262 652952315 842134979
785 451898933 454937630
32 286406957 718577164
975 87965677 449318189
1455 214836686 860361171
451 199013878 870572231
16 3537848 904845125
870 25896311 336204913
409 456248300 969127765
663 377198086 938957073
1115 286241419 659805208
1614 701643529 872418354
448 163365036 244385412
1275 446599899 803325424
122 79879591 468984804
651 157966165 628358760
757 941052635 973538610
478 110646478 162074736
1483 80287425 538084158
255 455347360 680251069
1342 260495051 643661066
687 218524935 346069309
1451 713859117 847176885
2 65538844 658702543
820 567105350 963040766
1343 220974532 720147713
471 508612082 705265544
637 101071967 508759343
1224 438658418 743865258
754 74257077 575505676
1320 91440803 438627126
904 526418292 881074153
10 504580862 905767186
685 63563029 903472323
7 151998877 751306385
1417 64011952 975886790
1598 262177087 281743436
1089 531948760 953369850
934 619618184 643542415
152 63113322 946452372
1459 486697744 852366542
1166 98402845 679134786
1520 946561188 982240537
855 150158323 958062781
201 139970095 636309778
825 183824550 341322446
1385 636611766 881978209
915 283086942 604409496
722 288325738 575334729
1365 673841318 931297409
803 73452725 136907916
559 173178019 400230840
323 501307234 780347865
533 523875275 542346859
676 82527160 100835095
534 55343268 436327589
1002 375640713 508215131
1061 876332332 929161522
899 4665769 694791130
790 273415351 704761611
702 582952077 609393004
1254 29910515 830728228
373 211887192 306875848
896 44941814 473408245
885 85779268 326580324
372 281735989 841541457
121 353848017 468496151
490 353853022 795297632
932 451697980 524333088
56 479090337 591548016
60 356966648 653041636
1141 333880447 413265104
333 533908248 875765406
126 535775184 582600765
1195 936968199 951128094
892 39350255 719710223
286 818358099 918867816
73 61488594 661453483
443 156598905 874689801
1608 303094505 519508004
272 19339252 357653069
1104 656241206 968922681
1007 682144610 686995294
252 762517395 771586460
745 587680210 713465673
691 619230207 883433274
175 120601341 358273533
1115 104417071 774345087
1577 33092131 335540723
1143 230290703 354013499
373 366830985 774003396
745 164844897 862709045
1258 99258189 162795263
537 56989917 299049238
931 43318400 496399847
613 612216373 927787331
1465 421243169 542486006
1194 128357265 172188116
1024 217763492 484425133
1452 372473058 490610603
395 620468826 821516131
881 521615815 723386568
260 626294086 628733311
1155 13300039 461956920
1101 271732790 416710888
62 516546689 755870094
562 104508662 382871440
1416 334758247 447313353
1353 129094491 444020404
450 79814823 727709525
610 129308202 443229876
896 249649735 828020211
775 374992361 990074284
1253 650545466 761023925
1437 310086253 833506636
1263 121879480 352581596
1324 157029273 162113088
548 981049028 993422609
873 291038855 309467013
1580 183218879 659772336
1540 123895352 480219743
551 449450923 912279689
253 75430831 637088638
146 143912067 258963591
795 80996401 978834021
306 971534960 980268654
1477 274541549 539738596
716 666822454 790979585
61 231027545 760476836
1296 271301707 840266444
996 521742415 693021383
316 84823456 823992435
1622 139223845 436311975
388 634097303 664192777
1208 594147699 850318931
500 389241392 451842962
674 210689008 603045574
981 280337739 829069536
107 189518440 667314198
1618 19353592 66270822
653 247077318 274272953
1634 41475004 657761216
1480 260781261 698290521
197 272273992 781694744
547 697111001 899091768
1455 138186725 779199164
540 183865950 739575986
410 819851486 919107335
1195 669683480 689279411
1271 213139858 994716241
75 667507178 819208429
664 743444217 926508856
1047 38173739 301451919
922 396612211 607746658
1501 93311979 989970205
1592 26559829 481859577
273 768741445 926236630
891 166469567 485520648
711 100813336 478059242
361 667537638 700000212
417 835044701 995223621
1523 697650911 828751085
819 268298082 317672628
1365 283775432 542691955
1541 574045934 672533024
476 458746803 694867217
245 484768978 929267700
7 547492790 806466038
325 753802338 766250175
25 986103520 986777329
53 797899378 994102617
1046 947710 52484897
1315 82044294 732529007
1022 12592880 435168063
627 288704882 489252273
1366 155967850 723275680
226 160110993 224485331
708 457719304 683276155
494 107234933 726048341
1517 400447572 852258959
1177 2158707 85409316
1465 696794193 882385370
1052 504741593 931530237
416 694126835 743077771
368 29566662 657415873
107 149804546 848514330
1534 862023881 904536536
260 93627072 755142735
523 17958577 875300381
133 133210497 260222002
135 161664647 495669670
1196 71978000 314412836
1410 407560030 707259989
4 769924234 932352059
1206 280216900 919125166
991 119824981 640316794
155 98191409 968919762
1296 284927006 472120193
1575 402463975 583989242
1650 21964739 769297053
5 120302474 734881443
871 418091757 494904475
955 654965814 974911415
1109 825643595 951037895
1494 153849532 390188708
902 137079444 408461663
563 67808216 349051728
639 31412535 758092082
522 447649624 621702290
979 295397134 305551223
1067 640193153 766262757
1288 920812539 969240014
1479 237250348 786777111
404 119178590 798211746
214 606224450 659732552
220 156325760 647664989
1229 732369473 795355696
95 559163058 749201606
1369 372388740 771766589
1517 23379867 546999870
1585 81119279 372255610
1545 326254162 714089359
892 521277281 720532780
360 379097082 520502729
549 365466897 424446402
1392 172950505 921504479
68 498213101 747752166
150 257936799 441401347
1520 77267368 108387115
845 744552500 800740958
48 614634294 691469689
941 522381943 804006814
1191 850889826 971363527
877 286507409 515321738
801 127952485 226059682
1278 337806957 863075591
1052 94743272 503154391
594 574155201 975739210
934 423866422 665471440
1389 430181756 741685039
166 128394372 283889450
431 102869341 616240607
1064 213919608 259698363
1582 715288204 953164930
128 144606073 908874038
588 531677968 971969039
715 19954928 508442225
1589 2407397 39657535
821 537738315 963749447
865 635292320 852117051
492 155532727 921570737
594 746263973 935708909
195 2551064 11171103
1612 772449638 990699140
990 384920146 463687580
295 333344392 733191312
645 144082022 925546584
1003 80045883 729447717
145 432936806 957706305
316 251306909 536946381
411 346997196 478480152
23 400643101 797636465
1520 121316849 313744145
144 51762584 115709348
1135 208729174 334678316
1055 312423674 928090577
1491 325049938 462088027
485 92397810 445725073
577 475612964 501656756
1480 733314046 946323138
167 60452978 912208351
256 15567462 97277571
1474 263918933 915024777
1026 185800204 780001380
1506 421530508 509789774
262 56985823 325491565
1404 229342270 500217891
747 504488001 655969285
778 598870514 692335347
458 239402259 950370667
1043 323562962 587770827
1351 292865638 530908648
1049 366839595 574237690
883 142660876 150188377
365 303528124 705240913
953 202191622 581432199
878 561217229 986595551
1441 606117750 980919285
1491 324990230 436710473
1375 7997362 602548822
143 140744952 875198712
560 497107016 595860079
843 118367578 148795486
1255 246100667 873241577
317 330312822 768277363
707 212386688 344635732
1552 660729262 985154002
233 659576455 835381541
410 282646354 924818382
1657 185140640 831229114
605 199333106 589374830
958 29638139 851897637
364 331212440 968988377
552 404878704 469774207
1340 80735646 740773515
791 639491455 724405173
1420 522276759 806625696
1465 64660898 958031708
746 122643896 374454501
585 211069698 797648785
661 110352299 137292422
733 309837209 751771145
706 321974892 988026475
222 248810955 727282316
1656 90385730 186163267
1417 102105349 722985444
665 646198608 950181890
281 586518986 657113034
1364 728770260 821904753
589 339866653 932524605
1039 328254488 390977304
1385 192231865 418398364
409 418828948 423235573
351 205578161 242220239
685 127683165 451038300
1642 390469274 476908565
1404 252264229 739822779
951 12760804 438462941
1271 553383134 882962429
1646 565234761 714575857
206 213724225 564301590
197 562561391 631338722
1255 684810982 742403921
835 815245 870747043
466 208202733 324019903
902 341055555 696935867
1335 345440289 741998562
159 595824299 745449251
68 620499689 737616571
1432 450799735 615709324
1457 224041651 275973783
1264 289259564 590310044
293 239318464 843481992
1657 754479205 876981836
679 387753859 432848187
586 648741302 664043494
739 391364764 744281088
215 365298722 640046035
580 629024497 821079655
1558 144634392 266752943
1653 364466220 433690368
1284 111792286 561471352
523 447763399 690699329
925 908626922 930352355
514 375304815 758617610
861 20283596 616967354
928 407827044 445923846
1453 42886656 247364446
1393 209704516 556331893
1543 99209664 197764369
651 45299057 804576206
1198 506609469 616560783
1309 430501856 883991902
376 50229806 968383751
985 283061034 983373918
1055 234032811 442074115
721 73426542 246777792
1521 109728327 258562340
422 308408212 785885679
816 361007327 929568072
14 498695531 924201629
261 396977400 930081455
745 37768559 407775067
516 127131970 580910972
933 486581489 699345246
1303 60303657 408113534
1105 243414194 476724464
749 665465819 986233047
390 16214717 615018288
1567 335837784 579719094
370 149734020 642060610
1413 215277404 490019765
780 322300296 520714020
349 28466958 575842321
348 22675954 973799167
1422 311322743 935986581
13 4464149 655033189
291 431614649 752801669
1338 266807494 418329919
1176 27427527 659234178
908 272767881 459811295
1339 43699036 542368025
851 603468340 909081302
184 240319727 387071499
1542 33242815 399151054
346 709298103 968257595
1255 143444180 759587475
112 511305984 888630577
1621 161601473 333945738
19 439619587 602890162
1206 777234762 811147029
60 126825987 485089558
463 126407934 849497837
614 318782210 873431331
898 254703329 734048496
1454 41336479 178549697
1657 350014444 576642108
372 771967519 926199427
142 45399813 653591495
125 60456767 267630877
574 206615361 676340568
1520 183809946 484258491
107 567074629 691237664
1385 743568784 842842217
931 313246901 603460880
1285 256832473 717397985
1066 156780675 821132909
74 467239140 783141296
200 567754032 796452665
1260 792952908 837342643
647 743236092 843941093
55 32781552 214744806
1176 151472359 607467449
1591 463021475 631183345
1231 546887256 678323132
748 287222842 945216609
1407 74088788 622825094
22 27274536 91802924
1461 184686412 745371285
124 480846034 824276590
342 349978509 534015448
1285 370858446 430607171
1055 269159866 418592311
1067 191752742 810778800
29 82277844 606438718
402 946956116 954532158
1184 53611203 249182342
513 93961729 617573582
588 254682961 303341599
1016 321622018 865226441
1529 523463003 540902146
1458 102382327 868072781
832 334787467 429474388
1171 286027577 818295011
1273 359451245 521803159
97 503599211 644211821
1543 26504293 567738922
244 285569701 738109735
976 710577488 761021883
886 632048723 876900421
461 689062861 790854082
277 511835176 529178050
761 143565698 227978888
1367 3680380 166996772
175 117820543 214073032
1460 597502036 838626986
587 60087108 610173305
1558 893186129 945903739
106 594347891 649531632
1064 520324903 932940868
1500 31592206 124804678
1231 474700112 840284699
618 259503862 524090751
356 225500381 465991210
455 421041278 894628069
591 86676053 95623673
1532 209746915 654116205
1309 15734649 945168131
423 41537488 737888016
537 151976266 540901758
548 23404018 912273458
1006 170591317 808903598
1561 241611605 734814048
108 448636117 765752736
1492 854960662 861227089
1289 201708421 695283837
1162 95309771 419272045
462 467983988 593446770
1373 394443266 878858139
484 533723959 836324117
152 70800561 877877464
1126 524000973 527922780
666 158110888 614913250
1384 299457044 849852114
708 246640188 903594720
371 469469198 917932261
1369 221291464 998391193
1140 248716133 713897962
809 80813318 787654213
1180 256327513 815616075
815 874952040 921923095
58 385325917 984822046
773 309297822 334182333
433 470995389 752661461
860 563212282 816658299
1124 444456139 541462351
474 495171551 738031249
167 743525074 817282525
606 277352166 588596800
1229 539093439 884692628
1236 112735741 247896983
649 81308404 406675436
1034 233599988 773812257
942 576315968 685778621
763 52833535 275983651
1455 199140602 826240400
439 531970052 762218021
1608 318738641 337520468
1101 315955673 717962016
951 773004204 930075111
1098 260477109 608330804
1105 567952552 830603823
207 859815011 995311960
1544 529964729 921885868
775 300764347 870156978
132 307727481 942080617
1275 287480908 554603615
217 761378315 982886537
1626 209892952 673718423
33 91004704 902338482
538 259810 395409670
493 595295278 746314309
3 363606758 829020035
1448 8113425 717326233
1185 436809178 721512897
592 28191071 647948968
1233 253179616 626579034
186 41609704 481135325
1616 476788199 922257968
803 30906808 890060158
1245 457858820 507453059
641 281714454 358187713
317 329684716 904089590
459 347339947 795166397
221 88777126 503223169
1513 36092639 936033720
1052 516555846 646855266
753 405837297 432942576
974 141446513 362132061
1219 464958580 535203757
145 105641146 106199947
1581 642994122 787441452
1550 206007593 720902575
426 888322995 972105928
713 141708874 968940551
997 467359449 681487103
704 238389311 523838793
1224 833369789 846625664
213 368435729 656234997
1627 203962643 241147962
253 81890317 767180502
1386 805304849 900792947
1129 69642838 826274724
1188 392760383 865216535
1081 96461100 538465429
1625 459962552 906788255
1032 210832481 942404149
859 184135843 717649290
1252 746260895 956583159
1333 485922014 595476692
162 613205427 923943465
486 495888439 503187249
701 69987918 930079310
158 782052367 802300526
260 298293944 385645266
1634 229339730 692256389
1135 126760724 251132924
768 817863074 862636050
895 579069505 942743123
596 778565307 999939936
953 744470102 762720596
265 487779045 924404789
1360 62165056 81371665
1396 212374513 744417201
470 74952966 512037524
1252 613216386 786466340
897 530802060 893539420
1330 753070935 773505968
1502 710882559 968554873
1460 433492400 825708326
1017 760681763 992227517
52 212381491 422577450
104 679955298 979341056
526 125127686 334514958
1418 17310798 815619303
810 825852597 992572457
60 302461073 756429781
1270 374612433 895450111
568 201322694 944382029
860 58763979 611788720
656 584537785 668569687
1108 378676159 511491325
558 678646725 931497375
1367 14268559 69545639
113 864203649 950124920
1337 378404537 881654673
870 581246716 627370103
1171 446332029 809287547
380 198268314 322301271
964 236015233 721917869
402 730980870 953175315
692 678075632 729266256
499 84743707 833816989
1255 390091051 564898330
588 841255395 932661410
45 486227902 494166696
774 623591322 691931712
789 204392107 759412710
1293 143511138 734665800
1305 192020462 561586197
457 501550171 631633731
1227 424368378 869913852
679 745996374 934962370
1019 13125696 292877519
1104 398598112 797496301
752 375480417 655525594
356 43845120 399927095
1146 586540622 918717483
938 63317749 754979638
14 615274595 922868050
1008 676008117 724537712
1486 264184049 446316404
1167 469742673 704439187
797 58475655 482882598
198 624046841 700660738
58 623319137 915906665
43 417627653 658705366
1083 160163670 170479949
1267 23173459 880484730
230 605345631 806328715
892 317380374 323271642
1331 778232447 873068329
592 375435539 430697094
1395 359663719 847582101
550 82255544 229487550
778 50501636 881796716
233 90024960 745646076
107 351884309 470067995
1528 134955158 526003688
834 375544280 780297974
867 255640089 455377822
1551 192588950 300877312
277 494617455 704397992
1616 744821394 982645720
248 356704145 833063689
212 590056851 746167129
736 214823873 262492052
963 337345116 481092598
708 457370157 913151683
763 841743299 896248917
1345 104757994 205302103
550 104296857 112765584
798 114114655 250263536
1433 964038474 973956182
187 378243496 502792398
1453 130754533 319021812
968 396125285 846288798
141 672251928 795561964
192 824933754 935718643
481 155759221 928056473
103 856058608 966521078
1204 660810780 930004102
1536 236234316 934299616
889 102546396 801181633
359 73877469 411554027
791 911080870 971348892
62 293305387 833030884
589 689021668 706259100
803 192623679 205242785
1167 230023462 769505768
1344 439729373 653916517
699 200512113 656868191
320 81754308 763467506
1542 596920553 770765773
1007 747944148 973048899
1577 100080655 654826237
1269 714032396 869713521
124 105553885 746054767
1333 670343380 976764326
1579 286576547 673026298
1409 410208605 420118307
1281 110678306 702470570
1503 107986819 700303447
1590 126667343 472169954
71 27251956 229846385
1180 923168473 968910406
239 104740429 993907191
1114 180407555 536817578
881 739978301 852542485
65 160216415 992027053
1495 26402903 28259323
1262 25288298 381016052
1190 210864771 453628631
1394 500856741 924603885
1259 842732255 989030611
1174 111513201 312080904
895 692046623 725926640
707 273164702 299534732
587 269335966 487041233
1654 277123010 887523465
464 187103053 696138256
993 867269351 942353066
1593 120291347 203710834
567 300856385 460720831
930 385036527 470053001
1046 683678913 882005478
446 286868961 893745690
184 362844267 751654105
1234 211965 119173916
762 844575678 931594934
949 342767184 972974216
995 283564200 595035664
1241 258743480 379321596
624 76037123 842952092
15 465919581 542475464
919 411159478 671640126
621 247828278 420481241
482 460237042 921471683
100 366376594 377701846
408 101102587 616620568
1141 262134427 641394767
871 583323056 640694981
236 187121869 571718839
523 408407179 790512801
297 741235714 970451111
311 35416295 337509914
404 584234547 659004274
473 110922911 262247310
1135 320186579 653878201
1120 227527073 451848523
1594 302967048 820227749
1185 365697089 975898709
199 398246128 943313192
444 528036983 907715983
1472 315513056 891313731
1285 14390543 703127503
978 174377059 327643169
212 634514760 687680248
298 610188474 769827489
236 335568637 611591597
307 45507904 379279948
48 513672911 645057840
253 340030989 905710420
266 866364651 940302521
64 7476361 569616364
940 252609567 353093045
1409 504899766 911775734
1096 36127239 616441883
1622 107144450 933688983
1184 530511855 820789415
523 118532577 737686760
1548 400533851 873023844
880 303290717 623492688
237 902925816 909226879
770 285859285 297932980
1426 119963295 741448739
1534 534196438 925192947
1536 508869823 587176775
1056 120482463 943341041
946 540349881 567744342
314 518982694 659204663
1080 833489643 975203120
275 174870443 632374902
1448 56633385 642397514
300 515663487 605070224
906 42377723 105517340
279 48711966 442608735
564 182213986 502454153
788 138746037 440684218
1588 244937208 883144851
215 664094262 857474624
1475 154287380 752105794
948 361243514 376660048
847 85821076 637303928
730 54656169 325790996
311 164231446 375525367
309 330362093 980915381
1437 572538628 994724280
510 128030510 184031962
951 456967336 844523549
369 208383049 680892836
251 38713368 549007046
305 5310656 482188908
1627 143564485 620349859
1602 689041745 949018602
1448 35334802 366488223
1512 266277280 967852897
537 238704268 986528611
1357 86255244 510537321
1196 391824065 783168725
760 246437060 339133995
1050 401587801 779640766
357 584388646 959544547
316 203268946 766754180
215 546152207 921159612
95 194889911 548382523
28 535892494 905600758
88 123600654 857703572
1222 161861270 301238320
991 94088781 235751231
308 369915061 908283454
564 292631135 610826336
779 767757943 874415232
1148 482163744 769994041
1580 350975401 918344627
1491 185336832 365410190
88 117883552 830758670
434 16798817 77720922
892 851618319 853462914
207 313513681 811759044
32 346441623 757744210
830 137973420 644652059
998 324825205 475016260
224 510337344 654363863
205 492631405 769123287
398 190794301 798372658
425 348816151 939415002
967 762909077 974057944
1202 570246583 968388866
1654 186271431 672841701
768 785920345 941655494
1016 602315349 959926295
878 375710909 378747789
848 554432911 705163277
892 572561836 961257550
619 677589434 946171805
736 910003008 914958388
1403 490334591 507463890
774 424485275 740604466
311 333341930 688904706
1129 526244540 834822630
1628 188769201 846434466
1223 790794002 878054106
401 73336936 85798158
87 294648255 629816811
291 350096555 966407116
671 191822408 930679740
1056 33806445 431420049
1477 60533981 139691144
961 472466753 768203734
1137 527353953 788595584
1585 27417190 899822953
707 707134476 946576402
381 158176196 401235903
655 405673808 434071972
1426 321672522 886443601
1544 924232566 974949126
119 806463151 848960305
1205 125227678 486471872
1335 685373233 836834681
1449 327654596 586121483
1208 188680683 194878443
253 622539683 878113941
1537 94929122 505966427
1040 269268416 905793342
1128 347356710 625682573
946 108379770 708773192
828 665487683 699432729
58 120739256 937807342
705 388853447 979510866
1236 717232750 794320614
1267 661669583 699119528
1209 317668054 458338277
632 282813008 580324594
82 247773014 332152325
11 141781551 950677909
511 332493273 972889432
966 617424491 856258460
550 853391206 967424663
606 74624412 864852274
1536 614010782 774018690
493 323999148 354702426
1518 722899873 778359251
871 235730003 473594385
1024 375353555 481700164
344 357254068 843580974
931 104317268 843343190
224 239092190 617178568
1032 360211014 468585623
611 283530447 913077266
1615 331190642 899220433
280 384353374 947389775
765 366300988 699136579
801 36252471 490022833
1011 37468042 484167145
479 338232324 662980237
1171 273798928 479632461
815 441732724 552548078
788 798063325 945337799
923 534092495 847024129
164 509364462 871775906
1068 852756601 890838799
501 127893173 272459967
226 290056829 744130557
19 82044724 82193188
503 96521854 935212916
964 423870816 483029934
1115 91969459 443581977
623 246992091 344482465
1383 199332340 932865023
1459 370528150 729597272
736 697539342 708170020
235 81952056 684613572
356 382717991 884173346
954 204799894 304446556
196 132657900 866592002
645 207188208 245912668
1198 85509202 941384276
534 193348835 272484385
935 326295708 734839933
1355 259158756 795219636
1650 212681042 728395408
607 549189690 564733769
867 373179906 978881733
386 218312132 571226894
1131 464829720 827114919
884 314912070 513732860
1111 821105809 879651687
1419 429769013 730716053
569 580972014 773884430
592 766911667 840362332
357 173526499 518256795
116 30897210 945304524
1140 21119382 311446193
281 66737467 105999343
476 167561555 412684843
1310 90969893 402038987
818 295000728 668272384
1455 451947968 685293913
837 169843584 385094472
987 459979382 720301253
383 362724272 735411937
96 694171848 851610444
1091 902439183 930975129
1170 226320578 505614360
1569 30864774 927996337
914 570179411 571643980
857 41338916 778459527
1456 89145829 902367020
1167 491477345 622331680
1323 988768003 999208261
1458 48211496 106119279
1147 443324982 900759650
1265 381553610 760275729
1640 370838177 964228221
154 603195056 606372366
1525 620441244 823230152
1335 700071877 951102522
402 754500630 993593992
910 241895758 845262057
500 835739859 995410903
1402 317134540 829532584
661 264567732 870212648
13 426335138 995350512
269 267799174 412117406
1138 663656076 764120527
32 605009226 655525613
30 9811161 77141985
856 332785034 858082042
467 396764223 920899273
807 39990000 155325799
583 226507036 717928504
1534 747630800 877854368
1398 276671929 932892026
1580 606275279 944633285
1038 254801561 322376198
1559 497962346 838215071
1459 241411983 853368874
1625 440373254 574717312
980 174758244 438655446
1592 32215820 168002469
468 162663872 326737390
707 379962750 989635178
1289 291890888 882701338
195 368065696 850001003
935 371242734 482644913
1184 653151447 828667470
1485 616097201 705198663
1365 280720310 625006765
1280 577730944 722246745
983 774014630 900661253
1456 301239849 792805498
834 713774110 798459662
900 436499029 629036064
441 575256178 960285759
625 120333310 379493654
1163 211000943 867574005
64 247847449 522179560
417 79732741 628579146
710 100444107 783337584
352 178604730 522171202
598 650156933 860878070
883 284962430 595149340
310 101656919 361347285
1228 122969271 734969541
1292 197508529 974380776
942 99104038 926246243
1568 792810508 913818643
768 231274568 610683774
735 151397534 212666983
1266 389905389 604630711
1290 209853971 504315884
973 442097073 869044601
293 481433058 569232124
712 31483073 476022817
110 467528531 512548537
28 303411536 323269687
982 752641723 851437471
1439 203312657 491915405
351 592018998 673843491
95 592732355 968916553
315 258220706 545978394
272 284755313 421872735
999 188763083 372142977
1242 562885803 881411150
581 240759500 330630423
263 337198673 964119441
1196 144420581 832507493
777 131637031 768148309
1452 630033400 909175032
92 38040807 339018555
531 577720092 742706891
89 7950118 718395825
911 87673925 229339457
1251 719862814 844988828
1186 524757572 677635766
174 340225042 888095952
195 522550423 791618973
1450 997509810 999782138
82 115125150 409026219
56 559770090 804999314
1502 53580334 701013227
1331 298939257 818418816
928 176663354 490114868
295 26547216 358236177
13 688007507 834597236
1164 67922197 868556705
1260 223974759 588785645
426 42149341 202351216
1636 43077818 276052760
1078 182969234 785275795
975 481458686 968413316
302 649891390 793708569
1644 221580581 613032582
1506 327265883 848364215
1501 875870729 880662761
1078 125173982 680231553
270 236108931 599227574
683 439459406 765991218
773 73360114 501157737
1007 8608346 133003934
1185 451231675 722529644
1487 263440909 899017779
335 390365140 611860304
1567 592484575 712091951
232 127000294 845829250
305 421654832 427990939
1288 381540855 465831122
787 308622769 874781975
366 269845914 615950185
470 100895596 253209923
632 157651853 291885143
703 194366703 466104158
406 103588462 424593378
1145 348391418 801080772
467 650298627 802164600
950 434115762 530852945
1288 561534012 581872668
305 80299074 717204113
1554 281863931 339438949
586 127618102 618735131
1345 36842147 275178535
454 724130325 832706657
1451 419479633 471268495
1649 663917653 999586078
1029 359718119 609033365
1146 897033329 907335292
993 223730939 981099578
841 8578811 561308994
355 77644686 367978228
498 178093652 982401992
329 229353902 325004407
1389 135416182 697852833
1477 45424640 581030092
1337 49163827 176697659
669 39082535 295343574
17 449993312 742727754
1372 341129034 481228535
822 16043658 492501241
1383 229302390 483017194
1285 86374854 784722276
1050 6786708 476586067
1078 21131087 612274339
1476 78066620 480594852
1244 50470362 941147650
562 349870011 742611126
1636 271023074 553193394
648 227186775 391822411
232 319605160 653650138
46 465425329 728136962
909 358259298 378159381
1010 454296388 794440249
309 540970792 600914651
938 387996215 731995652
31 273591836 364588007
1384 170802528 676458440
1058 50851907 726592031
672 821121481 917463175
984 549180662 678715611
173 454082107 937066503
605 903856653 917920383
781 564378969 943087318
199 193124617 462271395
839 603797788 815578792
593 678267229 739565541
1581 342056671 365288025
1318 132825087 978351665
702 727512044 734877972
312 228160067 451349624
950 44221896 241003333
499 395883964 443548618
1607 726611794 862826048
625 382244590 627225080
984 74071705 119927473
780 124631865 929046205
1276 272357306 306569727
985 850550573 991822636
832 392846092 786220877
1507 738141170 785593137
1172 654136510 729916960
1177 562737362 876605440
130 1139616 14052342
1363 388199677 839734465
1051 790257287 867233248
745 759506636 794535492
1495 754001263 829258111
1275 141372927 194288331
1028 651133855 845384307
280 150706629 322539971
745 599403938 838406009
537 317362616 430840546
436 596248740 619405236
120 548252714 790156562
824 308095778 927790037
9 192346217 464195715
648 405335697 637922867
545 94339547 671780733
150 147327805 823586051
1262 465314951 998848689
1558 786741755 788527631
1194 847538680 996482975
1276 260026297 646026040
786 46312423 458220346
1592 505403875 929562526
1008 229637705 318253086
956 119854904 158142444
1524 407140728 803769610
207 176682700 563187783
724 647301660 730099712
828 336699657 607698968
1056 634266937 853086317
1642 109536231 384052946
1139 110312943 748852731
608 135279240 691797544
570 897918718 969088535
75 445598515 779220074
740 2479035 332762049
176 68304801 949520576
300 15675842 980547443
1525 291410796 972932999
1254 712273378 714005175
1620 331336139 994666078
1586 329243495 455812915
719 193868670 604032533
869 324019237 609121119
1149 209380885 210560465
1433 565563751 807680933
58 444979365 669777900
1239 544780944 950652465
1652 717071103 890804000
807 341610936 440340248
243 14449300 672181043
983 165215607 605552294
885 812436423 977270686
1495 17197627 321102258
1416 168027278 431185308
1203 647308640 902074210
428 556452825 959211894
197 495388940 683650257
1152 78772931 436831104
918 627131042 926194462
411 37688885 50444069
1619 402966580 505350227
37 823383497 976583495
594 717204040 853628721
1049 52253386 292557132
389 156767007 349806725
58 832225686 942700271
624 621971309 907458379
1555 407620760 802491237
436 171524776 856699669
498 345367415 507429260
797 152704229 893878657
1314 673222356 903052656
1176 309455771 763795184
853 150626259 184331060
945 446253418 731337913
877 290779590 361072147
1322 190902470 665141496
1545 199712131 506201401
1387 337540565 990751726
1317 387530792 441496288
260 74051865 778333457
1474 514341052 739271986
624 335448394 358230784
787 324039227 588441948
1447 86189377 249747592
129 110220316 553758406
632 461264786 933662366
1360 404670889 746666691
697 776092944 894112451
1103 30260942 752546867
727 121260722 862636910
1589 640758209 847333386
176 187457563 533118589
382 344373551 895408796
1465 473698409 923875991
1351 246134020 887990500
561 82540143 819539919
1402 160372854 939706765
69 231215575 889935444
464 557883327 716685548
399 21765587 682958006
121 150283290 155456295
672 105623176 653145642
977 288171266 690341918
391 129892928 500511349
591 268854644 806672685
140 89326564 118820053
1315 414411943 538558265
893 458891521 832791446
933 261437249 469716292
814 668961121 914532989
505 2790152 576521478
178 549872280 633495062
287 126617570 366769035
93 379617517 585542763
769 39602524 930724643
1010 193492578 411511564
469 38725482 939789527
1643 864773323 881733541
282 1069336 576891249
211 38517018 976718180
788 310473151 933673331
244 36577534 599711557
499 112361431 131768668
844 470921172 939285903
673 549588607 573444380
745 908998644 987044420
1352 169592057 405147206
595 169038648 493712190
429 137033489 611929949
1173 11159217 274133279
403 141594863 246538393
1150 457872628 721355880
1406 178197633 797497350
486 963749886 983925330
912 555273070 999943911
914 40366400 818922297
1161 11293802 291771147
1411 495957363 993649442
772 734750539 900705845
1254 190934476 670457334
1083 383031397 836531019
1247 408032573 464430744
1285 771931935 855870478
1600 85842769 854886776
1502 489524375 893545276
661 203940323 947065419
449 251026148 830234616
1639 323980641 831744069
1571 478282976 709523660
217 175138100 478566143
1503 707890410 783227477
1056 140284861 310357233
621 211796067 758393397
1252 390295006 814020320
1343 201403895 386866459
62 225755034 474447760
1262 40381225 544518061
461 373994543 573914133
1499 389716839 698521678
553 646621149 827893780
1428 328044209 961083989
983 145277613 201629351
651 379153008 701640287
772 370689586 728308531
1060 851641006 895235849
131 712140320 805667107
1534 149423343 485259985
708 796555716 929967571
267 660682574 863839767
1102 163628891 857213378
703 355136618 645660818
1473 47842332 818701821
41 711342539 799760497
1455 331942921 596318982
557 277769111 948495318
985 370543787 378542460
247 69438631 276254970
93 684617618 916232438
929 255455258 883851063
1307 69418874 679339738
91 98620351 386457049
962 128620304 960032574
322 37451023 337687338
1304 61562578 598226629
412 130857199 269151966
668 352561721 566515316
476 77743343 410710312
1367 229816513 892262409
1388 279436434 802943127
69 40247028 470886893
1234 185778666 870563364
424 58487698 160749168
1534 770531336 795058328
1380 210871620 273799239
576 470176681 530554049
1531 227374364 621407614
1132 239329607 683559761
1077 20236260 590852885
1335 30982881 193329499
1250 196556075 935504688
523 675722777 810710920
1293 645141796 808302642
1187 58008970 259774090
757 169240139 788949962
891 21540179 544649075
1191 191173113 992134781
23 346224243 989646447
102 35378956 234038003
1499 702914562 854937639
297 222723383 424992536
1114 267966080 784393268
212 66621195 558780481
1564 191570821 994820766
547 138600998 916302384
566 123973493 662128660
1026 382283789 833116152
1190 319645199 388458991
1025 10457927 362088268
504 656023285 914165781
1619 90155687 368442786
1453 351071538 463016320
418 40116591 84613708
1163 704121130 922614224
1623 546253722 979605255
1491 261206095 763111196
1191 453939977 986670454
44 155071132 701839059
464 9868948 476622737
1654 572663401 719544396
1423 69873137 155009369
93 677585163 925150427
465 764022912 918825016
1387 131055395 667646222
1377 365428390 802869639
1370 200593865 980089387
1292 285658421 825506346
628 401300592 834800829
249 133571126 974857410
326 174422721 355345271
1547 144223660 671009385
1229 811808384 854288157
492 350474099 831623022
47 456856973 665387150
776 861040216 998003600
648 444829289 665117643
675 225556797 725697813
718 323223561 397976474
1602 274412051 767136120
873 371058905 533148509
1365 315108046 797962812
995 407944211 798064403
1593 564585185 662023325
1277 475246215 782038977
1461 216367533 302202299
976 14652607 527965168
503 42146975 225736144
654 823749701 846545519
312 52538677 184156544
1020 256554446 679229879
1310 298986526 757793609
454 158853783 718614573
1019 724482691 770378230
1275 466113922 516262753
419 63627922 768833444
733 44076241 523273339
114 17638349 66210602
485 240358536 667501876
1102 50764329 218218337
29 462502895 519246392
1257 787318186 787326308
1649 75785353 290722965
1571 514987318 977640858
362 144658380 195357567
1526 296465407 819796386
372 161198125 216599641
1656 662882124 924121122
766 159720660 809301203
1043 341358347 342216249
757 380957050 729949567
1471 450925660 571146116
329 139080671 878162905
1291 431940570 511590262
1261 406504429 495239872
40 120150837 431719958
41 319825741 591250509
361 173711607 356250178
61 611283398 760327999
104 39386273 226339671
1523 283840542 904884396
747 176517704 509994631
576 231685599 744241153
1145 422129316 926009824
1573 759241506 954200948
105 854656075 947478318
588 489819282 787484516
1080 298939008 877425135
994 699178212 880741481
1190 583953891 716865562
784 470926676 631586903
1519 395773984 415117244
84 22979339 72592360
18 650637551 987797598
1013 662769640 829646648
569 426909642 428519931
1225 255798296 300716944
1627 48485589 370717506
130 118859004 473573088
1566 422672001 700579424
750 241359303 428877607
1352 684282019 883962566
11 581774940 997822839
150 214129007 253386146
928 143345805 497672052
875 25239029 483986966
1524 680821875 999864539
197 674221692 838024483
460 5358771 580624601
1643 918580872 969985098
26 26819825 699094810
1234 313120526 354770326
337 117803165 919964946
426 85907894 237112926
720 521704408 628368192
1204 105786867 543858299
66 199239677 504628519
392 90740626 319912460
1509 321067965 695946509
800 395763767 611876549
196 617580552 870009039
463 762747 799644035
1441 449875251 854108563
920 231043295 545668195
1013 634447740 970692088
287 514964492 545488943
1195 105166795 191151967
807 414286135 721312058
1252 596036820 627893235
157 912637941 918993957
352 134845301 542041644
909 232475830 605690869
1656 337516139 424642829
544 554280624 699052289
415 120978511 309501774
1035 207409911 330158678
386 172770216 372553696
1580 580718504 667158720
137 191312192 964384204
308 415239490 721438279
1578 276886425 376075039
225 241678696 622188228
995 262531118 676312810
746 484520883 486016896
204 561372135 981920094
1352 283650666 709336391
611 256905636 478633281
244 297904474 991564891
1006 102321948 232684095
160 365054486 825599682
1001 156982969 729210504
1081 565975658 952776407
1548 578936451 995724705
706 471493140 617205390
127 352660091 889900201
1266 127952653 596549410
1601 110220662 292149327
389 56295870 940494924
476 466961864 648424535
1510 332680594 720564779
864 37790976 312195086
1538 586737491 717323467
893 290040806 309969785
1116 78402262 360051805
706 175830179 382961089
1095 616045031 769288979
442 515364693 543452629
455 315646044 774728021
1570 344076601 355586990
392 492641318 724332510
716 599505280 905982280
82 306876638 850182563
940 355515147 926898747
1643 331011518 627213580
495 288274285 573661102
1555 357599679 373518591
