2
1 
2 
6
1 2 
1 3 
1 4 
2 3 
2 4 
3 4 
10
1 2 3 
1 2 4 
1 3 5 
1 4 6 
1 5 6 
2 3 6 
2 4 5 
2 5 6 
3 4 5 
3 4 6 
8
1 2 3 4 
1 2 3 5 
1 4 6 7 
1 5 6 7 
2 4 6 8 
2 5 6 8 
3 4 7 8 
3 5 7 8 
8
1 2 3 4 5 
1 2 3 6 7 
1 4 5 8 9 
1 6 7 8 9 
2 4 6 8 10 
2 5 7 8 10 
3 4 6 9 10 
3 5 7 9 10 
6
1 2 3 4 5 6 
1 2 3 4 7 8 
1 5 6 7 8 9 
2 5 7 9 10 11 
2 6 8 9 10 12 
3 5 8 10 11 12 
6
1 2 3 4 5 6 7 
1 2 3 4 8 9 10 
1 5 6 7 8 11 12 
2 5 8 9 11 13 14 
3 6 8 10 12 13 14 
4 7 9 10 11 12 13 
5
1 2 3 4 5 6 7 8 
1 2 3 4 5 6 9 10 
1 7 8 9 10 11 12 13 
2 7 9 11 12 14 15 16 
2 8 10 11 13 14 15 16 
5
1 2 3 4 5 6 7 8 9 
1 2 3 4 5 6 10 11 12 
1 7 8 9 10 11 13 14 15 
2 7 10 12 13 14 16 17 18 
3 8 11 12 13 15 16 17 18 
