<<<<<<< HEAD
100 2
32 9 425342307
78 30 452733314
42 10 924365104
89 92 724296552
65 12 955370329
66 6 63212539
20 78 214127992
68 27 950583505
17 32 542116353
21 87 622625611
77 53 621868211
24 17 981503307
92 31 408922247
45 12 60799439
65 15 760109927
1 5 468209629
84 30 281174948
82 21 558383047
19 7 759628512
9 35 405917567
29 68 303691618
69 21 967805905
17 81 334635994
60 46 938639696
40 66 770200165
1 83 465281640
83 82 362304628
51 50 403414877
100 68 402344252
17 80 440606898
15 85 122687089
18 15 81201406
54 62 696448680
68 30 992416233
96 70 287055929
14 47 160779226
26 9 691361076
39 21 721386849
63 4 7169352
16 66 123177846
10 65 309576135
94 18 441878355
86 55 518549134
43 24 452441161
88 56 357491942
64 55 395321209
73 72 438927743
25 78 467741290
61 54 990102374
13 88 149518554
36 34 761826932
48 52 697145678
22 63 552135280
17 18 847498031
79 60 781083177
43 92 829066124
66 90 61430694
36 48 34537678
33 8 464960240
64 96 725184226
29 64 336616405
73 97 607383023
91 81 373169135
66 88 168909293
40 11 241492883
7 65 97449941
67 26 997887558
23 24 954654636
9 83 860295220
33 3 533997318
9 68 137964524
24 74 721146030
82 95 643741056
47 4 928400621
30 4 936955642
75 68 424953772
61 64 969104480
38 23 648119415
51 56 692585712
15 36 281087817
28 22 961445721
44 89 399712093
49 30 434706287
59 48 623458816
29 99 574477064
88 32 916578913
57 78 994600743
39 76 795896678
46 49 588104966
33 60 596538411
41 68 628697194
37 15 415676721
53 75 519376822
24 98 569720869
64 73 100696865
58 37 841634337
2 74 764476261
99 93 704225301
56 71 39326174
13
37
2
42
56
62
6
76
5
41
67
97
96
6
32
86
90
56
49
27
75
47
86
38
50
42
40
95
21
32
49
41
3
64
46
74
58
68
73
27
36
26
60
99
12
86
71
16
49
70
98
98
27
40
51
3
45
96
57
7
26
58
90
45
28
55
81
57
58
98
23
100
53
61
74
13
40
23
19
54
87
41
29
23
69
89
59
37
14
6
59
46
61
74
95
79
53
27
23
23
=======
4
3
2 2
5 8
6 1
8 7

>>>>>>> 03d0c9959880fca8acb090b302cad311650b2a9a
