0
0
550000144
0
0
883211628
351574189
0
0
58613912
490606159
0
119561190
807763324
980398433
346038170
400038483
0
828346756
0
386308059
714488751
79349250
984274169
459723581
727494176
600138636
212932530
20912868
47484156
504342221
471666131
522747903
931270309
765175311
636656292
189548289
764050288
601906553
507984662
515994611
59877098
577883826
218708901
158874943
818093688
198946667
376124864
954153684
776893606
482480936
937723432
132441654
461830471
42506029
478005135
29406379
955084417
566691120
418590990
446251979
580395962
2890093
677959491
956505424
445757987
0
91164828
0
805250677
406250226
611432385
0
0
366506682
286012299
665711181
621915684
401180543
0
705513344
137086217
15633695
633641609
155224948
208679709
0
845936949
45361245
937277709
0
895421190
0
864035806
0
521280204
0
485405740
372664361
824085351
0
0
809376865
203862797
0
235002551
963848937
344868526
268404435
766329289
289821475
0
288988899
780984812
485465160
0
542887462
0
64659994
0
0
602004767
100866439
995628446
345874456
916701209
215586751
568957815
49673928
836106125
957636089
498154421
785094328
0
0
108746250
416344526
61597628
392362545
638543235
0
692578621
28086446
426399804
406360994
718562535
119122871
102685383
596166399
211556174
642330644
912943111
732210967
0
600326482
582879921
145318990
756592666
271051569
829651702
579386068
681240511
150598684
302149119
486505293
255275844
585995004
776163658
0
415479082
0
506804905
109513943
635238433
81211084
0
216187917
417568082
975697473
0
454270620
558503217
332699502
554404481
327709705
155754760
818537173
0
769071617
0
889234179
604360400
494145131
807405995
7801140
552832799
521183094
532033616
36350315
436160188
151144549
0
0
51302163
0
150328317
798378206
757721597
511068316
195416032
0
809507920
0
642690704
0
68870187
965822426
0
260518751
0
508150180
787740497
816553176
990829068
0
36384318
252191195
693170362
0
814220563
445038298
0
736182531
467131462
571983830
823778543
340496693
687739985
785349605
903862113
940166766
574223159
575850217
368202677
728491273
975190845
88982268
939661827
226149810
833612358
0
474621084
182404406
0
0
897727574
0
307905581
939162690
511771650
0
594403315
449651010
0
301145868
0
335466616
44814128
0
0
674402679
700778954
271866621
981581580
88234147
0
355783015
225551055
616345596
225690127
946355818
698100367
843664839
346359656
640079616
537341901
625798002
0
134226955
588981661
969105301
502614613
561468221
0
0
52950906
106990525
276426269
81343919
0
0
107765145
848666441
524380012
64054656
416516000
573429773
0
253577914
840466236
818754669
987696323
644717207
95090315
6711545
0
0
787588814
0
951281354
744570305
451586135
0
0
0
943173529
632451868
732854289
0
51002119
133556933
813846909
721057164
985402480
0
153197383
72407270
297030827
2804136
966955559
735085211
158650351
568169269
0
0
398119695
292934257
287621260
104118537
956045078
826363928
22986545
215450173
0
601641142
460489744
248169519
0
343265687
512755177
257489598
0
741646682
912784046
432463304
0
0
422711117
22905768
581029727
299399340
571580040
0
541322126
795590486
278778880
32893790
517180841
0
481049482
541275187
224319683
357979598
44125890
406842967
57135838
0
784452912
52383529
0
968018484
535371608
247119907
0
858395233
559785095
0
807911193
785852900
76861578
993746080
513755460
935563125
743547605
456148828
371721284
909137519
686386518
269265794
450142112
394061412
427557488
262365703
260518751
0
891950630
141348773
91358257
878798048
253325940
0
0
679699518
107512665
945344704
0
633012669
796638514
123446272
87170649
618661397
4731802
338307301
110076542
0
302541743
129765223
943346374
409063602
635257545
0
399663380
990304583
503187107
9380844
0
904462936
0
0
107124738
575308493
888039534
679208060
716791644
214029690
975693772
408304531
631696169
454714093
302569342
727489032
0
259044879
244526086
497314439
355929850
922641693
889501254
0
715180968
188370122
113675676
0
0
0
270526314
486712419
0
567187313
0
664514968
410865644
0
216438359
952044322
607218893
480374212
725037745
277517182
174808171
674209634
862720852
0
55165966
0
0
0
63061457
0
0
527929835
54865879
176247313
790648278
631178311
245056111
122740373
931360800
144632801
604521314
994440388
85814475
895031602
99013220
618399824
736769708
501120702
561167421
0
482804039
0
382304187
772662855
0
650328106
25402686
0
689069268
47776219
758552548
694098388
37149482
126838038
323984067
173843750
996025957
488992074
54457112
842399917
409103614
282911678
0
189569333
917107376
844971202
0
578593993
939838384
0
0
250379341
317117471
934077122
468059259
355047486
10393582
616276392
256959724
937109571
659174072
610268182
851734059
974382467
168638813
597082869
728172865
88175480
943303855
443336964
601736182
0
799226580
0
494063662
0
0
583688669
397233490
887778594
138210430
332749188
935098540
306148029
784242333
46478243
405961008
497895163
426536814
202530920
0
0
420110559
200933992
699897337
478302253
0
0
235618956
819847466
690799204
524196937
0
226797994
0
676444963
0
976081826
645833576
0
0
876109618
777556085
510569577
0
930096545
365500160
374818000
0
176301960
466914577
576052288
0
903862113
365204827
603179728
389034962
195042765
0
802984103
0
170576674
0
111084152
0
578211240
851876126
185153908
427015054
969401293
362719384
865977502
591611256
842899841
0
169867454
292152757
766528099
716618996
0
572982538
688454568
0
453534234
0
172392242
502151166
0
504365505
0
667669341
58703697
460369510
261888065
419122437
0
973804194
574743112
971625039
172114314
915686798
33696255
662545720
969387861
430699522
889233981
0
196151684
41182679
848724244
0
0
852896398
36586624
928383349
0
805270409
194973305
0
343327506
777577070
586571088
26664669
363240890
631075274
502999702
964363136
446213068
0
0
340098986
0
200215020
543802688
743389282
155605366
657149815
567545489
335216730
452278332
850412882
618491611
179513785
366979725
732802993
0
0
517081456
248574798
263188788
199670435
306770756
17984692
934077122
0
0
335718824
0
0
124017399
153403928
906030048
465221728
460680167
512636451
390868889
0
162725773
0
341668319
744038415
973976439
394432509
182574875
0
208296355
0
775584658
542488460
160325674
0
0
0
0
570545623
800141374
618044158
453672696
805957187
0
455212776
958000461
0
496123368
245279060
749883185
842127208
431352942
620051580
948601381
720350365
0
214509516
848652174
660564290
0
495451059
0
1842850
43999871
343938171
372275827
866490139
675543101
0
506426304
471948023
0
0
98701037
877524953
904096575
160823356
852498078
0
65794821
164083599
0
33430726
504916291
724536449
166949617
868936408
225769145
302552330
239248718
558917620
32734237
0
169198011
0
98
98
0
0
98
98
0
0
0
0
0
0
98
98
0
0
98
0
0
98
98
0
0
98
0
98
98
98
98
98
98
0
0
0
98
98
98
98
98
98
0
0
0
98
98
98
0
98
0
98
0
0
98
0
0
0
98
98
0
98
0
0
98
0
0
0
0
0
0
98
0
98
0
98
98
0
98
0
0
98
98
0
98
98
98
98
98
0
98
98
98
98
98
98
0
0
0
0
98
98
98
0
98
98
0
98
98
98
0
98
0
98
0
98
0
98
0
0
98
0
98
0
0
0
0
0
98
98
0
98
0
98
0
98
98
0
98
98
98
98
98
98
98
0
0
0
98
0
0
0
0
98
0
0
98
0
98
98
0
98
98
0
98
98
98
98
0
0
0
98
0
0
0
0
0
0
98
0
98
98
98
98
98
0
0
0
98
98
0
0
