0 0 30
1 1 30
2 2 30
3 3 30
4 4 30
5 5 30
6 6 30
7 7 30
8 8 30
9 9 30
10 10 30
11 11 30
12 12 30
13 13 30
14 14 30
0 1 60
1 2 60
2 3 60
3 4 60
4 5 60
5 6 60
6 7 60
7 8 60
8 9 60
9 10 60
10 11 60
11 12 60
12 13 60
13 14 60
0 2 90
1 3 70
2 4 90
3 5 70
4 6 90
5 7 90
6 8 60
7 9 70
8 10 90
9 11 90
10 12 90
11 13 70
12 14 70
0 3 100
1 4 100
2 5 100
3 6 100
4 7 120
5 8 90
6 9 90
7 10 100
8 11 120
9 12 120
10 13 100
11 14 100
0 4 100
1 5 100
2 6 110
3 7 130
4 8 120
5 9 120
6 10 120
7 11 130
8 12 150
9 13 130
10 14 130
0 5 130
1 6 130
2 7 140
3 8 130
4 9 150
5 10 150
6 11 150
7 12 160
8 13 160
9 14 160
0 6 160
1 7 160
2 8 140
3 9 160
4 10 180
5 11 150
6 12 180
7 13 170
8 14 190
0 7 190
1 8 160
2 9 170
3 10 190
4 11 180
5 12 180
6 13 190
7 14 200
0 8 190
1 9 190
2 10 200
3 11 190
4 12 190
5 13 190
6 14 220
0 9 220
1 10 220
2 11 220
3 12 220
4 13 220
5 14 220
0 10 250
1 11 220
2 12 250
3 13 220
4 14 220
0 11 250
1 12 250
2 13 250
3 14 250
0 12 260
1 13 250
2 14 280
0 13 280
1 14 280
0 14 280
