10
205 268 115 255 275 166 177 113 10 29 
1500
3 29 113 2 
3 43 7 151 
3 173 199 241 
3 23 233 227 
3 269 277 5 
3 269 283 281 
3 59 193 23 
3 149 11 59 
3 3 97 241 
3 5 239 179 
3 2 19 151 
3 227 107 107 
3 163 83 151 
3 283 223 293 
3 193 109 67 
3 31 211 241 
3 199 79 149 
3 61 43 277 
3 7 257 53 
3 131 179 191 
3 283 257 109 
3 43 73 139 
3 167 181 167 
3 151 167 173 
3 223 73 137 
3 31 13 109 
3 31 163 281 
3 5 67 3 
3 37 71 251 
3 173 5 163 
3 61 293 251 
3 31 17 41 
3 23 23 211 
3 131 157 193 
3 293 3 59 
3 97 41 137 
3 13 229 109 
3 241 233 113 
3 139 83 73 
3 223 11 277 
3 59 157 211 
3 29 241 269 
3 271 193 107 
3 73 43 239 
3 283 43 47 
3 197 5 101 
3 59 269 41 
3 163 53 19 
3 233 113 73 
3 251 11 47 
3 197 199 191 
3 263 37 149 
3 199 191 193 
3 197 47 139 
3 113 281 193 
3 139 113 113 
3 67 227 59 
3 11 71 101 
3 181 11 167 
3 193 193 83 
3 131 71 29 
3 43 41 3 
3 257 167 139 
3 271 293 13 
3 277 163 199 
3 61 127 151 
3 83 67 271 
3 151 97 59 
3 197 157 107 
3 181 7 103 
3 257 137 113 
3 283 67 79 
3 167 2 137 
3 41 199 281 
3 47 11 127 
3 2 47 107 
3 7 37 5 
3 151 53 269 
3 151 53 197 
3 37 271 7 
3 103 2 193 
3 173 67 281 
3 167 29 271 
3 199 223 29 
3 31 67 149 
3 41 269 241 
3 281 2 269 
3 17 7 83 
3 227 7 191 
3 179 223 179 
3 191 257 223 
3 233 3 127 
3 31 157 53 
3 79 47 97 
3 241 73 137 
3 197 61 11 
3 137 191 83 
3 167 241 73 
3 257 223 139 
3 47 53 107 
3 149 137 197 
3 113 257 167 
3 7 29 139 
3 131 239 71 
3 281 179 73 
3 151 89 179 
3 97 89 179 
3 277 283 31 
3 17 79 47 
3 89 139 7 
3 107 53 101 
3 53 3 281 
3 107 101 181 
3 31 37 199 
3 37 23 29 
3 263 179 41 
3 29 163 223 
3 127 293 131 
3 257 89 2 
3 223 17 157 
3 13 193 131 
3 79 89 19 
3 211 67 199 
3 181 67 127 
3 53 293 241 
3 173 19 89 
3 5 257 7 
3 19 151 193 
3 103 101 163 
3 149 181 109 
3 131 191 43 
3 73 181 239 
3 283 149 89 
3 223 233 79 
3 251 11 239 
3 137 83 251 
3 113 181 283 
3 103 229 59 
3 7 193 191 
3 113 73 59 
3 167 113 59 
3 271 113 151 
3 163 281 31 
3 23 29 79 
3 229 23 7 
3 163 271 163 
3 89 7 109 
3 89 79 199 
3 43 61 173 
3 137 281 41 
3 233 59 139 
3 61 181 13 
3 157 157 251 
3 97 97 197 
3 199 149 13 
3 5 73 211 
3 79 149 269 
3 19 5 67 
3 131 83 239 
3 31 269 7 
3 257 283 3 
3 29 131 53 
3 31 107 167 
3 283 67 37 
3 2 43 239 
3 47 19 127 
3 277 281 211 
3 293 281 239 
3 19 13 11 
3 23 7 283 
3 89 157 239 
3 109 7 139 
3 43 31 73 
3 19 113 277 
3 199 19 131 
3 281 43 89 
3 7 3 37 
3 227 79 107 
3 137 127 109 
3 151 59 173 
3 293 181 127 
3 107 199 73 
3 167 7 79 
3 3 47 181 
3 71 89 13 
3 211 127 109 
3 233 173 53 
3 181 5 197 
3 73 31 113 
3 83 241 131 
3 61 67 59 
3 7 233 19 
3 197 37 67 
3 11 233 293 
3 71 127 163 
3 67 2 151 
3 113 53 191 
3 61 61 163 
3 167 131 71 
3 271 179 59 
3 19 229 3 
3 193 107 239 
3 181 269 103 
3 131 59 257 
3 53 113 173 
3 149 109 47 
3 137 59 139 
3 73 23 157 
3 271 5 151 
3 11 41 269 
3 271 251 229 
3 23 19 151 
3 59 97 97 
3 157 5 191 
3 83 61 179 
3 43 11 149 
3 103 43 139 
3 43 197 73 
3 107 251 67 
3 67 127 241 
3 2 43 11 
3 149 131 47 
3 41 167 71 
3 67 47 193 
3 269 7 13 
3 7 109 179 
3 199 67 277 
3 113 227 283 
3 269 139 151 
3 283 211 2 
3 239 293 181 
3 131 293 179 
3 151 197 149 
3 293 251 3 
3 67 211 281 
3 229 263 193 
3 37 257 283 
3 211 151 3 
3 89 241 157 
3 83 53 101 
3 227 191 283 
3 191 239 79 
3 229 89 5 
3 149 47 43 
3 197 199 139 
3 263 167 269 
3 17 53 71 
3 47 101 103 
3 181 113 137 
3 83 113 37 
3 239 43 31 
3 83 59 71 
3 107 47 197 
3 17 127 163 
3 167 127 241 
3 277 193 283 
3 113 79 263 
3 283 191 73 
3 109 157 17 
3 223 223 31 
3 199 293 263 
3 71 53 103 
3 127 223 71 
3 191 67 157 
3 67 71 191 
3 29 269 227 
3 107 181 151 
3 37 43 31 
3 179 283 191 
3 7 13 107 
3 83 41 281 
3 13 137 251 
3 89 239 197 
3 71 229 167 
3 233 103 137 
3 19 67 103 
3 29 199 3 
3 23 151 229 
3 17 233 11 
3 73 149 59 
3 281 151 257 
3 179 3 137 
3 283 31 103 
3 131 47 239 
3 67 67 263 
3 127 17 251 
3 293 53 251 
3 181 191 293 
3 61 239 47 
3 113 137 281 
3 107 67 167 
3 79 131 73 
3 89 53 197 
3 41 277 13 
3 67 61 61 
3 43 89 2 
3 23 179 191 
3 157 131 47 
3 5 89 97 
3 103 17 229 
3 2 191 71 
3 23 179 151 
3 83 7 139 
3 97 2 257 
3 239 281 227 
3 269 191 131 
3 179 167 29 
3 199 199 173 
3 239 277 293 
3 149 113 191 
3 31 113 239 
3 61 199 193 
3 101 127 223 
3 7 127 229 
3 283 113 199 
3 233 19 19 
3 61 29 197 
3 41 53 61 
3 97 211 73 
3 271 31 23 
3 151 281 67 
3 11 223 191 
3 127 173 53 
3 269 151 137 
3 197 223 61 
3 167 293 127 
3 139 83 83 
3 7 83 199 
3 137 163 31 
3 61 61 2 
3 31 83 241 
3 19 67 281 
3 277 151 131 
3 43 257 79 
3 191 89 251 
3 283 271 113 
3 257 71 139 
3 151 113 17 
3 47 79 23 
3 11 271 73 
3 103 257 229 
3 257 47 7 
3 73 37 151 
3 29 19 43 
3 197 293 47 
3 101 113 113 
3 137 139 2 
3 41 11 37 
3 173 193 43 
3 59 71 71 
3 127 277 43 
3 233 83 263 
3 31 149 17 
3 239 181 211 
3 233 11 197 
3 127 37 137 
3 19 101 89 
3 223 19 53 
3 199 263 5 
3 271 79 269 
3 131 263 191 
3 173 257 139 
3 197 79 71 
3 199 167 13 
3 233 179 89 
3 251 79 61 
3 11 89 197 
3 61 211 67 
3 293 3 127 
3 43 181 179 
3 73 113 163 
3 79 197 7 
3 67 89 37 
3 73 11 113 
3 31 113 37 
3 229 139 83 
3 67 79 191 
3 59 7 127 
3 229 211 271 
3 3 13 241 
3 229 137 103 
3 101 59 229 
3 67 139 163 
3 137 47 61 
3 43 89 101 
3 29 271 5 
3 11 13 151 
3 2 131 31 
3 241 41 37 
3 61 181 107 
3 131 233 191 
3 101 227 271 
3 173 5 53 
3 283 79 7 
3 109 11 53 
3 83 193 191 
3 193 191 151 
3 2 107 17 
3 283 167 7 
3 71 79 83 
3 277 103 19 
3 109 61 127 
3 89 19 17 
3 3 229 149 
3 151 139 53 
3 199 67 7 
3 43 283 163 
3 101 127 233 
3 229 29 5 
3 103 157 223 
3 109 37 97 
3 281 197 71 
3 71 53 31 
3 139 59 191 
3 239 23 137 
3 277 227 3 
3 167 101 29 
3 179 101 271 
3 277 17 251 
3 2 7 47 
3 43 197 271 
3 241 31 293 
3 269 257 113 
3 17 271 29 
3 103 179 47 
3 149 157 47 
3 23 139 107 
3 197 151 101 
3 269 17 101 
3 31 281 199 
3 181 59 283 
3 251 199 41 
3 127 281 233 
3 241 283 233 
3 37 229 97 
3 23 257 37 
3 7 29 19 
3 233 131 67 
3 5 97 257 
3 181 149 167 
3 43 263 251 
3 283 151 251 
3 83 263 263 
3 53 199 53 
3 199 139 19 
3 277 263 163 
3 241 239 223 
3 233 97 233 
3 47 257 131 
3 53 103 101 
3 191 263 127 
3 283 29 13 
3 277 13 173 
3 257 97 151 
3 223 71 293 
3 89 59 241 
3 61 139 139 
3 41 223 13 
3 211 191 251 
3 157 3 37 
3 5 229 3 
3 139 83 59 
3 17 43 191 
3 113 19 193 
3 151 193 13 
3 23 197 2 
3 283 107 29 
3 19 59 263 
3 167 227 197 
3 97 3 79 
3 29 151 281 
3 293 43 47 
3 127 211 127 
3 61 47 11 
3 149 233 149 
3 283 179 239 
3 5 197 257 
3 73 83 97 
3 17 149 223 
3 277 179 127 
3 71 233 241 
3 277 2 23 
3 157 29 103 
3 151 131 283 
3 149 281 97 
3 61 173 71 
3 277 113 67 
3 61 103 151 
3 241 89 37 
3 199 149 271 
3 31 127 17 
3 233 107 71 
3 251 3 283 
3 271 211 19 
3 271 23 193 
3 223 269 5 
3 271 151 199 
3 97 227 157 
3 17 103 103 
3 53 229 71 
3 197 131 179 
3 173 197 281 
3 47 241 241 
3 271 41 37 
3 271 167 157 
3 17 101 233 
3 269 5 73 
3 239 191 83 
3 167 79 199 
3 59 157 47 
3 157 173 83 
3 61 79 239 
3 211 37 293 
3 59 179 2 
3 29 79 271 
3 167 269 139 
3 257 227 241 
3 37 113 31 
3 43 17 113 
3 13 79 131 
3 281 53 239 
3 281 229 223 
3 269 53 53 
3 53 281 113 
3 101 131 167 
3 199 131 19 
3 283 241 137 
3 31 197 101 
3 271 97 13 
3 229 7 73 
3 149 23 23 
3 239 269 101 
3 47 293 17 
3 107 281 271 
3 71 101 227 
3 103 5 97 
3 179 277 149 
3 31 3 113 
3 193 17 151 
3 191 37 239 
3 23 131 41 
3 53 89 199 
3 127 239 271 
3 73 239 251 
3 193 197 11 
3 79 229 211 
3 47 67 109 
3 5 283 61 
3 241 197 251 
3 257 61 17 
3 127 179 197 
3 157 61 271 
3 59 79 263 
3 29 181 269 
3 227 227 193 
3 163 281 137 
3 197 73 37 
3 269 179 197 
3 191 137 277 
3 5 67 13 
3 47 223 193 
3 109 113 281 
3 113 199 41 
3 293 149 3 
3 89 271 67 
3 251 211 293 
3 241 239 11 
3 109 31 73 
3 11 59 103 
3 229 241 7 
3 59 157 67 
3 227 103 103 
3 269 149 151 
3 277 19 109 
3 181 101 2 
3 167 211 3 
3 223 197 139 
3 31 3 197 
3 137 41 109 
3 89 211 137 
3 31 47 239 
3 283 223 151 
3 127 5 233 
3 3 89 227 
3 127 227 67 
3 197 139 2 
3 157 269 293 
3 137 227 37 
3 137 71 101 
3 283 2 277 
3 167 269 17 
3 269 181 89 
3 157 29 269 
3 109 211 19 
3 31 241 89 
3 127 103 293 
3 97 131 163 
3 137 11 67 
3 59 239 251 
3 179 179 79 
3 67 277 263 
3 269 47 151 
3 7 2 11 
3 241 229 229 
3 227 23 241 
3 197 53 223 
3 101 53 101 
3 37 109 241 
3 263 19 167 
3 211 109 31 
3 107 149 211 
3 29 13 257 
3 197 211 107 
3 251 41 19 
3 137 181 29 
3 59 229 31 
3 281 131 137 
3 269 13 29 
3 43 139 31 
3 151 67 271 
3 109 13 103 
3 89 41 293 
3 3 59 263 
3 3 131 271 
3 211 229 283 
3 233 31 131 
3 89 269 131 
3 199 2 3 
3 41 101 13 
3 109 53 71 
3 29 227 53 
3 227 211 97 
3 151 97 73 
3 29 181 71 
3 7 239 13 
3 127 11 173 
3 53 229 191 
3 271 107 277 
3 109 157 89 
3 7 53 263 
3 227 131 263 
3 137 149 19 
3 2 181 103 
3 181 47 283 
3 199 239 167 
3 97 43 139 
3 5 131 157 
3 139 113 97 
3 3 139 223 
3 2 257 109 
3 193 251 263 
3 61 293 107 
3 271 59 197 
3 37 17 47 
3 19 223 103 
3 41 89 71 
3 163 269 191 
3 151 277 167 
3 43 263 67 
3 149 241 83 
3 269 271 137 
3 137 47 193 
3 239 127 293 
3 11 37 59 
3 293 107 71 
3 191 233 149 
3 227 191 11 
3 163 41 103 
3 227 43 151 
3 149 139 173 
3 31 157 229 
3 271 73 109 
3 73 199 151 
3 223 173 83 
3 23 197 83 
3 61 113 223 
3 47 149 151 
3 193 163 269 
3 59 5 131 
3 127 157 71 
3 173 263 181 
3 2 31 79 
3 73 179 173 
3 233 139 101 
3 239 107 61 
3 239 283 251 
3 239 211 173 
3 163 37 131 
3 251 53 67 
3 71 257 199 
3 149 151 29 
3 11 199 211 
3 241 79 283 
3 167 2 157 
3 97 17 107 
3 179 179 2 
3 139 53 41 
3 41 251 107 
3 281 103 31 
3 179 167 179 
3 149 229 103 
3 47 37 179 
3 97 137 277 
3 71 283 79 
3 263 41 191 
3 167 271 251 
3 157 11 103 
3 151 37 173 
3 257 17 197 
3 127 103 97 
3 109 269 43 
3 13 127 59 
3 227 5 107 
3 233 113 241 
3 37 251 13 
3 227 2 149 
3 251 233 191 
3 241 167 7 
3 101 7 167 
3 223 233 17 
3 211 41 277 
3 29 179 173 
3 151 179 29 
3 67 103 47 
3 11 79 23 
3 13 199 71 
3 79 233 19 
3 157 109 211 
3 157 157 97 
3 149 137 71 
3 179 89 223 
3 79 277 103 
3 157 127 53 
3 227 197 11 
3 113 131 19 
3 61 251 41 
3 277 263 23 
3 179 163 61 
3 277 263 151 
3 47 197 199 
3 73 113 211 
3 13 127 13 
3 61 109 41 
3 113 197 271 
3 149 61 163 
3 13 281 89 
3 257 113 73 
3 29 293 199 
3 67 257 281 
3 197 197 13 
3 31 227 233 
3 131 101 157 
3 229 29 229 
3 211 229 211 
3 67 29 83 
3 163 11 139 
3 223 13 71 
3 283 31 131 
3 59 127 2 
3 157 97 53 
3 241 151 71 
3 269 13 107 
3 227 149 41 
3 37 59 59 
3 151 43 13 
3 89 97 53 
3 199 11 137 
3 239 73 109 
3 173 53 5 
3 2 37 233 
3 293 73 257 
3 283 239 71 
3 79 293 5 
3 83 149 283 
3 163 43 227 
3 71 199 263 
3 23 2 271 
3 269 17 197 
3 61 73 113 
3 229 293 223 
3 277 101 151 
3 31 67 19 
3 3 109 277 
3 79 5 137 
3 67 41 181 
3 71 5 137 
3 97 127 157 
3 193 137 5 
3 73 37 37 
3 277 163 173 
3 37 193 73 
3 241 5 139 
3 103 283 191 
3 89 271 179 
3 157 211 157 
3 271 269 79 
3 181 269 19 
3 103 107 269 
3 61 13 137 
3 223 109 59 
3 179 233 59 
3 223 23 199 
3 229 239 271 
3 179 83 139 
3 73 47 17 
3 79 59 181 
3 227 173 193 
3 149 107 139 
3 293 283 3 
3 7 281 7 
3 263 293 29 
3 5 139 139 
3 173 31 113 
3 181 31 113 
3 181 163 131 
3 239 223 181 
3 71 53 131 
3 163 13 67 
3 61 43 181 
3 29 137 61 
3 83 107 31 
3 97 197 67 
3 2 251 11 
3 59 89 173 
3 191 167 53 
3 163 59 43 
3 271 269 79 
3 227 2 149 
3 277 251 113 
3 281 137 109 
3 277 83 151 
3 173 149 151 
3 113 61 13 
3 107 73 271 
3 239 149 2 
3 191 151 3 
3 157 107 179 
3 199 277 3 
3 7 107 179 
3 3 233 227 
3 191 251 71 
3 251 37 211 
3 139 59 107 
3 2 97 73 
3 41 71 29 
3 269 139 53 
3 101 29 283 
3 293 223 163 
3 43 67 151 
3 233 101 37 
3 67 97 181 
3 3 13 61 
3 37 179 149 
3 283 223 181 
3 139 17 227 
3 103 193 139 
3 149 83 151 
3 239 31 73 
3 17 59 181 
3 61 131 173 
3 167 139 5 
3 233 83 97 
3 71 199 13 
3 41 181 103 
3 199 193 67 
3 193 2 7 
3 37 271 71 
3 283 3 271 
3 173 193 239 
3 97 89 181 
3 277 293 2 
3 97 113 97 
3 239 113 47 
3 13 109 127 
3 149 2 113 
3 89 23 3 
3 59 229 41 
3 29 113 151 
3 19 19 211 
3 53 181 71 
3 277 137 67 
3 277 19 211 
3 19 47 281 
3 53 29 7 
3 277 239 89 
3 191 227 79 
3 47 13 23 
3 229 7 2 
3 149 31 53 
3 151 7 19 
3 103 151 197 
3 269 41 89 
3 103 223 31 
3 61 223 13 
3 113 83 163 
3 233 97 281 
3 277 139 61 
3 239 293 277 
3 71 139 13 
3 17 103 89 
3 107 271 31 
3 7 127 131 
3 61 59 3 
3 167 103 17 
3 7 257 229 
3 11 43 271 
3 61 41 293 
3 47 13 239 
3 167 157 5 
3 191 251 281 
3 101 193 89 
3 2 73 181 
3 53 83 5 
3 149 137 271 
3 23 173 19 
3 101 281 2 
3 163 97 5 
3 281 211 227 
3 269 239 37 
3 37 41 167 
3 223 257 149 
3 83 113 41 
3 89 3 257 
3 127 89 137 
3 11 107 281 
3 5 211 37 
3 223 13 277 
3 47 89 227 
3 293 283 71 
3 277 167 29 
3 127 137 269 
3 113 163 79 
3 7 3 269 
3 67 79 257 
3 41 73 157 
3 227 229 277 
3 113 53 179 
3 179 281 89 
3 29 67 127 
3 227 127 179 
3 23 43 3 
3 139 19 191 
3 3 151 3 
3 59 2 223 
3 17 73 13 
3 3 197 53 
3 13 59 97 
3 269 163 41 
3 67 47 109 
3 181 167 197 
3 41 269 7 
3 101 191 179 
3 67 163 233 
3 7 227 13 
3 139 2 251 
3 19 53 97 
3 61 31 197 
3 139 7 67 
3 181 29 107 
3 173 37 37 
3 251 271 67 
3 227 293 229 
3 113 199 53 
3 251 107 67 
3 233 281 157 
3 37 137 277 
3 71 53 109 
3 223 37 257 
3 271 71 127 
3 191 79 19 
3 223 257 293 
3 71 13 17 
3 197 151 137 
3 239 151 233 
3 53 37 193 
3 257 19 37 
3 41 227 211 
3 179 67 271 
3 211 73 107 
3 59 181 163 
3 41 59 13 
3 71 127 223 
3 163 29 179 
3 149 29 163 
3 31 101 199 
3 269 227 241 
3 197 239 101 
3 53 191 2 
3 101 67 151 
3 5 197 79 
3 229 257 107 
3 89 271 157 
3 263 283 71 
3 19 139 41 
3 113 2 61 
3 127 37 89 
3 17 293 71 
3 5 31 293 
3 163 23 3 
3 199 229 151 
3 277 59 113 
3 97 227 193 
3 277 197 53 
3 19 7 3 
3 211 271 139 
3 251 13 223 
3 37 163 257 
3 157 47 61 
3 191 3 271 
3 73 43 229 
3 113 139 19 
3 211 67 83 
3 23 23 73 
3 239 137 73 
3 73 3 281 
3 223 103 5 
3 157 239 53 
3 229 89 89 
3 167 23 157 
3 83 127 197 
3 13 157 137 
3 199 173 181 
3 127 37 31 
3 103 83 127 
3 167 157 29 
3 41 3 227 
3 199 127 263 
3 191 233 151 
3 11 197 73 
3 163 229 167 
3 181 197 257 
3 269 61 151 
3 113 103 137 
3 131 193 61 
3 53 19 59 
3 257 41 241 
3 73 71 67 
3 31 67 269 
3 83 31 37 
3 83 149 29 
3 89 149 271 
3 97 61 7 
3 41 101 173 
3 79 31 107 
3 53 157 257 
3 19 2 101 
3 181 19 29 
3 97 241 89 
3 47 167 211 
3 11 251 283 
3 127 19 197 
3 229 3 47 
3 197 31 241 
3 89 239 103 
3 197 109 149 
3 71 113 163 
3 191 103 241 
3 131 101 281 
3 293 17 73 
3 181 239 137 
3 43 107 269 
3 5 23 3 
3 3 167 23 
3 73 127 271 
3 53 157 139 
3 227 17 241 
3 17 173 281 
3 29 19 67 
3 97 229 257 
3 139 113 3 
3 103 37 199 
3 73 3 263 
3 71 103 11 
3 223 37 61 
3 37 3 211 
3 127 263 29 
3 157 277 149 
3 223 257 239 
3 263 199 131 
3 281 197 103 
3 131 29 283 
3 3 191 17 
3 7 53 241 
3 157 23 79 
3 109 89 101 
3 211 193 5 
3 199 113 109 
3 227 263 3 
3 3 41 37 
3 157 257 239 
3 67 73 271 
3 19 59 79 
3 211 11 191 
3 271 211 223 
3 59 11 53 
3 277 223 101 
3 211 139 229 
3 5 199 193 
3 53 131 281 
3 269 163 157 
3 107 233 107 
3 229 101 29 
3 281 191 53 
3 19 181 227 
3 61 43 131 
3 149 103 3 
3 127 101 179 
3 109 137 17 
3 233 191 157 
3 281 281 113 
3 167 37 139 
3 43 83 71 
3 149 59 83 
3 11 293 233 
3 163 199 269 
3 11 251 173 
3 79 257 277 
3 293 101 211 
3 281 53 47 
3 47 263 103 
3 223 23 163 
3 173 109 89 
3 197 83 277 
3 11 29 67 
3 41 31 71 
3 197 227 233 
3 179 103 263 
3 223 251 193 
3 67 101 103 
3 163 181 263 
3 37 167 227 
3 5 73 5 
3 59 83 3 
3 11 293 277 
3 277 181 139 
3 41 233 283 
3 113 7 191 
3 269 257 193 
3 251 109 269 
3 191 241 109 
3 173 281 107 
3 73 163 163 
3 241 97 19 
3 109 281 23 
3 181 149 271 
3 89 107 79 
3 163 53 269 
3 79 2 239 
3 199 139 61 
3 227 103 113 
3 229 281 19 
3 137 101 127 
3 113 251 109 
3 83 179 149 
3 2 197 37 
3 2 109 179 
3 107 5 131 
3 277 19 179 
3 107 37 79 
3 59 149 23 
3 257 277 139 
3 157 131 41 
3 7 191 139 
3 263 79 223 
3 163 53 23 
3 79 59 211 
3 2 149 263 
3 11 113 17 
3 11 89 239 
3 19 113 269 
3 113 17 97 
3 199 173 103 
3 79 107 131 
3 263 71 271 
3 257 3 293 
3 173 179 17 
3 71 211 167 
3 11 191 59 
3 197 53 263 
3 59 53 157 
3 53 37 211 
3 163 199 71 
3 211 59 271 
3 241 53 73 
3 73 127 79 
3 43 13 179 
3 7 3 193 
3 151 97 89 
3 47 241 31 
3 149 97 79 
3 37 53 211 
3 103 97 107 
3 97 211 191 
3 269 269 101 
3 199 181 191 
3 101 167 31 
3 109 71 197 
3 167 293 131 
3 109 137 53 
3 67 173 53 
3 71 109 13 
3 5 211 229 
3 73 281 227 
3 139 229 227 
3 271 241 229 
3 31 229 43 
3 257 239 241 
3 37 163 29 
3 157 277 281 
3 73 53 23 
3 13 29 257 
3 73 43 2 
3 109 157 47 
3 113 179 107 
3 149 59 109 
3 83 97 107 
3 31 157 103 
3 269 107 227 
3 89 199 113 
3 227 113 131 
3 197 61 53 
3 181 23 41 
3 109 227 257 
3 197 107 271 
3 97 199 103 
3 197 271 53 
3 229 61 167 
3 277 127 97 
3 227 199 103 
3 89 139 17 
3 173 97 167 
3 179 199 109 
3 37 283 43 
3 163 43 5 
3 41 263 269 
3 227 2 179 
3 211 53 59 
3 281 11 251 
3 269 2 71 
3 277 157 181 
3 179 17 283 
3 293 23 283 
3 229 5 19 
3 269 157 7 
3 181 59 199 
3 79 83 59 
3 17 149 23 
3 53 149 71 
3 41 281 137 
3 269 293 43 
3 113 23 229 
3 11 97 293 
3 83 37 227 
3 199 7 43 
3 107 109 103 
3 293 227 97 
3 127 229 137 
3 53 257 53 
3 233 109 19 
3 181 67 43 
3 233 149 277 
3 257 233 31 
3 277 5 277 
3 157 83 31 
3 179 233 227 
3 97 3 53 
3 43 241 163 
3 29 293 163 
3 151 269 47 
3 97 163 7 
3 59 5 179 
3 269 41 137 
3 193 283 113 
3 283 173 271 
3 271 139 283 
3 163 157 283 
3 59 149 59 
3 229 139 19 
3 281 79 3 
3 43 23 107 
3 227 107 251 
3 73 43 179 
3 181 269 13 
3 163 137 167 
3 53 263 83 
3 193 37 23 
3 103 59 277 
3 173 281 11 
3 109 71 173 
3 53 53 47 
3 227 73 233 
3 79 37 7 
3 293 7 167 
3 181 233 211 
3 167 97 43 
3 7 179 199 
3 131 131 31 
3 71 59 283 
3 31 89 131 
3 67 283 227 
3 127 239 199 
3 131 59 67 
3 149 19 251 
3 73 43 271 
3 101 239 101 
3 157 281 37 
3 89 269 83 
3 139 257 97 
3 211 293 37 
3 89 83 7 
3 271 163 139 
3 67 239 83 
3 47 293 83 
3 131 283 89 
3 139 109 167 
3 23 193 281 
3 89 107 101 
3 211 47 31 
3 227 3 103 
3 83 83 199 
3 5 239 281 
3 29 47 181 
3 103 293 71 
3 211 199 5 
3 43 127 139 
3 191 3 7 
3 19 293 83 
3 113 281 61 
3 103 79 113 
3 59 229 223 
3 3 263 79 
3 43 197 283 
3 83 281 257 
3 199 151 97 
3 179 197 167 
3 43 59 2 
3 157 157 59 
3 109 67 223 
3 71 257 233 
3 83 97 3 
3 269 293 191 
3 283 137 2 
3 107 83 2 
3 101 277 163 
3 263 137 41 
3 163 41 281 
3 47 47 79 
3 73 73 23 
3 131 2 157 
3 263 3 11 
3 239 257 41 
3 197 157 5 
3 293 191 263 
3 97 269 61 
3 271 89 139 
3 83 67 23 
3 131 107 151 
3 43 149 281 
3 101 257 37 
3 181 269 107 
3 157 193 37 
3 269 173 211 
3 251 257 73 
3 3 179 5 
3 89 227 131 
3 293 73 227 
3 131 233 223 
3 131 257 23 
3 29 293 67 
3 149 163 163 
3 31 197 17 
3 113 137 257 
3 83 181 269 
3 89 241 167 
3 181 3 229 
3 43 109 79 
3 13 109 37 
3 107 223 19 
3 157 179 59 
3 173 53 293 
3 271 79 13 
3 131 73 3 
3 7 193 47 
3 167 269 181 
3 179 89 131 
3 113 23 191 
3 263 173 71 
3 41 29 67 
3 41 199 17 
3 107 211 151 
3 41 251 139 
3 19 211 197 
3 179 5 83 
3 59 211 2 
3 11 263 191 
3 89 41 103 
3 37 149 251 
3 113 79 263 
3 139 163 3 
3 269 179 131 
3 251 191 149 
3 251 233 83 
3 193 37 139 
3 73 251 67 
3 139 139 83 
3 7 139 59 
3 257 59 23 
3 151 3 241 
3 97 61 157 
3 71 137 269 
3 277 53 59 
3 263 3 211 
3 61 97 17 
3 137 233 67 
3 139 89 37 
3 19 139 239 
3 277 53 61 
3 199 23 137 
3 11 83 283 
3 167 31 59 
3 239 101 83 
3 257 241 59 
3 131 137 131 
3 179 71 269 
3 167 89 79 
3 47 131 281 
3 3 257 227 
3 89 97 293 
3 41 149 211 
3 227 173 229 
3 179 61 31 
3 293 101 53 
3 173 193 151 
3 107 89 73 
3 59 199 263 
3 79 37 2 
3 73 269 107 
3 107 71 281 
3 113 283 89 
3 47 271 23 
3 199 13 281 
3 139 229 131 
3 71 103 163 
3 71 17 127 
3 131 113 271 
3 139 277 7 
3 211 257 113 
3 137 151 241 
3 283 79 61 
3 89 179 251 
3 229 233 29 
3 229 223 103 
3 103 83 269 
3 193 257 139 
3 83 103 53 
3 281 263 5 
3 11 29 163 
3 239 179 151 
3 127 83 79 
3 31 199 97 
3 167 173 41 
3 233 163 107 
3 29 257 271 
3 41 241 31 
3 269 73 59 
3 157 181 137 
3 113 71 167 
3 241 199 37 
3 2 269 163 
3 137 61 2 
3 251 263 281 
3 83 37 157 
3 67 271 149 
3 3 137 107 
3 79 271 181 
3 13 73 167 
3 293 293 199 
3 41 11 137 
3 11 31 179 
3 211 199 97 
3 229 167 107 
3 149 281 167 
3 17 239 61 
3 223 181 167 
3 239 223 53 
3 31 233 17 
3 107 89 173 
3 3 139 199 
3 43 181 139 
3 167 101 257 
3 2 293 271 
3 229 71 293 
3 199 131 179 
3 163 223 263 
3 173 229 239 
3 13 107 229 
3 11 211 281 
3 7 193 53 
3 181 263 229 
3 89 157 263 
