33 30
629020851 194634811 727084939 209171263 22933354 725552596 533117521 19574471 445012112 581025493 278186385 34113582 495262884 641662745 21502771 225041103 577442406 490193972 43228058 170866771 452538031 201254772 119097540 127325577 800685713 267194646 670158846 406714073 881323443 211912442 
832546722 824780473 427313720 9174795 348602320 403452632 39373131 832546834 556972349 852730612 860686891 251803267 672662088 594491880 138410125 550534573 94334139 134297315 277206053 586871759 265783231 265980496 424803845 704092010 817147455 801659149 294267874 956794710 502878407 223142348 
307262240 16817268 55001034 993056184 482923756 280255211 149414593 67237532 310253640 323708182 805016691 483494028 189155539 313364354 708983176 492184221 840838405 635211034 29660937 294150424 413683264 519657993 444130415 973225244 742715207 519750018 571966260 466386065 257085974 582198012 
551700254 63913736 455017850 99227070 20695658 636588929 442852019 830490587 802011396 537925120 580336621 527837157 372851916 8630573 175129459 327545902 764395743 491008520 491665789 385637341 972954431 271378464 903155282 832112749 434045422 320013509 463069789 219459769 798391911 58531076 
718063558 917544947 54915974 130218484 655530919 71090732 383456345 587723945 588579329 661496873 693659454 906285846 952195466 187865500 110735135 706254548 495683370 968071231 975399731 812862019 805996788 732825455 319917011 160416657 302986782 832621112 568813084 153346294 800261501 148990081 
481507366 478770961 359270342 168760804 32540035 790581579 172104560 853905234 198619685 713976862 159769172 287039359 552885044 244237238 694407000 245627600 819746256 197131146 188992623 482173781 885383488 846740559 60506731 151694151 581739286 917758202 717828354 434093663 533904539 61260671 
988572194 336697386 996867430 163093551 876034616 330208593 962007598 95870890 132988132 230250227 102092787 998110806 258866267 551575884 84450954 924576866 541478495 70767849 248299984 656234190 613616436 302531658 233432049 165764094 829035878 175107835 805940379 392815992 424368570 139893130 
532424264 223034936 78236226 149881337 271844757 467682334 391612733 973442213 994318407 947488754 56771379 363383528 304722110 87197969 41108649 941652317 507360189 388595773 692840635 784724521 466113714 795134401 912137469 500759077 281569689 156671158 53157575 589380545 962273882 386356863 
634565964 464994046 614652724 145870765 26513489 422385639 409078782 538871935 765190693 742643526 931564015 201279797 930199697 57688066 494880214 556361208 432522168 708421304 533343621 552060488 963723518 85472338 961217060 772977365 544864644 525921413 484771967 783528841 4542416 927852765 
555305019 139542285 452952703 428384872 721431440 588808381 854597724 939815683 24899316 44822701 714075422 826158261 420026933 101862723 936466500 778106969 939756643 489892775 67717311 126668149 605723541 244631037 172131156 517786240 840776627 963588046 43982166 76251197 523777914 202237262 
195636266 154961534 737013320 411695913 967515571 804849551 676235346 969640922 815764152 772667013 967041505 331028790 560223435 342421815 797957568 144768597 48706764 1423623 36342504 708065715 543465923 148604980 771118329 491610743 194444442 306063073 19328633 719736542 535398206 513782751 
331374720 77801801 876821185 981969997 984496570 294349378 12878163 368000402 631133975 107964529 277309063 854686047 916497907 53448077 835450743 112121124 539437589 887247503 172189410 532118027 262126950 809502844 133864492 36739433 854399727 305102682 300501639 225791057 679994747 687926833 
238279177 587307554 672798052 131621403 254936577 814913630 669767900 364131954 669288542 267576531 794373134 21802467 292373360 103018465 506532727 660282722 350978339 343934040 25067485 779618187 644430302 605662719 903791215 551031062 999789411 598849631 617649109 393907808 423455751 763785447 
675056066 905636649 700212966 185931721 459817800 681069118 522100614 939464040 379568129 725949163 63030654 371623025 419723995 692246417 257983950 77277548 938485348 97671276 620889728 240677164 945405519 684895057 644656266 144672676 258537923 137310917 468394881 595520983 803255697 530066642 
372803608 310408115 77327108 318163581 115229752 933517381 401257795 562195736 123459899 266971709 450940577 708167516 153308725 362732696 568530779 953560641 632781665 604852089 191909484 675775456 783424834 827831585 905091908 423113889 459381821 693246887 618836353 821305504 519303688 640332339 
993445901 193162300 185574166 557435967 203737264 348526894 482449714 138496100 4558162 142512961 467232762 816168422 579398184 998511651 425253177 842602263 105920775 706663703 715388509 303754782 495495297 245512401 812439376 337894600 886855398 949917587 168506052 558090873 467428345 736474380 
646519189 587741080 389919207 400185243 753817048 265923923 529855137 248522239 644076976 121312005 417479378 716339106 77016186 339533718 565698944 570086150 333790604 181317972 633982699 875084090 492027300 537182614 257654299 161653111 511231874 824284160 506729233 69649839 460311229 240840893 
76524986 666692314 358764659 737643725 614735401 718662396 676526000 183586460 843504192 579591630 568353944 701240656 233180575 176361282 557878105 661128335 435748661 984227633 90027017 342059702 805925082 348593314 812400300 651510788 145642016 609437680 145043662 40924878 282168144 675057065 
299668460 449284793 903871049 658349205 426656973 828288702 529010139 166335455 129294505 890793591 244152829 746886517 760991176 345311452 315600034 74342435 632641266 11764682 383287376 109145757 414309244 984404256 916016701 916728761 591224002 628874049 916686669 111825727 88756465 237191954 
260460968 72898346 285932072 23551530 544883876 976609688 379997096 332809429 701678251 271608954 220447876 425600151 485154425 729575514 332017629 814653671 938597547 245772794 460875548 272288035 572431922 304067693 600775181 559964489 511555165 274546112 117505261 987255528 81132901 403454321 
206647522 384779494 751646507 152135931 247569890 969737260 420509572 857623800 109637753 585028853 126287682 498533546 194144511 503023721 6629782 389581672 871814255 889343057 507429666 468795109 572262420 706628741 286356451 478390557 506274006 281577659 989243257 656736149 118741691 997138285 
12245249 892041537 489085634 798213888 432844256 796283228 758743699 140165910 115886072 275843048 924296468 89768711 640566704 56061458 402714832 527400050 955583324 797350721 712254106 903092123 35128955 741962716 651427470 105568641 784731159 140270137 846431728 157997522 852463083 876249727 
392951405 62644392 107742058 954582204 933027594 77017085 8788765 173488919 455618128 840981948 325361978 112399088 511095465 286539852 166591324 709937862 247562670 129940707 88867911 139890450 710223058 549513062 39784931 247324940 95433032 552090230 274108740 852168423 382483678 604854921 
508191737 655834206 363003628 34907638 340153731 346440076 660404761 147432049 594808089 451341363 829100096 435008573 451213037 471499232 414966757 317782446 860057132 34535814 527954541 227990960 448016177 13983958 269278993 434162352 573566655 631474115 391323343 53220806 172733025 159547550 
772403544 261793344 253607380 953772896 282408696 867244706 480374324 6614595 68731305 231461437 639604144 899362536 468323504 690012526 394247838 612518215 191369464 283643097 145816738 609483239 239401109 293059793 128589148 566702161 876123691 890826847 861838869 363678535 633867975 703897293 
93469760 522860910 652443255 494230176 952291899 595105795 595660090 542247400 278562085 155951767 920690600 938021351 781967740 472657009 348981200 479991314 276822358 622448050 752857687 629400165 102439005 296766810 508394654 135157293 14666628 997475317 841341181 243452616 801373181 357014319 
805823224 896445821 263009626 35617558 288363199 915155373 980632891 246006766 424545217 483640997 574032017 212699823 688362121 556249614 873435031 905617150 959876706 62433548 755762685 776580284 107112047 828258275 161044133 467549874 698866063 187122244 131744970 478730412 468615589 973693221 
844150348 297016072 952933356 40554565 974362665 4691128 289351929 716471114 67313760 732611714 721174465 580852264 545093346 976443887 714320989 240896012 799245111 93550124 915095774 166990773 590447447 565859282 987479497 489566603 940628954 82932608 265737695 24954945 463674144 454392137 
752372692 662863348 163763861 581750928 577330279 2799066 590327037 780456636 639590151 530100294 146820959 273112297 703358124 578442795 66885105 724221435 202027812 975419338 474051709 954434413 518392286 697174636 188248348 532147365 86870181 578556108 105768383 292615976 184227136 253613564 
514888238 528404832 122213911 413647996 72827307 4837261 465473115 752654505 827534891 314310304 499477015 57838502 96345994 789909683 112410540 596537227 154804116 817460266 559095867 10499018 388422172 58104410 298542500 253067782 839777243 204169324 909015721 101733543 639498811 67381656 
267365347 352567505 148562301 380973136 452273346 90490089 994776928 879541583 794118198 944223722 337765933 554218898 372438701 297185619 16948559 807905395 122941634 325131467 759522106 977101179 525330963 787874113 796658587 971190471 154462744 513559676 273007831 283086989 494073403 86046491 
212413686 659868691 254948662 397927850 547600736 531427555 955023382 428656570 136137629 986623426 46674747 300687111 721546868 812620769 215542474 779130611 7595548 627773053 444850518 614962720 428380379 80718808 683287504 184047967 221484528 677382625 438714993 765926700 647535949 603843525 
917012433 230600566 379002373 245173538 873543276 552285102 294413974 734180207 356927289 376521563 460961265 933654844 957551748 885361648 593997936 835270555 802676446 657956209 886307579 640450496 137398228 527390909 511158294 42344427 731043010 944128052 551616627 549606021 666577804 921416066 
