20 16
202500026 135380417 277009419 575442044 364799902 384105052 863866864 721417174 191312225 582200527 538348893 73743364 587217130 9852805 922009105 651991389 
767320084 768991660 766549408 622578921 999333486 576294175 941886496 800277562 58273282 99888697 885642706 848113400 711239694 60351054 578407324 278909001 
856840321 749924551 784267291 692478662 9616429 799154720 744069133 150534372 35049385 212489968 366885548 277423087 176479093 547730587 744052961 277129764 
260857932 726438057 984867531 47071070 964321524 582861792 805959827 128843078 434031172 440964101 186968593 646803094 988044819 729847583 797619548 823096010 
49160132 381610838 200027586 3054647 787910691 198562007 563649422 303732390 384815488 594561319 705959460 292665417 596455854 609823261 567486922 965828757 
959578428 540595018 284691971 709746348 493560657 61563586 725957707 227888401 12534146 33793436 560282933 937416535 673466719 3384113 695736969 204568380 
62685256 984055024 853579570 86691733 832090169 380387549 409320257 579190822 11943582 42853135 757802170 518099149 417892780 730365500 336888700 727336185 
409096821 261289440 250638062 204179595 645849381 736748075 790431348 429404639 162500736 673645247 430260604 107504741 162937375 184776991 456446739 26132228 
299370726 224134323 17358605 849642529 163088035 63885917 364831059 591817956 278537224 333365137 590246176 73257127 836470309 966413974 81541853 654681059 
984873698 662192909 186575849 871440225 184746536 745274013 270703112 36952902 377538190 485503286 60024490 162774616 502822681 286960847 488205134 45534789 
548439270 419783692 530625922 269909755 81129457 676065541 43095102 225018890 988976906 950357282 680546856 371055901 153499337 695872269 418380371 513252835 
751653520 671686248 879649790 861487505 897177535 912303917 446405810 652912012 437782609 843633220 728366478 378526859 12395749 412716301 446668793 126169163 
336902976 316881113 872320788 194552547 112830350 892425681 61700776 703187067 326994365 933477658 377318631 229505202 61614473 539869694 320066633 907673944 
968337057 177290348 678112219 700884353 64983842 459142435 19018915 446262811 823050845 163682026 271804633 740557788 514312799 245427317 888700565 785472473 
3876544 755157421 726178719 719418825 511188236 766653230 505611078 204363215 69148805 627766890 47197525 688776162 256770497 358819205 72147908 376562062 
29518607 71278925 938870792 254861447 275691633 475408110 988471894 543994961 703395853 649627238 773699819 360364040 129641732 171248361 841352167 766882095 
831974781 402497396 261894169 654337970 306383961 262255393 615747387 263991361 501752979 738840158 936258651 118664816 59346649 263286972 593784716 239331645 
21813897 287979736 668180472 445041832 654008294 273431952 392384030 933952547 86169276 871535635 294506156 411707567 344558835 369088633 851958415 921380184 
726379466 581411896 55712848 579211046 619426066 61459969 637295208 449817225 263286951 66962469 875027332 34192959 974653735 91519596 987417265 116175966 
368952600 127971873 529595941 843719045 684569016 978108700 34064905 689603570 614034254 965039913 34009575 467329609 622468413 652505405 792076789 861894760 
