12 16
205476643 881315610 926527411 259573079 196661280 840052094 448930322 486020150 753342394 297120615 475509329 776897086 794112333 445145809 18926638 818256272 
711049645 645597367 370774319 303740643 480467101 197532772 351313164 129663842 721245910 711070393 931639476 70643064 555983049 554385370 282157371 398255066 
493254060 100181887 370267849 583865346 768276057 492177072 300267647 209413264 796625485 62574721 522673640 862175287 316206380 253758087 8644903 161495086 
191003454 748114769 313818063 30452483 593270604 616767084 642190418 58254263 397394983 169217196 168425879 921068202 601874846 598897903 73141723 560656055 
333788140 650642129 586204228 424269071 17150542 192582207 763377340 878435637 389268368 956945672 518021797 177104936 130766961 774750103 706337328 482194231 
776925984 147017469 544855729 806643887 752004644 301920268 559836958 877648655 671587320 384068301 328320271 844079484 595358641 216007760 791527623 44216610 
175000556 657692491 13021619 624803640 120531614 939886991 237166141 722738297 730270741 731707465 126235175 914293259 337747395 371329056 767624015 937601712 
958957755 446664772 324610825 963275380 627547629 900569575 789663422 235573955 642237796 730196926 751955882 615914092 28372684 191391201 866237746 250414186 
502516461 652123685 210505753 12749522 994289926 639983610 908396117 949433174 676100732 334782885 915174312 29293170 372159658 258124985 361456843 527694043 
8332302 690754080 616148350 264139217 819273918 424822368 585934856 664667190 661571646 566078805 563533365 323365460 458890455 573447846 873526447 68508615 
592477951 781472842 945659613 546605879 247298015 861407294 627438134 760604270 45077971 898140119 32698504 189884132 90494597 402120083 48307389 850239741 
59694311 220662389 544782584 870148869 1589471 876250762 53714413 77229500 492352720 33428590 678889398 320982997 560478255 730035898 472506319 990231408 
