470608902
754475056
470608902
470608902
153579136
153579136
153579136
153579136
153579136
153579136
153579136
153579136
153579136
153579136
153579136
260643548
260643548
260643548
153579136
153579136
153579136
153579136
998234058
153579136
153579136
153579136
153579136
153579136
153579136
153579136
902027114
902027114
902027114
153579136
153579136
153579136
153579136
153579136
952205453
153579136
153579136
153579136
231856366
231856366
304175747
231856366
708837663
231856366
231856366
153579136
153579136
153579136
153579136
153579136
153579136
153579136
153579136
153579136
153579136
153579136
153579136
153579136
153579136
153579136
153579136
153579136
153579136
153579136
892716846
153579136
153579136
153579136
153579136
153579136
153579136
153579136
153579136
153579136
153579136
153579136
153579136
153579136
153579136
153579136
153579136
153579136
153579136
153579136
153579136
153579136
153579136
153579136
153579136
153579136
153579136
153579136
153579136
153579136
153579136
153579136
153579136
181503300
153579136
153579136
181503300
181503300
181503300
181503300
181503300
181503300
181503300
181503300
181503300
181503300
181503300
181503300
181503300
181503300
181503300
181503300
181503300
181503300
181503300
181503300
181503300
181503300
181503300
181503300
181503300
181503300
181503300
181503300
890566742
890566742
890566742
890566742
890566742
890566742
890566742
890566742
890566742
890566742
890566742
890566742
890566742
890566742
890566742
890566742
890566742
890566742
890566742
890566742
890566742
890566742
890566742
890566742
890566742
890566742
890566742
890566742
890566742
890566742
890566742
890566742
890566742
890566742
890566742
890566742
890566742
890566742
890566742
890566742
890566742
890566742
890566742
587663803
587663803
587663803
587663803
587663803
587663803
587663803
890566742
890566742
890566742
465826705
890566742
890566742
890566742
890566742
890566742
890566742
890566742
890566742
890566742
890566742
890566742
890566742
890566742
890566742
890566742
890566742
890566742
890566742
890566742
890566742
467886540
467886540
467886540
467886540
467886540
890566742
890566742
890566742
890566742
890566742
890566742
890566742
890566742
890566742
890566742
890566742
890566742
890566742
890566742
890566742
890566742
13073672
13073672
13073672
890566742
890566742
890566742
890566742
890566742
890566742
890566742
890566742
890566742
890566742
890566742
890566742
890566742
890566742
890566742
890566742
890566742
890566742
890566742
890566742
456307688
890566742
890566742
890566742
890566742
890566742
890566742
890566742
890566742
890566742
890566742
890566742
890566742
890566742
890566742
890566742
890566742
890566742
890566742
890566742
890566742
890566742
890566742
890566742
890566742
890566742
890566742
890566742
890566742
890566742
890566742
890566742
890566742
890566742
890566742
890566742
890566742
890566742
890566742
890566742
890566742
890566742
890566742
890566742
890566742
890566742
890566742
890566742
890566742
890566742
890566742
890566742
890566742
890566742
890566742
890566742
890566742
890566742
890566742
890566742
890566742
890566742
890566742
890566742
890566742
890566742
890566742
890566742
890566742
890566742
890566742
890566742
890566742
890566742
890566742
890566742
890566742
890566742
890566742
890566742
890566742
890566742
890566742
890566742
890566742
890566742
890566742
890566742
890566742
890566742
890566742
890566742
890566742
890566742
890566742
890566742
890566742
890566742
890566742
890566742
890566742
890566742
890566742
890566742
890566742
890566742
890566742
890566742
890566742
890566742
890566742
890566742
890566742
890566742
890566742
890566742
890566742
890566742
890566742
890566742
890566742
890566742
890566742
890566742
890566742
890566742
890566742
890566742
890566742
890566742
890566742
890566742
890566742
890566742
890566742
890566742
890566742
890566742
890566742
890566742
890566742
890566742
890566742
890566742
890566742
890566742
890566742
890566742
890566742
890566742
890566742
890566742
890566742
890566742
890566742
890566742
736208659
890566742
890566742
890566742
890566742
890566742
890566742
890566742
890566742
890566742
890566742
890566742
890566742
890566742
890566742
181503300
181503300
181503300
181503300
181503300
181503300
181503300
181503300
181503300
181503300
181503300
181503300
181503300
181503300
181503300
181503300
181503300
181503300
181503300
181503300
181503300
181503300
181503300
181503300
181503300
181503300
181503300
181503300
181503300
181503300
181503300
181503300
181503300
181503300
181503300
181503300
181503300
181503300
181503300
181503300
181503300
181503300
181503300
181503300
181503300
181503300
181503300
181503300
181503300
181503300
181503300
181503300
181503300
181503300
181503300
181503300
181503300
181503300
181503300
181503300
181503300
181503300
181503300
181503300
181503300
181503300
181503300
181503300
181503300
181503300
181503300
181503300
181503300
181503300
181503300
181503300
181503300
181503300
181503300
181503300
181503300
181503300
181503300
181503300
181503300
181503300
181503300
181503300
181503300
181503300
181503300
181503300
181503300
181503300
181503300
181503300
181503300
181503300
181503300
181503300
181503300
181503300
181503300
181503300
181503300
181503300
181503300
181503300
181503300
181503300
181503300
181503300
181503300
181503300
181503300
181503300
181503300
181503300
153579136
153579136
153579136
153579136
153579136
153579136
153579136
153579136
153579136
153579136
153579136
153579136
153579136
562825835
562825835
562825835
153579136
153579136
153579136
153579136
277274420
153579136
153579136
153579136
452831901
153579136
153579136
153579136
153579136
153579136
153579136
153579136
153579136
153579136
284985220
153579136
153579136
153579136
153579136
153579136
153579136
153579136
153579136
153579136
470608902
470608902
886750713
886750713
886750713
886750713
886750713
886750713
610634209
886750713
886750713
886750713
886750713
886750713
587663803
587663803
587663803
587663803
587663803
587663803
587663803
587663803
587663803
587663803
587663803
587663803
587663803
587663803
587663803
587663803
587663803
587663803
587663803
587663803
587663803
587663803
587663803
587663803
587663803
587663803
587663803
587663803
587663803
886750713
886750713
886750713
886750713
807533850
886750713
886750713
886750713
886750713
886750713
886750713
886750713
886750713
886750713
886750713
886750713
470608902
74180579
470608902
284985220
284985220
284985220
284985220
284985220
284985220
284985220
284985220
284985220
284985220
284985220
284985220
284985220
284985220
284985220
470608902
48478237
260643548
627946379
260643548
260643548
260643548
260643548
260643548
260643548
260643548
260643548
363244025
363244025
363244025
363244025
363244025
363244025
363244025
363244025
363244025
363244025
363244025
260643548
260643548
260643548
260643548
260643548
4733074
260643548
260643548
260643548
260643548
736208659
736208659
736208659
736208659
736208659
736208659
736208659
736208659
736208659
736208659
736208659
736208659
736208659
736208659
736208659
736208659
736208659
736208659
736208659
736208659
736208659
736208659
736208659
736208659
736208659
736208659
736208659
736208659
736208659
736208659
736208659
736208659
736208659
736208659
736208659
736208659
736208659
736208659
736208659
736208659
736208659
736208659
736208659
736208659
736208659
736208659
736208659
736208659
736208659
736208659
736208659
736208659
736208659
736208659
736208659
736208659
736208659
736208659
736208659
736208659
736208659
736208659
736208659
736208659
736208659
736208659
736208659
736208659
736208659
736208659
736208659
736208659
736208659
736208659
736208659
736208659
736208659
736208659
736208659
736208659
736208659
736208659
736208659
736208659
736208659
736208659
736208659
736208659
736208659
736208659
736208659
736208659
736208659
736208659
736208659
736208659
736208659
736208659
736208659
736208659
736208659
736208659
736208659
736208659
736208659
736208659
736208659
736208659
736208659
736208659
736208659
736208659
736208659
736208659
736208659
736208659
736208659
736208659
736208659
736208659
736208659
736208659
736208659
736208659
736208659
736208659
736208659
736208659
736208659
736208659
736208659
736208659
736208659
736208659
736208659
736208659
736208659
736208659
736208659
736208659
736208659
736208659
736208659
736208659
736208659
736208659
736208659
736208659
736208659
736208659
736208659
736208659
736208659
736208659
736208659
736208659
736208659
736208659
736208659
736208659
736208659
736208659
736208659
736208659
736208659
736208659
736208659
736208659
736208659
736208659
736208659
736208659
736208659
736208659
736208659
736208659
736208659
736208659
736208659
736208659
736208659
736208659
736208659
736208659
736208659
736208659
736208659
736208659
736208659
736208659
736208659
736208659
736208659
736208659
736208659
736208659
736208659
736208659
736208659
260643548
260643548
260643548
260643548
260643548
260643548
260643548
260643548
260643548
260643548
201283894
201283894
201283894
260643548
260643548
260643548
260643548
260643548
260643548
260643548
260643548
467886540
260643548
260643548
260643548
260643548
260643548
260643548
260643548
260643548
260643548
260643548
260643548
260643548
260643548
260643548
260643548
260643548
260643548
260643548
520572150
260643548
260643548
260643548
260643548
260643548
260643548
260643548
260643548
260643548
260643548
260643548
260643548
260643548
260643548
260643548
260643548
48478237
470608902
601605095
601605095
601605095
601605095
601605095
601605095
601605095
601605095
601605095
601605095
601605095
601605095
601605095
470608902
779458528
370850443
779458528
708837663
457982589
457982589
457982589
708837663
708837663
708837663
708837663
708837663
779458528
470608902
84879072
470608902
670752686
670752686
854182514
929325050
588509780
588509780
588509780
588509780
588509780
588509780
588509780
588509780
588509780
588509780
588509780
929325050
854182514
854182514
854182514
670752686
225160168
225160168
225160168
225160168
225160168
670752686
238867232
238867232
238867232
238867232
238867232
670752686
670752686
470608902
664937797
470608902
562213697
470608902
359464956
470608902
695519656
470608902
877048856
470608902
685036213
907791377
907791377
907791377
907791377
907791377
907791377
907791377
685036213
685036213
685036213
470608902
137472112
304765507
976168112
976168112
976168112
976168112
976168112
976168112
976168112
976168112
976168112
304765507
304765507
976660917
976660917
976660917
976660917
976660917
976660917
976660917
976660917
976660917
976660917
976660917
304765507
304765507
304765507
304765507
304765507
304765507
304765507
304765507
840585276
907718449
840585276
304765507
22552206
739436910
22552206
393713940
22552206
304765507
309719729
309719729
309719729
309719729
309719729
304765507
304765507
304765507
304765507
304765507
304765507
304765507
304765507
304765507
457982589
304765507
137472112
470608902
117798721
470608902
838499079
574299443
838499079
470608902
735012450
470608902
101185729
470608902
284245099
470608902
186200800
470608902
121301445
470608902
528329386
470608902
400137117
400137117
400137117
470608902
977828150
470608902
382044274
470608902
205748883
208325871
208325871
208325871
205748883
470608902
913164815
470608902
23217245
890566742
23217245
780045969
780045969
780045969
780045969
870225560
780045969
879269852
879269852
879269852
879269852
879269852
780045969
780045969
780045969
780045969
23217245
381437839
381437839
381437839
928804795
381437839
23217245
470608902
478917912
870581692
870581692
870581692
455507414
455507414
455507414
455507414
455507414
455507414
902934730
455507414
455507414
455507414
455507414
455507414
455507414
870581692
870581692
870581692
870581692
870581692
870581692
870581692
870581692
599629342
599629342
599629342
754475056
599629342
870581692
870581692
976660917
976660917
976660917
976660917
976660917
976660917
976660917
976660917
976660917
976660917
976660917
976660917
976660917
976660917
976660917
976660917
976660917
976660917
976660917
976660917
976660917
976660917
976660917
976660917
976660917
976660917
976660917
976660917
976660917
870581692
478917912
470608902
627648744
627648744
627648744
627648744
627648744
62574000
62574000
215761882
215761882
215761882
62574000
62574000
62574000
865425263
865425263
865425263
865425263
865425263
865425263
865425263
865425263
865425263
865425263
865425263
865425263
865425263
865425263
865425263
62574000
62574000
627648744
627648744
676057266
627648744
627648744
627648744
439917821
627648744
627648744
627648744
146031503
627648744
627648744
467886540
467886540
467886540
627648744
627648744
57646870
57646870
57646870
627648744
41013688
41013688
41013688
627648744
627648744
627648744
204221309
204221309
204221309
204221309
204221309
204221309
204221309
204221309
204221309
204221309
204221309
204221309
204221309
204221309
204221309
204221309
204221309
204221309
204221309
204221309
204221309
204221309
204221309
204221309
204221309
204221309
204221309
204221309
204221309
204221309
204221309
204221309
204221309
627648744
627648744
627648744
627648744
627648744
402174041
348116311
348116311
348116311
348116311
348116311
348116311
348116311
348116311
348116311
555166364
555166364
555166364
555166364
555166364
555166364
555166364
555166364
555166364
555166364
555166364
555166364
555166364
555166364
555166364
555166364
555166364
555166364
555166364
555166364
555166364
555166364
555166364
555166364
555166364
555166364
555166364
555166364
555166364
555166364
555166364
555166364
555166364
555166364
555166364
555166364
555166364
555166364
555166364
555166364
555166364
555166364
555166364
555166364
555166364
555166364
555166364
555166364
555166364
555166364
555166364
555166364
555166364
555166364
555166364
555166364
555166364
555166364
555166364
555166364
555166364
555166364
555166364
555166364
555166364
555166364
555166364
555166364
555166364
555166364
555166364
555166364
555166364
555166364
555166364
555166364
555166364
555166364
555166364
555166364
555166364
555166364
555166364
555166364
555166364
555166364
555166364
555166364
555166364
555166364
555166364
555166364
555166364
555166364
555166364
555166364
555166364
555166364
555166364
555166364
555166364
555166364
555166364
555166364
555166364
555166364
555166364
555166364
555166364
555166364
555166364
555166364
555166364
555166364
555166364
555166364
555166364
555166364
555166364
555166364
555166364
555166364
555166364
555166364
555166364
555166364
555166364
555166364
555166364
555166364
555166364
555166364
555166364
555166364
555166364
555166364
555166364
555166364
555166364
555166364
555166364
555166364
555166364
555166364
555166364
555166364
555166364
555166364
555166364
555166364
555166364
555166364
555166364
555166364
555166364
555166364
555166364
555166364
555166364
555166364
555166364
555166364
555166364
555166364
555166364
555166364
555166364
555166364
555166364
555166364
555166364
555166364
555166364
555166364
555166364
555166364
555166364
555166364
555166364
555166364
555166364
555166364
555166364
555166364
555166364
555166364
555166364
555166364
555166364
555166364
555166364
555166364
555166364
555166364
555166364
555166364
555166364
555166364
555166364
555166364
555166364
555166364
555166364
555166364
555166364
555166364
555166364
555166364
555166364
555166364
555166364
555166364
555166364
555166364
555166364
555166364
555166364
555166364
555166364
555166364
555166364
555166364
555166364
555166364
555166364
555166364
555166364
555166364
555166364
555166364
555166364
555166364
555166364
555166364
555166364
555166364
555166364
555166364
555166364
555166364
555166364
555166364
555166364
555166364
555166364
555166364
555166364
555166364
555166364
555166364
555166364
555166364
555166364
555166364
555166364
555166364
555166364
555166364
555166364
555166364
555166364
555166364
555166364
555166364
555166364
555166364
555166364
555166364
555166364
555166364
555166364
555166364
555166364
555166364
555166364
555166364
555166364
555166364
555166364
555166364
555166364
555166364
555166364
555166364
555166364
555166364
555166364
555166364
555166364
555166364
555166364
555166364
555166364
555166364
555166364
555166364
555166364
555166364
555166364
555166364
555166364
555166364
555166364
555166364
555166364
555166364
555166364
555166364
555166364
555166364
555166364
555166364
555166364
555166364
555166364
555166364
555166364
555166364
555166364
555166364
555166364
555166364
555166364
555166364
555166364
555166364
555166364
555166364
555166364
555166364
555166364
555166364
555166364
555166364
555166364
555166364
555166364
555166364
555166364
555166364
555166364
555166364
555166364
555166364
555166364
555166364
555166364
555166364
555166364
555166364
555166364
555166364
555166364
555166364
555166364
555166364
555166364
555166364
555166364
555166364
555166364
555166364
555166364
555166364
555166364
555166364
555166364
555166364
555166364
555166364
555166364
555166364
555166364
555166364
555166364
555166364
555166364
555166364
555166364
555166364
555166364
555166364
555166364
555166364
555166364
555166364
555166364
555166364
555166364
555166364
555166364
555166364
555166364
555166364
555166364
555166364
555166364
555166364
555166364
555166364
555166364
555166364
555166364
555166364
555166364
555166364
555166364
555166364
555166364
555166364
555166364
555166364
555166364
555166364
555166364
555166364
555166364
555166364
555166364
555166364
555166364
555166364
555166364
555166364
555166364
555166364
555166364
555166364
555166364
555166364
555166364
555166364
555166364
555166364
555166364
555166364
555166364
555166364
555166364
555166364
555166364
555166364
555166364
555166364
555166364
555166364
555166364
555166364
555166364
555166364
555166364
555166364
555166364
555166364
555166364
555166364
555166364
555166364
555166364
555166364
555166364
555166364
555166364
555166364
555166364
555166364
555166364
555166364
555166364
555166364
555166364
555166364
555166364
555166364
555166364
555166364
555166364
555166364
555166364
555166364
555166364
555166364
555166364
555166364
555166364
555166364
555166364
555166364
555166364
555166364
555166364
555166364
555166364
555166364
555166364
555166364
555166364
555166364
555166364
555166364
555166364
555166364
555166364
555166364
555166364
555166364
555166364
555166364
555166364
555166364
555166364
555166364
555166364
555166364
555166364
555166364
555166364
555166364
555166364
555166364
555166364
555166364
555166364
555166364
555166364
555166364
555166364
555166364
555166364
555166364
555166364
555166364
555166364
555166364
555166364
555166364
555166364
555166364
555166364
555166364
555166364
555166364
555166364
555166364
555166364
555166364
555166364
555166364
555166364
555166364
555166364
555166364
555166364
555166364
555166364
555166364
555166364
555166364
555166364
555166364
555166364
555166364
555166364
555166364
555166364
555166364
555166364
555166364
555166364
555166364
555166364
555166364
555166364
555166364
555166364
555166364
555166364
555166364
555166364
555166364
555166364
555166364
555166364
555166364
555166364
555166364
555166364
555166364
555166364
555166364
555166364
555166364
555166364
555166364
555166364
555166364
555166364
555166364
555166364
555166364
555166364
555166364
555166364
555166364
555166364
555166364
555166364
555166364
555166364
555166364
555166364
555166364
555166364
555166364
555166364
555166364
555166364
555166364
555166364
555166364
555166364
555166364
555166364
555166364
555166364
555166364
555166364
555166364
555166364
555166364
555166364
555166364
555166364
555166364
555166364
555166364
555166364
555166364
555166364
555166364
555166364
555166364
555166364
555166364
555166364
555166364
555166364
555166364
555166364
555166364
555166364
555166364
555166364
555166364
555166364
555166364
555166364
555166364
555166364
555166364
555166364
555166364
555166364
555166364
555166364
555166364
555166364
555166364
555166364
555166364
555166364
555166364
555166364
555166364
555166364
555166364
555166364
555166364
555166364
555166364
555166364
555166364
555166364
555166364
555166364
555166364
555166364
555166364
555166364
555166364
555166364
555166364
555166364
555166364
555166364
555166364
555166364
555166364
555166364
555166364
555166364
555166364
555166364
555166364
555166364
555166364
555166364
555166364
555166364
555166364
555166364
555166364
555166364
555166364
555166364
555166364
555166364
555166364
555166364
555166364
555166364
555166364
555166364
555166364
555166364
555166364
555166364
555166364
555166364
555166364
555166364
555166364
555166364
555166364
555166364
555166364
555166364
555166364
555166364
555166364
555166364
555166364
555166364
555166364
555166364
555166364
555166364
555166364
555166364
555166364
555166364
555166364
555166364
555166364
555166364
555166364
555166364
555166364
555166364
555166364
555166364
555166364
555166364
555166364
555166364
555166364
555166364
555166364
555166364
555166364
555166364
555166364
555166364
555166364
555166364
555166364
555166364
555166364
555166364
555166364
555166364
555166364
555166364
555166364
555166364
555166364
555166364
555166364
555166364
555166364
555166364
555166364
555166364
555166364
555166364
555166364
555166364
555166364
555166364
555166364
555166364
555166364
555166364
555166364
555166364
555166364
555166364
555166364
555166364
555166364
555166364
555166364
555166364
555166364
555166364
555166364
555166364
555166364
555166364
555166364
555166364
555166364
555166364
555166364
555166364
555166364
555166364
555166364
555166364
555166364
555166364
555166364
555166364
555166364
555166364
555166364
555166364
555166364
555166364
555166364
555166364
555166364
555166364
555166364
555166364
555166364
555166364
555166364
555166364
555166364
555166364
555166364
555166364
555166364
555166364
555166364
555166364
555166364
555166364
555166364
555166364
555166364
555166364
555166364
555166364
555166364
555166364
555166364
555166364
555166364
555166364
555166364
555166364
555166364
555166364
555166364
555166364
555166364
555166364
555166364
555166364
555166364
555166364
555166364
555166364
555166364
555166364
555166364
555166364
555166364
555166364
555166364
555166364
555166364
555166364
555166364
555166364
555166364
555166364
555166364
555166364
555166364
555166364
555166364
555166364
555166364
555166364
555166364
555166364
555166364
555166364
555166364
555166364
555166364
555166364
555166364
555166364
555166364
555166364
555166364
555166364
555166364
555166364
555166364
555166364
555166364
555166364
555166364
555166364
555166364
555166364
555166364
555166364
555166364
555166364
555166364
555166364
555166364
555166364
555166364
555166364
555166364
555166364
555166364
555166364
555166364
555166364
555166364
555166364
555166364
555166364
555166364
555166364
555166364
555166364
555166364
555166364
555166364
555166364
555166364
555166364
555166364
555166364
555166364
555166364
555166364
555166364
555166364
555166364
555166364
555166364
555166364
555166364
555166364
555166364
555166364
555166364
555166364
555166364
555166364
555166364
555166364
555166364
555166364
555166364
555166364
555166364
555166364
555166364
555166364
555166364
555166364
555166364
555166364
555166364
555166364
555166364
555166364
555166364
555166364
555166364
555166364
555166364
555166364
555166364
555166364
555166364
555166364
555166364
555166364
555166364
555166364
555166364
555166364
555166364
555166364
555166364
555166364
555166364
555166364
555166364
555166364
555166364
555166364
555166364
555166364
555166364
555166364
555166364
555166364
555166364
555166364
555166364
555166364
555166364
555166364
555166364
555166364
555166364
555166364
555166364
555166364
555166364
555166364
555166364
555166364
555166364
555166364
555166364
555166364
555166364
555166364
555166364
555166364
555166364
555166364
555166364
555166364
555166364
555166364
555166364
555166364
555166364
555166364
555166364
555166364
555166364
555166364
555166364
555166364
555166364
555166364
555166364
555166364
555166364
555166364
555166364
555166364
555166364
555166364
555166364
555166364
555166364
555166364
555166364
555166364
555166364
555166364
555166364
555166364
555166364
555166364
555166364
555166364
555166364
555166364
555166364
555166364
555166364
555166364
555166364
555166364
555166364
555166364
555166364
555166364
555166364
555166364
555166364
555166364
555166364
555166364
555166364
555166364
555166364
555166364
555166364
555166364
555166364
555166364
555166364
555166364
555166364
555166364
555166364
555166364
555166364
555166364
555166364
555166364
555166364
555166364
555166364
555166364
555166364
555166364
555166364
555166364
555166364
555166364
555166364
555166364
555166364
555166364
555166364
555166364
555166364
555166364
555166364
555166364
555166364
555166364
555166364
555166364
555166364
555166364
555166364
555166364
555166364
555166364
555166364
555166364
555166364
555166364
555166364
555166364
555166364
555166364
555166364
555166364
555166364
555166364
555166364
555166364
555166364
555166364
555166364
555166364
555166364
555166364
555166364
555166364
555166364
555166364
555166364
555166364
555166364
555166364
555166364
555166364
555166364
555166364
555166364
555166364
555166364
555166364
555166364
555166364
555166364
555166364
555166364
555166364
555166364
555166364
555166364
555166364
555166364
555166364
555166364
555166364
555166364
555166364
555166364
555166364
555166364
555166364
555166364
555166364
555166364
555166364
555166364
555166364
555166364
555166364
555166364
555166364
555166364
555166364
555166364
555166364
555166364
555166364
555166364
555166364
555166364
555166364
555166364
555166364
555166364
555166364
555166364
555166364
555166364
555166364
555166364
555166364
555166364
555166364
555166364
555166364
555166364
555166364
555166364
555166364
555166364
555166364
555166364
555166364
555166364
555166364
555166364
555166364
555166364
555166364
555166364
555166364
555166364
555166364
555166364
555166364
555166364
555166364
555166364
555166364
555166364
555166364
555166364
555166364
555166364
555166364
555166364
555166364
555166364
555166364
555166364
555166364
555166364
555166364
555166364
555166364
555166364
555166364
555166364
555166364
555166364
555166364
555166364
555166364
555166364
555166364
555166364
555166364
555166364
555166364
555166364
555166364
555166364
555166364
555166364
555166364
555166364
555166364
555166364
555166364
555166364
555166364
555166364
555166364
555166364
555166364
555166364
555166364
555166364
555166364
555166364
555166364
555166364
555166364
555166364
555166364
555166364
555166364
555166364
555166364
555166364
555166364
555166364
555166364
555166364
555166364
555166364
555166364
555166364
555166364
555166364
555166364
555166364
555166364
555166364
555166364
555166364
555166364
555166364
555166364
555166364
555166364
555166364
555166364
555166364
555166364
555166364
555166364
555166364
555166364
555166364
555166364
555166364
555166364
555166364
555166364
555166364
555166364
555166364
555166364
555166364
555166364
555166364
555166364
555166364
555166364
555166364
555166364
555166364
555166364
555166364
555166364
555166364
555166364
555166364
555166364
555166364
555166364
555166364
555166364
555166364
555166364
555166364
555166364
555166364
555166364
555166364
555166364
555166364
555166364
555166364
555166364
555166364
555166364
555166364
555166364
555166364
555166364
555166364
555166364
555166364
555166364
555166364
555166364
555166364
555166364
555166364
555166364
555166364
555166364
555166364
555166364
555166364
555166364
555166364
555166364
555166364
555166364
555166364
555166364
555166364
555166364
555166364
555166364
555166364
555166364
555166364
555166364
555166364
555166364
555166364
555166364
555166364
555166364
555166364
555166364
555166364
555166364
555166364
555166364
555166364
555166364
555166364
555166364
555166364
555166364
555166364
555166364
555166364
555166364
555166364
555166364
555166364
555166364
555166364
555166364
555166364
555166364
555166364
555166364
555166364
555166364
555166364
555166364
555166364
555166364
555166364
555166364
555166364
555166364
555166364
555166364
555166364
555166364
555166364
555166364
555166364
555166364
555166364
555166364
555166364
555166364
555166364
555166364
555166364
555166364
555166364
555166364
555166364
555166364
555166364
555166364
555166364
555166364
555166364
555166364
555166364
555166364
555166364
555166364
555166364
555166364
555166364
555166364
555166364
555166364
555166364
555166364
555166364
555166364
555166364
555166364
555166364
555166364
555166364
555166364
555166364
555166364
555166364
555166364
555166364
555166364
555166364
555166364
555166364
555166364
555166364
555166364
555166364
555166364
555166364
555166364
555166364
555166364
555166364
555166364
555166364
555166364
555166364
555166364
555166364
555166364
555166364
555166364
555166364
555166364
555166364
555166364
555166364
555166364
555166364
555166364
555166364
555166364
555166364
555166364
555166364
555166364
555166364
555166364
555166364
555166364
555166364
555166364
555166364
555166364
555166364
555166364
555166364
555166364
555166364
555166364
555166364
555166364
555166364
555166364
555166364
555166364
555166364
555166364
555166364
555166364
555166364
555166364
555166364
555166364
555166364
555166364
555166364
555166364
555166364
555166364
555166364
555166364
555166364
555166364
555166364
555166364
555166364
555166364
555166364
555166364
555166364
555166364
555166364
555166364
555166364
555166364
555166364
555166364
555166364
555166364
555166364
555166364
555166364
555166364
555166364
555166364
555166364
555166364
555166364
555166364
555166364
555166364
555166364
555166364
555166364
555166364
555166364
555166364
555166364
555166364
555166364
555166364
555166364
555166364
555166364
555166364
555166364
555166364
555166364
555166364
555166364
555166364
555166364
555166364
555166364
555166364
555166364
555166364
555166364
555166364
555166364
555166364
555166364
555166364
555166364
555166364
555166364
555166364
555166364
555166364
555166364
555166364
555166364
555166364
555166364
555166364
555166364
555166364
555166364
555166364
555166364
555166364
555166364
555166364
555166364
555166364
555166364
555166364
555166364
555166364
555166364
555166364
555166364
555166364
555166364
555166364
555166364
555166364
555166364
555166364
555166364
555166364
555166364
555166364
555166364
555166364
555166364
555166364
555166364
555166364
555166364
555166364
555166364
555166364
555166364
555166364
555166364
555166364
555166364
555166364
555166364
555166364
555166364
555166364
555166364
555166364
555166364
555166364
555166364
555166364
555166364
555166364
555166364
555166364
555166364
555166364
555166364
555166364
555166364
555166364
555166364
555166364
555166364
555166364
555166364
555166364
555166364
555166364
555166364
555166364
555166364
555166364
555166364
555166364
555166364
555166364
555166364
555166364
555166364
555166364
555166364
555166364
555166364
555166364
555166364
555166364
555166364
555166364
555166364
555166364
555166364
555166364
555166364
555166364
555166364
555166364
555166364
555166364
555166364
555166364
555166364
555166364
555166364
555166364
555166364
555166364
555166364
555166364
555166364
555166364
555166364
555166364
555166364
555166364
555166364
555166364
555166364
555166364
555166364
555166364
555166364
555166364
555166364
555166364
555166364
555166364
555166364
555166364
555166364
555166364
555166364
555166364
555166364
555166364
555166364
555166364
555166364
555166364
555166364
555166364
555166364
555166364
555166364
555166364
555166364
555166364
555166364
555166364
555166364
555166364
555166364
555166364
555166364
555166364
555166364
555166364
555166364
555166364
555166364
555166364
555166364
555166364
555166364
555166364
555166364
555166364
555166364
555166364
555166364
555166364
555166364
555166364
555166364
555166364
555166364
555166364
555166364
555166364
555166364
555166364
555166364
555166364
555166364
555166364
555166364
555166364
555166364
555166364
555166364
555166364
555166364
555166364
555166364
555166364
555166364
555166364
555166364
555166364
555166364
555166364
555166364
555166364
555166364
555166364
555166364
555166364
555166364
555166364
555166364
555166364
555166364
555166364
555166364
555166364
555166364
555166364
555166364
555166364
555166364
555166364
555166364
555166364
555166364
555166364
555166364
555166364
555166364
555166364
555166364
555166364
555166364
555166364
555166364
555166364
555166364
555166364
555166364
555166364
555166364
555166364
555166364
555166364
555166364
555166364
555166364
555166364
555166364
555166364
555166364
555166364
555166364
555166364
555166364
555166364
555166364
555166364
555166364
555166364
555166364
555166364
555166364
555166364
555166364
555166364
555166364
555166364
555166364
555166364
555166364
555166364
555166364
555166364
555166364
555166364
555166364
555166364
555166364
555166364
555166364
555166364
555166364
555166364
555166364
555166364
555166364
555166364
555166364
555166364
555166364
555166364
555166364
555166364
555166364
555166364
555166364
555166364
555166364
555166364
555166364
555166364
555166364
555166364
555166364
555166364
555166364
555166364
555166364
555166364
555166364
555166364
555166364
555166364
555166364
555166364
555166364
555166364
555166364
555166364
555166364
555166364
555166364
555166364
555166364
555166364
555166364
555166364
555166364
555166364
555166364
555166364
555166364
555166364
555166364
555166364
555166364
555166364
555166364
555166364
555166364
555166364
555166364
555166364
555166364
555166364
555166364
555166364
555166364
555166364
555166364
555166364
555166364
555166364
555166364
555166364
555166364
555166364
555166364
555166364
555166364
555166364
555166364
555166364
555166364
555166364
555166364
555166364
555166364
555166364
555166364
555166364
555166364
555166364
555166364
555166364
555166364
555166364
555166364
555166364
555166364
555166364
555166364
555166364
555166364
555166364
555166364
555166364
555166364
555166364
555166364
555166364
555166364
555166364
555166364
555166364
555166364
555166364
555166364
555166364
555166364
555166364
555166364
555166364
555166364
555166364
555166364
555166364
555166364
555166364
555166364
555166364
555166364
555166364
555166364
555166364
555166364
555166364
555166364
555166364
555166364
555166364
555166364
555166364
555166364
555166364
555166364
555166364
555166364
555166364
555166364
555166364
555166364
555166364
555166364
555166364
555166364
555166364
555166364
555166364
555166364
555166364
555166364
555166364
555166364
555166364
555166364
555166364
555166364
555166364
555166364
555166364
555166364
555166364
555166364
555166364
555166364
555166364
555166364
555166364
555166364
555166364
555166364
555166364
555166364
555166364
555166364
555166364
555166364
555166364
555166364
555166364
555166364
555166364
555166364
555166364
555166364
555166364
555166364
555166364
555166364
555166364
555166364
555166364
555166364
555166364
555166364
555166364
555166364
555166364
555166364
555166364
555166364
555166364
555166364
555166364
555166364
555166364
555166364
555166364
555166364
555166364
555166364
555166364
555166364
555166364
555166364
555166364
555166364
555166364
555166364
555166364
555166364
555166364
555166364
555166364
555166364
555166364
555166364
555166364
555166364
555166364
555166364
555166364
555166364
555166364
555166364
555166364
555166364
555166364
555166364
555166364
555166364
555166364
555166364
555166364
555166364
555166364
555166364
555166364
555166364
555166364
555166364
555166364
555166364
555166364
555166364
555166364
555166364
555166364
555166364
555166364
555166364
555166364
555166364
555166364
555166364
555166364
555166364
555166364
555166364
555166364
555166364
555166364
555166364
555166364
555166364
555166364
555166364
555166364
555166364
555166364
555166364
555166364
555166364
555166364
555166364
555166364
555166364
555166364
555166364
555166364
555166364
555166364
555166364
555166364
555166364
555166364
555166364
555166364
555166364
555166364
555166364
555166364
555166364
555166364
555166364
555166364
555166364
555166364
555166364
555166364
555166364
555166364
555166364
555166364
555166364
555166364
555166364
555166364
555166364
555166364
555166364
555166364
555166364
555166364
555166364
555166364
555166364
555166364
555166364
555166364
555166364
555166364
555166364
555166364
555166364
555166364
555166364
555166364
555166364
555166364
555166364
555166364
555166364
555166364
555166364
555166364
555166364
555166364
555166364
555166364
555166364
555166364
555166364
555166364
555166364
736208659
555166364
555166364
555166364
555166364
555166364
555166364
555166364
555166364
555166364
555166364
555166364
555166364
555166364
555166364
555166364
555166364
555166364
555166364
555166364
555166364
555166364
555166364
555166364
555166364
555166364
555166364
555166364
555166364
555166364
555166364
555166364
555166364
555166364
555166364
555166364
555166364
555166364
555166364
555166364
555166364
555166364
555166364
555166364
555166364
555166364
555166364
555166364
555166364
555166364
555166364
555166364
555166364
555166364
555166364
555166364
555166364
555166364
555166364
555166364
555166364
555166364
555166364
555166364
555166364
555166364
555166364
555166364
555166364
555166364
555166364
555166364
555166364
555166364
555166364
555166364
555166364
555166364
555166364
555166364
555166364
555166364
555166364
555166364
555166364
555166364
555166364
555166364
555166364
555166364
555166364
555166364
555166364
555166364
555166364
555166364
555166364
555166364
555166364
555166364
555166364
555166364
555166364
555166364
555166364
555166364
555166364
555166364
555166364
555166364
555166364
555166364
555166364
555166364
555166364
555166364
555166364
555166364
555166364
555166364
555166364
555166364
555166364
555166364
555166364
555166364
555166364
555166364
555166364
555166364
555166364
555166364
555166364
555166364
555166364
555166364
555166364
555166364
555166364
555166364
555166364
555166364
555166364
555166364
555166364
555166364
555166364
555166364
555166364
555166364
555166364
555166364
555166364
555166364
555166364
555166364
555166364
555166364
555166364
555166364
555166364
555166364
555166364
555166364
555166364
555166364
555166364
555166364
555166364
555166364
555166364
555166364
555166364
555166364
555166364
555166364
555166364
555166364
555166364
555166364
555166364
555166364
555166364
555166364
555166364
555166364
555166364
555166364
555166364
555166364
555166364
555166364
555166364
555166364
555166364
555166364
555166364
555166364
555166364
555166364
555166364
555166364
555166364
555166364
555166364
555166364
555166364
555166364
555166364
555166364
555166364
555166364
555166364
555166364
555166364
555166364
555166364
555166364
555166364
555166364
555166364
555166364
555166364
555166364
555166364
555166364
555166364
555166364
555166364
555166364
555166364
555166364
555166364
555166364
555166364
555166364
555166364
555166364
555166364
555166364
555166364
555166364
555166364
555166364
555166364
555166364
555166364
555166364
555166364
555166364
555166364
555166364
555166364
555166364
555166364
555166364
555166364
555166364
555166364
555166364
555166364
555166364
555166364
555166364
555166364
555166364
555166364
555166364
555166364
555166364
555166364
555166364
555166364
555166364
555166364
555166364
555166364
555166364
555166364
555166364
555166364
555166364
555166364
555166364
555166364
555166364
555166364
555166364
555166364
555166364
555166364
555166364
555166364
555166364
555166364
555166364
555166364
555166364
555166364
555166364
555166364
555166364
555166364
555166364
555166364
555166364
555166364
555166364
555166364
555166364
555166364
555166364
555166364
555166364
555166364
555166364
555166364
555166364
555166364
555166364
555166364
555166364
555166364
555166364
555166364
555166364
555166364
555166364
555166364
555166364
555166364
555166364
555166364
555166364
555166364
555166364
555166364
555166364
555166364
555166364
555166364
555166364
555166364
555166364
555166364
555166364
555166364
555166364
555166364
555166364
555166364
555166364
555166364
555166364
555166364
555166364
555166364
555166364
555166364
555166364
555166364
555166364
555166364
555166364
555166364
555166364
555166364
555166364
555166364
555166364
555166364
555166364
555166364
555166364
555166364
555166364
555166364
555166364
555166364
555166364
555166364
555166364
555166364
555166364
555166364
555166364
555166364
555166364
555166364
555166364
555166364
555166364
555166364
555166364
555166364
555166364
555166364
555166364
555166364
555166364
555166364
555166364
555166364
555166364
555166364
555166364
555166364
555166364
555166364
555166364
555166364
555166364
555166364
555166364
555166364
555166364
555166364
555166364
555166364
555166364
555166364
555166364
555166364
555166364
555166364
555166364
555166364
555166364
555166364
555166364
555166364
555166364
555166364
555166364
555166364
555166364
555166364
555166364
555166364
555166364
555166364
555166364
555166364
555166364
555166364
555166364
555166364
555166364
555166364
555166364
555166364
555166364
555166364
555166364
555166364
555166364
555166364
555166364
555166364
555166364
555166364
555166364
555166364
555166364
555166364
555166364
555166364
555166364
555166364
555166364
555166364
555166364
555166364
555166364
555166364
555166364
555166364
555166364
555166364
555166364
555166364
555166364
555166364
555166364
555166364
555166364
555166364
555166364
555166364
555166364
555166364
555166364
555166364
555166364
555166364
555166364
555166364
555166364
555166364
555166364
555166364
555166364
555166364
555166364
555166364
555166364
555166364
555166364
555166364
555166364
555166364
555166364
555166364
555166364
555166364
555166364
555166364
555166364
555166364
555166364
555166364
555166364
555166364
555166364
555166364
555166364
555166364
555166364
555166364
555166364
555166364
555166364
555166364
555166364
555166364
555166364
555166364
555166364
555166364
555166364
555166364
555166364
555166364
555166364
555166364
555166364
555166364
555166364
555166364
555166364
555166364
555166364
555166364
555166364
555166364
555166364
555166364
555166364
555166364
555166364
555166364
555166364
555166364
555166364
555166364
555166364
555166364
555166364
555166364
555166364
555166364
555166364
555166364
555166364
555166364
555166364
555166364
555166364
555166364
555166364
555166364
555166364
555166364
555166364
555166364
555166364
555166364
555166364
555166364
555166364
555166364
555166364
555166364
555166364
555166364
555166364
555166364
555166364
555166364
555166364
555166364
555166364
555166364
555166364
555166364
555166364
555166364
555166364
555166364
555166364
555166364
555166364
555166364
555166364
555166364
555166364
555166364
555166364
555166364
555166364
555166364
555166364
555166364
555166364
555166364
555166364
555166364
555166364
555166364
555166364
555166364
555166364
555166364
555166364
555166364
555166364
555166364
555166364
555166364
555166364
555166364
555166364
555166364
555166364
555166364
555166364
555166364
555166364
555166364
555166364
555166364
555166364
555166364
555166364
555166364
555166364
555166364
555166364
555166364
555166364
555166364
555166364
555166364
555166364
555166364
555166364
555166364
555166364
555166364
555166364
555166364
555166364
555166364
555166364
555166364
555166364
555166364
555166364
555166364
555166364
555166364
555166364
555166364
555166364
555166364
555166364
555166364
555166364
555166364
555166364
555166364
555166364
555166364
555166364
555166364
555166364
555166364
619123024
619123024
619123024
619123024
619123024
619123024
619123024
619123024
619123024
619123024
619123024
555166364
555166364
555166364
555166364
555166364
555166364
555166364
555166364
555166364
555166364
555166364
555166364
555166364
555166364
555166364
555166364
555166364
555166364
555166364
555166364
555166364
555166364
555166364
555166364
555166364
555166364
555166364
555166364
555166364
555166364
555166364
555166364
555166364
555166364
555166364
555166364
555166364
555166364
555166364
555166364
555166364
555166364
555166364
555166364
555166364
555166364
555166364
555166364
555166364
555166364
555166364
555166364
555166364
555166364
555166364
555166364
555166364
555166364
555166364
555166364
555166364
555166364
555166364
555166364
555166364
555166364
555166364
555166364
555166364
555166364
555166364
555166364
555166364
555166364
555166364
555166364
555166364
555166364
555166364
555166364
555166364
555166364
555166364
555166364
555166364
555166364
555166364
555166364
555166364
555166364
555166364
555166364
555166364
555166364
555166364
555166364
555166364
555166364
555166364
555166364
555166364
555166364
555166364
555166364
555166364
555166364
555166364
555166364
555166364
555166364
555166364
555166364
555166364
555166364
555166364
555166364
555166364
555166364
555166364
555166364
555166364
555166364
555166364
555166364
555166364
555166364
555166364
555166364
555166364
555166364
555166364
555166364
555166364
555166364
555166364
555166364
555166364
555166364
555166364
555166364
555166364
555166364
555166364
555166364
555166364
555166364
555166364
555166364
555166364
555166364
555166364
555166364
555166364
555166364
555166364
555166364
555166364
555166364
555166364
555166364
555166364
555166364
555166364
555166364
555166364
555166364
555166364
555166364
555166364
555166364
555166364
555166364
555166364
555166364
555166364
555166364
555166364
555166364
555166364
555166364
555166364
555166364
555166364
555166364
555166364
555166364
555166364
555166364
555166364
555166364
555166364
555166364
555166364
555166364
555166364
555166364
555166364
555166364
555166364
555166364
555166364
555166364
555166364
555166364
555166364
555166364
555166364
555166364
555166364
555166364
555166364
555166364
555166364
555166364
555166364
555166364
555166364
555166364
555166364
555166364
555166364
555166364
555166364
555166364
555166364
555166364
555166364
555166364
555166364
555166364
555166364
555166364
555166364
555166364
555166364
555166364
555166364
555166364
555166364
555166364
555166364
555166364
555166364
555166364
555166364
555166364
555166364
555166364
555166364
555166364
555166364
555166364
555166364
555166364
555166364
555166364
555166364
555166364
555166364
555166364
555166364
555166364
555166364
555166364
555166364
555166364
555166364
555166364
555166364
555166364
555166364
555166364
555166364
555166364
555166364
555166364
555166364
555166364
555166364
555166364
555166364
555166364
555166364
555166364
555166364
555166364
555166364
555166364
555166364
555166364
555166364
555166364
555166364
555166364
555166364
555166364
555166364
555166364
555166364
555166364
555166364
555166364
555166364
555166364
555166364
555166364
555166364
555166364
555166364
555166364
555166364
555166364
555166364
555166364
555166364
555166364
555166364
555166364
555166364
555166364
555166364
555166364
555166364
555166364
555166364
555166364
555166364
555166364
555166364
555166364
555166364
555166364
555166364
555166364
555166364
555166364
555166364
555166364
555166364
555166364
555166364
555166364
555166364
555166364
555166364
555166364
555166364
555166364
555166364
555166364
555166364
555166364
555166364
555166364
555166364
555166364
555166364
555166364
555166364
555166364
555166364
555166364
555166364
555166364
555166364
555166364
555166364
555166364
555166364
555166364
555166364
555166364
555166364
555166364
555166364
555166364
555166364
555166364
555166364
555166364
555166364
555166364
555166364
555166364
555166364
555166364
555166364
555166364
555166364
555166364
555166364
555166364
555166364
555166364
555166364
555166364
555166364
555166364
555166364
555166364
555166364
555166364
555166364
555166364
555166364
555166364
555166364
555166364
555166364
555166364
555166364
555166364
555166364
555166364
555166364
555166364
555166364
555166364
555166364
555166364
555166364
555166364
555166364
555166364
555166364
555166364
555166364
555166364
555166364
555166364
555166364
555166364
555166364
555166364
555166364
555166364
555166364
555166364
555166364
555166364
555166364
555166364
555166364
555166364
555166364
555166364
555166364
555166364
555166364
555166364
555166364
555166364
555166364
555166364
555166364
555166364
555166364
555166364
555166364
555166364
555166364
555166364
555166364
555166364
555166364
555166364
555166364
555166364
555166364
555166364
555166364
555166364
555166364
555166364
555166364
555166364
555166364
555166364
555166364
555166364
555166364
555166364
555166364
555166364
555166364
555166364
555166364
555166364
555166364
555166364
555166364
555166364
555166364
555166364
555166364
555166364
555166364
555166364
555166364
555166364
555166364
555166364
555166364
555166364
555166364
555166364
555166364
555166364
555166364
555166364
555166364
555166364
555166364
555166364
555166364
555166364
555166364
555166364
555166364
555166364
555166364
555166364
555166364
555166364
555166364
555166364
555166364
555166364
555166364
555166364
555166364
555166364
555166364
555166364
555166364
555166364
555166364
555166364
555166364
555166364
555166364
555166364
555166364
555166364
555166364
555166364
555166364
555166364
555166364
555166364
555166364
555166364
555166364
555166364
555166364
555166364
555166364
555166364
555166364
555166364
555166364
555166364
555166364
555166364
555166364
555166364
555166364
555166364
555166364
555166364
555166364
555166364
555166364
555166364
555166364
555166364
555166364
555166364
555166364
555166364
555166364
555166364
555166364
555166364
555166364
555166364
555166364
555166364
555166364
555166364
555166364
555166364
555166364
555166364
555166364
555166364
555166364
555166364
555166364
555166364
555166364
555166364
555166364
555166364
555166364
555166364
555166364
555166364
555166364
555166364
555166364
555166364
555166364
555166364
555166364
555166364
555166364
555166364
555166364
555166364
555166364
555166364
555166364
555166364
555166364
555166364
555166364
555166364
555166364
555166364
555166364
555166364
555166364
555166364
555166364