1468853255
754475056
1468853255
1468853255
1151823489
1151823489
1151823489
1151823489
1151823489
1151823489
1151823489
1151823489
1151823489
1151823489
1151823489
1258887901
1258887901
1258887901
1151823489
1151823489
1151823489
1151823489
998234058
1151823489
1151823489
1151823489
1151823489
1151823489
1151823489
1151823489
902027114
902027114
902027114
1151823489
1151823489
1151823489
1151823489
1151823489
952205453
1151823489
1151823489
1151823489
1230100719
1230100719
1302420100
1230100719
708837663
1230100719
1230100719
1151823489
1151823489
1151823489
1151823489
1151823489
1151823489
1151823489
1151823489
1151823489
1151823489
1151823489
1151823489
1151823489
1151823489
1151823489
1151823489
1151823489
1151823489
1151823489
892716846
1151823489
1151823489
1151823489
1151823489
1151823489
1151823489
1151823489
1151823489
1151823489
1151823489
1151823489
1151823489
1151823489
1151823489
1151823489
1151823489
1151823489
1151823489
1151823489
1151823489
1151823489
1151823489
1151823489
1151823489
1151823489
1151823489
1151823489
1151823489
1151823489
1151823489
1151823489
1151823489
1179747653
1151823489
1151823489
1179747653
1179747653
1179747653
1179747653
1179747653
1179747653
1179747653
1179747653
1179747653
1179747653
1179747653
1179747653
1179747653
1179747653
1179747653
1179747653
1179747653
1179747653
1179747653
1179747653
1179747653
1179747653
1179747653
1179747653
1179747653
1179747653
1179747653
1179747653
890566742
890566742
890566742
890566742
890566742
890566742
890566742
890566742
890566742
890566742
890566742
890566742
890566742
890566742
890566742
890566742
890566742
890566742
890566742
890566742
890566742
890566742
890566742
890566742
890566742
890566742
890566742
890566742
890566742
890566742
890566742
890566742
890566742
890566742
890566742
890566742
890566742
890566742
890566742
890566742
890566742
890566742
890566742
1585908156
1585908156
1585908156
1585908156
1585908156
1585908156
1585908156
890566742
890566742
890566742
1464071058
890566742
890566742
890566742
890566742
890566742
890566742
890566742
890566742
890566742
890566742
890566742
890566742
890566742
890566742
890566742
890566742
890566742
890566742
890566742
890566742
1466130893
1466130893
1466130893
1466130893
1466130893
890566742
890566742
890566742
890566742
890566742
890566742
890566742
890566742
890566742
890566742
890566742
890566742
890566742
890566742
890566742
890566742
1011318025
1011318025
1011318025
890566742
890566742
890566742
890566742
890566742
890566742
890566742
890566742
890566742
890566742
890566742
890566742
890566742
890566742
890566742
890566742
890566742
890566742
890566742
890566742
1454552041
890566742
890566742
890566742
890566742
890566742
890566742
890566742
890566742
890566742
890566742
890566742
890566742
890566742
890566742
890566742
890566742
890566742
890566742
890566742
890566742
890566742
890566742
890566742
890566742
890566742
890566742
890566742
890566742
890566742
890566742
890566742
890566742
890566742
890566742
890566742
890566742
890566742
890566742
890566742
890566742
890566742
890566742
890566742
890566742
890566742
890566742
890566742
890566742
890566742
890566742
890566742
890566742
890566742
890566742
890566742
890566742
890566742
890566742
890566742
890566742
890566742
890566742
890566742
890566742
890566742
890566742
890566742
890566742
890566742
890566742
890566742
890566742
890566742
890566742
890566742
890566742
890566742
890566742
890566742
890566742
890566742
890566742
890566742
890566742
890566742
890566742
890566742
890566742
890566742
890566742
890566742
890566742
890566742
890566742
890566742
890566742
890566742
890566742
890566742
890566742
890566742
890566742
890566742
890566742
890566742
890566742
890566742
890566742
890566742
890566742
890566742
890566742
890566742
890566742
890566742
890566742
890566742
890566742
890566742
890566742
890566742
890566742
890566742
890566742
890566742
890566742
890566742
890566742
890566742
890566742
890566742
890566742
890566742
890566742
890566742
890566742
890566742
890566742
890566742
890566742
890566742
890566742
890566742
890566742
890566742
890566742
890566742
890566742
890566742
890566742
890566742
890566742
890566742
890566742
890566742
736208659
890566742
890566742
890566742
890566742
890566742
890566742
890566742
890566742
890566742
890566742
890566742
890566742
890566742
890566742
1179747653
1179747653
1179747653
1179747653
1179747653
1179747653
1179747653
1179747653
1179747653
1179747653
1179747653
1179747653
1179747653
1179747653
1179747653
1179747653
1179747653
1179747653
1179747653
1179747653
1179747653
1179747653
1179747653
1179747653
1179747653
1179747653
1179747653
1179747653
1179747653
1179747653
1179747653
1179747653
1179747653
1179747653
1179747653
1179747653
1179747653
1179747653
1179747653
1179747653
1179747653
1179747653
1179747653
1179747653
1179747653
1179747653
1179747653
1179747653
1179747653
1179747653
1179747653
1179747653
1179747653
1179747653
1179747653
1179747653
1179747653
1179747653
1179747653
1179747653
1179747653
1179747653
1179747653
1179747653
1179747653
1179747653
1179747653
1179747653
1179747653
1179747653
1179747653
1179747653
1179747653
1179747653
1179747653
1179747653
1179747653
1179747653
1179747653
1179747653
1179747653
1179747653
1179747653
1179747653
1179747653
1179747653
1179747653
1179747653
1179747653
1179747653
1179747653
1179747653
1179747653
1179747653
1179747653
1179747653
1179747653
1179747653
1179747653
1179747653
1179747653
1179747653
1179747653
1179747653
1179747653
1179747653
1179747653
1179747653
1179747653
1179747653
1179747653
1179747653
1179747653
1179747653
1179747653
1179747653
1179747653
1179747653
1151823489
1151823489
1151823489
1151823489
1151823489
1151823489
1151823489
1151823489
1151823489
1151823489
1151823489
1151823489
1151823489
1561070188
1561070188
1561070188
1151823489
1151823489
1151823489
1151823489
1275518773
1151823489
1151823489
1151823489
1451076254
1151823489
1151823489
1151823489
1151823489
1151823489
1151823489
1151823489
1151823489
1151823489
1283229573
1151823489
1151823489
1151823489
1151823489
1151823489
1151823489
1151823489
1151823489
1151823489
1468853255
1468853255
886750713
886750713
886750713
886750713
886750713
886750713
610634209
886750713
886750713
886750713
886750713
886750713
1585908156
1585908156
1585908156
1585908156
1585908156
1585908156
1585908156
1585908156
1585908156
1585908156
1585908156
1585908156
1585908156
1585908156
1585908156
1585908156
1585908156
1585908156
1585908156
1585908156
1585908156
1585908156
1585908156
1585908156
1585908156
1585908156
1585908156
1585908156
1585908156
886750713
886750713
886750713
886750713
807533850
886750713
886750713
886750713
886750713
886750713
886750713
886750713
886750713
886750713
886750713
886750713
1468853255
1072424932
1468853255
1283229573
1283229573
1283229573
1283229573
1283229573
1283229573
1283229573
1283229573
1283229573
1283229573
1283229573
1283229573
1283229573
1283229573
1283229573
1468853255
1046722590
1258887901
627946379
1258887901
1258887901
1258887901
1258887901
1258887901
1258887901
1258887901
1258887901
1361488378
1361488378
1361488378
1361488378
1361488378
1361488378
1361488378
1361488378
1361488378
1361488378
1361488378
1258887901
1258887901
1258887901
1258887901
1258887901
1002977427
1258887901
1258887901
1258887901
1258887901
736208659
736208659
736208659
736208659
736208659
736208659
736208659
736208659
736208659
736208659
736208659
736208659
736208659
736208659
736208659
736208659
736208659
736208659
736208659
736208659
736208659
736208659
736208659
736208659
736208659
736208659
736208659
736208659
736208659
736208659
736208659
736208659
736208659
736208659
736208659
736208659
736208659
736208659
736208659
736208659
736208659
736208659
736208659
736208659
736208659
736208659
736208659
736208659
736208659
736208659
736208659
736208659
736208659
736208659
736208659
736208659
736208659
736208659
736208659
736208659
736208659
736208659
736208659
736208659
736208659
736208659
736208659
736208659
736208659
736208659
736208659
736208659
736208659
736208659
736208659
736208659
736208659
736208659
736208659
736208659
736208659
736208659
736208659
736208659
736208659
736208659
736208659
736208659
736208659
736208659
736208659
736208659
736208659
736208659
736208659
736208659
736208659
736208659
736208659
736208659
736208659
736208659
736208659
736208659
736208659
736208659
736208659
736208659
736208659
736208659
736208659
736208659
736208659
736208659
736208659
736208659
736208659
736208659
736208659
736208659
736208659
736208659
736208659
736208659
736208659
736208659
736208659
736208659
736208659
736208659
736208659
736208659
736208659
736208659
736208659
736208659
736208659
736208659
736208659
736208659
736208659
736208659
736208659
736208659
736208659
736208659
736208659
736208659
736208659
736208659
736208659
736208659
736208659
736208659
736208659
736208659
736208659
736208659
736208659
736208659
736208659
736208659
736208659
736208659
736208659
736208659
736208659
736208659
736208659
736208659
736208659
736208659
736208659
736208659
736208659
736208659
736208659
736208659
736208659
736208659
736208659
736208659
736208659
736208659
736208659
736208659
736208659
736208659
736208659
736208659
736208659
736208659
736208659
736208659
736208659
736208659
736208659
736208659
736208659
1258887901
1258887901
1258887901
1258887901
1258887901
1258887901
1258887901
1258887901
1258887901
1258887901
1199528247
1199528247
1199528247
1258887901
1258887901
1258887901
1258887901
1258887901
1258887901
1258887901
1258887901
1466130893
1258887901
1258887901
1258887901
1258887901
1258887901
1258887901
1258887901
1258887901
1258887901
1258887901
1258887901
1258887901
1258887901
1258887901
1258887901
1258887901
1258887901
1258887901
1518816503
1258887901
1258887901
1258887901
1258887901
1258887901
1258887901
1258887901
1258887901
1258887901
1258887901
1258887901
1258887901
1258887901
1258887901
1258887901
1258887901
1046722590
1468853255
1599849448
1599849448
1599849448
1599849448
1599849448
1599849448
1599849448
1599849448
1599849448
1599849448
1599849448
1599849448
1599849448
1468853255
779458528
1369094796
779458528
708837663
1456226942
1456226942
1456226942
708837663
708837663
708837663
708837663
708837663
779458528
1468853255
1083123425
1468853255
670752686
670752686
854182514
929325050
1586754133
1586754133
1586754133
1586754133
1586754133
1586754133
1586754133
1586754133
1586754133
1586754133
1586754133
929325050
854182514
854182514
854182514
670752686
1223404521
1223404521
1223404521
1223404521
1223404521
670752686
1237111585
1237111585
1237111585
1237111585
1237111585
670752686
670752686
1468853255
664937797
1468853255
1560458050
1468853255
1357709309
1468853255
695519656
1468853255
877048856
1468853255
685036213
907791377
907791377
907791377
907791377
907791377
907791377
907791377
685036213
685036213
685036213
1468853255
1135716465
1303009860
976168112
976168112
976168112
976168112
976168112
976168112
976168112
976168112
976168112
1303009860
1303009860
976660917
976660917
976660917
976660917
976660917
976660917
976660917
976660917
976660917
976660917
976660917
1303009860
1303009860
1303009860
1303009860
1303009860
1303009860
1303009860
1303009860
840585276
907718449
840585276
1303009860
1020796559
739436910
1020796559
1391958293
1020796559
1303009860
1307964082
1307964082
1307964082
1307964082
1307964082
1303009860
1303009860
1303009860
1303009860
1303009860
1303009860
1303009860
1303009860
1303009860
1456226942
1303009860
1135716465
1468853255
1116043074
1468853255
838499079
1572543796
838499079
1468853255
735012450
1468853255
1099430082
1468853255
1282489452
1468853255
1184445153
1468853255
1119545798
1468853255
1526573739
1468853255
1398381470
1398381470
1398381470
1468853255
977828150
1468853255
1380288627
1468853255
1203993236
1206570224
1206570224
1206570224
1203993236
1468853255
913164815
1468853255
1021461598
890566742
1021461598
780045969
780045969
780045969
780045969
870225560
780045969
879269852
879269852
879269852
879269852
879269852
780045969
780045969
780045969
780045969
1021461598
1379682192
1379682192
1379682192
928804795
1379682192
1021461598
1468853255
1477162265
870581692
870581692
870581692
1453751767
1453751767
1453751767
1453751767
1453751767
1453751767
902934730
1453751767
1453751767
1453751767
1453751767
1453751767
1453751767
870581692
870581692
870581692
870581692
870581692
870581692
870581692
870581692
1597873695
1597873695
1597873695
754475056
1597873695
870581692
870581692
976660917
976660917
976660917
976660917
976660917
976660917
976660917
976660917
976660917
976660917
976660917
976660917
976660917
976660917
976660917
976660917
976660917
976660917
976660917
976660917
976660917
976660917
976660917
976660917
976660917
976660917
976660917
976660917
976660917
870581692
1477162265
1468853255
627648744
627648744
627648744
627648744
627648744
1060818353
1060818353
1214006235
1214006235
1214006235
1060818353
1060818353
1060818353
865425263
865425263
865425263
865425263
865425263
865425263
865425263
865425263
865425263
865425263
865425263
865425263
865425263
865425263
865425263
1060818353
1060818353
627648744
627648744
676057266
627648744
627648744
627648744
1438162174
627648744
627648744
627648744
1144275856
627648744
627648744
1466130893
1466130893
1466130893
627648744
627648744
1055891223
1055891223
1055891223
627648744
1039258041
1039258041
1039258041
627648744
627648744
627648744
1202465662
1202465662
1202465662
1202465662
1202465662
1202465662
1202465662
1202465662
1202465662
1202465662
1202465662
1202465662
1202465662
1202465662
1202465662
1202465662
1202465662
1202465662
1202465662
1202465662
1202465662
1202465662
1202465662
1202465662
1202465662
1202465662
1202465662
1202465662
1202465662
1202465662
1202465662
1202465662
1202465662
627648744
627648744
627648744
627648744
627648744
1400418394
1346360664
1346360664
1346360664
1346360664
1346360664
1346360664
1346360664
1346360664
1346360664
1553410717
1553410717
1553410717
1553410717
1553410717
1553410717
1553410717
1553410717
1553410717
1553410717
1553410717
1553410717
1553410717
1553410717
1553410717
1553410717
1553410717
1553410717
1553410717
1553410717
1553410717
1553410717
1553410717
1553410717
1553410717
1553410717
1553410717
1553410717
1553410717
1553410717
1553410717
1553410717
1553410717
1553410717
1553410717
1553410717
1553410717
1553410717
1553410717
1553410717
1553410717
1553410717
1553410717
1553410717
1553410717
1553410717
1553410717
1553410717
1553410717
1553410717
1553410717
1553410717
1553410717
1553410717
1553410717
1553410717
1553410717
1553410717
1553410717
1553410717
1553410717
1553410717
1553410717
1553410717
1553410717
1553410717
1553410717
1553410717
1553410717
1553410717
1553410717
1553410717
1553410717
1553410717
1553410717
1553410717
1553410717
1553410717
1553410717
1553410717
1553410717
1553410717
1553410717
1553410717
1553410717
1553410717
1553410717
1553410717
1553410717
1553410717
1553410717
1553410717
1553410717
1553410717
1553410717
1553410717
1553410717
1553410717
1553410717
1553410717
1553410717
1553410717
1553410717
1553410717
1553410717
1553410717
1553410717
1553410717
1553410717
1553410717
1553410717
1553410717
1553410717
1553410717
1553410717
1553410717
1553410717
1553410717
1553410717
1553410717
1553410717
1553410717
1553410717
1553410717
1553410717
1553410717
1553410717
1553410717
1553410717
1553410717
1553410717
1553410717
1553410717
1553410717
1553410717
1553410717
1553410717
1553410717
1553410717
1553410717
1553410717
1553410717
1553410717
1553410717
1553410717
1553410717
1553410717
1553410717
1553410717
1553410717
1553410717
1553410717
1553410717
1553410717
1553410717
1553410717
1553410717
1553410717
1553410717
1553410717
1553410717
1553410717
1553410717
1553410717
1553410717
1553410717
1553410717
1553410717
1553410717
1553410717
1553410717
1553410717
1553410717
1553410717
1553410717
1553410717
1553410717
1553410717
1553410717
1553410717
1553410717
1553410717
1553410717
1553410717
1553410717
1553410717
1553410717
1553410717
1553410717
1553410717
1553410717
1553410717
1553410717
1553410717
1553410717
1553410717
1553410717
1553410717
1553410717
1553410717
1553410717
1553410717
1553410717
1553410717
1553410717
1553410717
1553410717
1553410717
1553410717
1553410717
1553410717
1553410717
1553410717
1553410717
1553410717
1553410717
1553410717
1553410717
1553410717
1553410717
1553410717
1553410717
1553410717
1553410717
1553410717
1553410717
1553410717
1553410717
1553410717
1553410717
1553410717
1553410717
1553410717
1553410717
1553410717
1553410717
1553410717
1553410717
1553410717
1553410717
1553410717
1553410717
1553410717
1553410717
1553410717
1553410717
1553410717
1553410717
1553410717
1553410717
1553410717
1553410717
1553410717
1553410717
1553410717
1553410717
1553410717
1553410717
1553410717
1553410717
1553410717
1553410717
1553410717
1553410717
1553410717
1553410717
1553410717
1553410717
1553410717
1553410717
1553410717
1553410717
1553410717
1553410717
1553410717
1553410717
1553410717
1553410717
1553410717
1553410717
1553410717
1553410717
1553410717
1553410717
1553410717
1553410717
1553410717
1553410717
1553410717
1553410717
1553410717
1553410717
1553410717
1553410717
1553410717
1553410717
1553410717
1553410717
1553410717
1553410717
1553410717
1553410717
1553410717
1553410717
1553410717
1553410717
1553410717
1553410717
1553410717
1553410717
1553410717
1553410717
1553410717
1553410717
1553410717
1553410717
1553410717
1553410717
1553410717
1553410717
1553410717
1553410717
1553410717
1553410717
1553410717
1553410717
1553410717
1553410717
1553410717
1553410717
1553410717
1553410717
1553410717
1553410717
1553410717
1553410717
1553410717
1553410717
1553410717
1553410717
1553410717
1553410717
1553410717
1553410717
1553410717
1553410717
1553410717
1553410717
1553410717
1553410717
1553410717
1553410717
1553410717
1553410717
1553410717
1553410717
1553410717
1553410717
1553410717
1553410717
1553410717
1553410717
1553410717
1553410717
1553410717
1553410717
1553410717
1553410717
1553410717
1553410717
1553410717
1553410717
1553410717
1553410717
1553410717
1553410717
1553410717
1553410717
1553410717
1553410717
1553410717
1553410717
1553410717
1553410717
1553410717
1553410717
1553410717
1553410717
1553410717
1553410717
1553410717
1553410717
1553410717
1553410717
1553410717
1553410717
1553410717
1553410717
1553410717
1553410717
1553410717
1553410717
1553410717
1553410717
1553410717
1553410717
1553410717
1553410717
1553410717
1553410717
1553410717
1553410717
1553410717
1553410717
1553410717
1553410717
1553410717
1553410717
1553410717
1553410717
1553410717
1553410717
1553410717
1553410717
1553410717
1553410717
1553410717
1553410717
1553410717
1553410717
1553410717
1553410717
1553410717
1553410717
1553410717
1553410717
1553410717
1553410717
1553410717
1553410717
1553410717
1553410717
1553410717
1553410717
1553410717
1553410717
1553410717
1553410717
1553410717
1553410717
1553410717
1553410717
1553410717
1553410717
1553410717
1553410717
1553410717
1553410717
1553410717
1553410717
1553410717
1553410717
1553410717
1553410717
1553410717
1553410717
1553410717
1553410717
1553410717
1553410717
1553410717
1553410717
1553410717
1553410717
1553410717
1553410717
1553410717
1553410717
1553410717
1553410717
1553410717
1553410717
1553410717
1553410717
1553410717
1553410717
1553410717
1553410717
1553410717
1553410717
1553410717
1553410717
1553410717
1553410717
1553410717
1553410717
1553410717
1553410717
1553410717
1553410717
1553410717
1553410717
1553410717
1553410717
1553410717
1553410717
1553410717
1553410717
1553410717
1553410717
1553410717
1553410717
1553410717
1553410717
1553410717
1553410717
1553410717
1553410717
1553410717
1553410717
1553410717
1553410717
1553410717
1553410717
1553410717
1553410717
1553410717
1553410717
1553410717
1553410717
1553410717
1553410717
1553410717
1553410717
1553410717
1553410717
1553410717
1553410717
1553410717
1553410717
1553410717
1553410717
1553410717
1553410717
1553410717
1553410717
1553410717
1553410717
1553410717
1553410717
1553410717
1553410717
1553410717
1553410717
1553410717
1553410717
1553410717
1553410717
1553410717
1553410717
1553410717
1553410717
1553410717
1553410717
1553410717
1553410717
1553410717
1553410717
1553410717
1553410717
1553410717
1553410717
1553410717
1553410717
1553410717
1553410717
1553410717
1553410717
1553410717
1553410717
1553410717
1553410717
1553410717
1553410717
1553410717
1553410717
1553410717
1553410717
1553410717
1553410717
1553410717
1553410717
1553410717
1553410717
1553410717
1553410717
1553410717
1553410717
1553410717
1553410717
1553410717
1553410717
1553410717
1553410717
1553410717
1553410717
1553410717
1553410717
1553410717
1553410717
1553410717
1553410717
1553410717
1553410717
1553410717
1553410717
1553410717
1553410717
1553410717
1553410717
1553410717
1553410717
1553410717
1553410717
1553410717
1553410717
1553410717
1553410717
1553410717
1553410717
1553410717
1553410717
1553410717
1553410717
1553410717
1553410717
1553410717
1553410717
1553410717
1553410717
1553410717
1553410717
1553410717
1553410717
1553410717
1553410717
1553410717
1553410717
1553410717
1553410717
1553410717
1553410717
1553410717
1553410717
1553410717
1553410717
1553410717
1553410717
1553410717
1553410717
1553410717
1553410717
1553410717
1553410717
1553410717
1553410717
1553410717
1553410717
1553410717
1553410717
1553410717
1553410717
1553410717
1553410717
1553410717
1553410717
1553410717
1553410717
1553410717
1553410717
1553410717
1553410717
1553410717
1553410717
1553410717
1553410717
1553410717
1553410717
1553410717
1553410717
1553410717
1553410717
1553410717
1553410717
1553410717
1553410717
1553410717
1553410717
1553410717
1553410717
1553410717
1553410717
1553410717
1553410717
1553410717
1553410717
1553410717
1553410717
1553410717
1553410717
1553410717
1553410717
1553410717
1553410717
1553410717
1553410717
1553410717
1553410717
1553410717
1553410717
1553410717
1553410717
1553410717
1553410717
1553410717
1553410717
1553410717
1553410717
1553410717
1553410717
1553410717
1553410717
1553410717
1553410717
1553410717
1553410717
1553410717
1553410717
1553410717
1553410717
1553410717
1553410717
1553410717
1553410717
1553410717
1553410717
1553410717
1553410717
1553410717
1553410717
1553410717
1553410717
1553410717
1553410717
1553410717
1553410717
1553410717
1553410717
1553410717
1553410717
1553410717
1553410717
1553410717
1553410717
1553410717
1553410717
1553410717
1553410717
1553410717
1553410717
1553410717
1553410717
1553410717
1553410717
1553410717
1553410717
1553410717
1553410717
1553410717
1553410717
1553410717
1553410717
1553410717
1553410717
1553410717
1553410717
1553410717
1553410717
1553410717
1553410717
1553410717
1553410717
1553410717
1553410717
1553410717
1553410717
1553410717
1553410717
1553410717
1553410717
1553410717
1553410717
1553410717
1553410717
1553410717
1553410717
1553410717
1553410717
1553410717
1553410717
1553410717
1553410717
1553410717
1553410717
1553410717
1553410717
1553410717
1553410717
1553410717
1553410717
1553410717
1553410717
1553410717
1553410717
1553410717
1553410717
1553410717
1553410717
1553410717
1553410717
1553410717
1553410717
1553410717
1553410717
1553410717
1553410717
1553410717
1553410717
1553410717
1553410717
1553410717
1553410717
1553410717
1553410717
1553410717
1553410717
1553410717
1553410717
1553410717
1553410717
1553410717
1553410717
1553410717
1553410717
1553410717
1553410717
1553410717
1553410717
1553410717
1553410717
1553410717
1553410717
1553410717
1553410717
1553410717
1553410717
1553410717
1553410717
1553410717
1553410717
1553410717
1553410717
1553410717
1553410717
1553410717
1553410717
1553410717
1553410717
1553410717
1553410717
1553410717
1553410717
1553410717
1553410717
1553410717
1553410717
1553410717
1553410717
1553410717
1553410717
1553410717
1553410717
1553410717
1553410717
1553410717
1553410717
1553410717
1553410717
1553410717
1553410717
1553410717
1553410717
1553410717
1553410717
1553410717
1553410717
1553410717
1553410717
1553410717
1553410717
1553410717
1553410717
1553410717
1553410717
1553410717
1553410717
1553410717
1553410717
1553410717
1553410717
1553410717
1553410717
1553410717
1553410717
1553410717
1553410717
1553410717
1553410717
1553410717
1553410717
1553410717
1553410717
1553410717
1553410717
1553410717
1553410717
1553410717
1553410717
1553410717
1553410717
1553410717
1553410717
1553410717
1553410717
1553410717
1553410717
1553410717
1553410717
1553410717
1553410717
1553410717
1553410717
1553410717
1553410717
1553410717
1553410717
1553410717
1553410717
1553410717
1553410717
1553410717
1553410717
1553410717
1553410717
1553410717
1553410717
1553410717
1553410717
1553410717
1553410717
1553410717
1553410717
1553410717
1553410717
1553410717
1553410717
1553410717
1553410717
1553410717
1553410717
1553410717
1553410717
1553410717
1553410717
1553410717
1553410717
1553410717
1553410717
1553410717
1553410717
1553410717
1553410717
1553410717
1553410717
1553410717
1553410717
1553410717
1553410717
1553410717
1553410717
1553410717
1553410717
1553410717
1553410717
1553410717
1553410717
1553410717
1553410717
1553410717
1553410717
1553410717
1553410717
1553410717
1553410717
1553410717
1553410717
1553410717
1553410717
1553410717
1553410717
1553410717
1553410717
1553410717
1553410717
1553410717
1553410717
1553410717
1553410717
1553410717
1553410717
1553410717
1553410717
1553410717
1553410717
1553410717
1553410717
1553410717
1553410717
1553410717
1553410717
1553410717
1553410717
1553410717
1553410717
1553410717
1553410717
1553410717
1553410717
1553410717
1553410717
1553410717
1553410717
1553410717
1553410717
1553410717
1553410717
1553410717
1553410717
1553410717
1553410717
1553410717
1553410717
1553410717
1553410717
1553410717
1553410717
1553410717
1553410717
1553410717
1553410717
1553410717
1553410717
1553410717
1553410717
1553410717
1553410717
1553410717
1553410717
1553410717
1553410717
1553410717
1553410717
1553410717
1553410717
1553410717
1553410717
1553410717
1553410717
1553410717
1553410717
1553410717
1553410717
1553410717
1553410717
1553410717
1553410717
1553410717
1553410717
1553410717
1553410717
1553410717
1553410717
1553410717
1553410717
1553410717
1553410717
1553410717
1553410717
1553410717
1553410717
1553410717
1553410717
1553410717
1553410717
1553410717
1553410717
1553410717
1553410717
1553410717
1553410717
1553410717
1553410717
1553410717
1553410717
1553410717
1553410717
1553410717
1553410717
1553410717
1553410717
1553410717
1553410717
1553410717
1553410717
1553410717
1553410717
1553410717
1553410717
1553410717
1553410717
1553410717
1553410717
1553410717
1553410717
1553410717
1553410717
1553410717
1553410717
1553410717
1553410717
1553410717
1553410717
1553410717
1553410717
1553410717
1553410717
1553410717
1553410717
1553410717
1553410717
1553410717
1553410717
1553410717
1553410717
1553410717
1553410717
1553410717
1553410717
1553410717
1553410717
1553410717
1553410717
1553410717
1553410717
1553410717
1553410717
1553410717
1553410717
1553410717
1553410717
1553410717
1553410717
1553410717
1553410717
1553410717
1553410717
1553410717
1553410717
1553410717
1553410717
1553410717
1553410717
1553410717
1553410717
1553410717
1553410717
1553410717
1553410717
1553410717
1553410717
1553410717
1553410717
1553410717
1553410717
1553410717
1553410717
1553410717
1553410717
1553410717
1553410717
1553410717
1553410717
1553410717
1553410717
1553410717
1553410717
1553410717
1553410717
1553410717
1553410717
1553410717
1553410717
1553410717
1553410717
1553410717
1553410717
1553410717
1553410717
1553410717
1553410717
1553410717
1553410717
1553410717
1553410717
1553410717
1553410717
1553410717
1553410717
1553410717
1553410717
1553410717
1553410717
1553410717
1553410717
1553410717
1553410717
1553410717
1553410717
1553410717
1553410717
1553410717
1553410717
1553410717
1553410717
1553410717
1553410717
1553410717
1553410717
1553410717
1553410717
1553410717
1553410717
1553410717
1553410717
1553410717
1553410717
1553410717
1553410717
1553410717
1553410717
1553410717
1553410717
1553410717
1553410717
1553410717
1553410717
1553410717
1553410717
1553410717
1553410717
1553410717
1553410717
1553410717
1553410717
1553410717
1553410717
1553410717
1553410717
1553410717
1553410717
1553410717
1553410717
1553410717
1553410717
1553410717
1553410717
1553410717
1553410717
1553410717
1553410717
1553410717
1553410717
1553410717
1553410717
1553410717
1553410717
1553410717
1553410717
1553410717
1553410717
1553410717
1553410717
1553410717
1553410717
1553410717
1553410717
1553410717
1553410717
1553410717
1553410717
1553410717
1553410717
1553410717
1553410717
1553410717
1553410717
1553410717
1553410717
1553410717
1553410717
1553410717
1553410717
1553410717
1553410717
1553410717
1553410717
1553410717
1553410717
1553410717
1553410717
1553410717
1553410717
1553410717
1553410717
1553410717
1553410717
1553410717
1553410717
1553410717
1553410717
1553410717
1553410717
1553410717
1553410717
1553410717
1553410717
1553410717
1553410717
1553410717
1553410717
1553410717
1553410717
1553410717
1553410717
1553410717
1553410717
1553410717
1553410717
1553410717
1553410717
1553410717
1553410717
1553410717
1553410717
1553410717
1553410717
1553410717
1553410717
1553410717
1553410717
1553410717
1553410717
1553410717
1553410717
1553410717
1553410717
1553410717
1553410717
1553410717
1553410717
1553410717
1553410717
1553410717
1553410717
1553410717
1553410717
1553410717
1553410717
1553410717
1553410717
1553410717
1553410717
1553410717
1553410717
1553410717
1553410717
1553410717
1553410717
1553410717
1553410717
1553410717
1553410717
1553410717
1553410717
1553410717
1553410717
1553410717
1553410717
1553410717
1553410717
1553410717
1553410717
1553410717
1553410717
1553410717
1553410717
1553410717
1553410717
1553410717
1553410717
1553410717
1553410717
1553410717
1553410717
1553410717
1553410717
1553410717
1553410717
1553410717
1553410717
1553410717
1553410717
1553410717
1553410717
1553410717
1553410717
1553410717
1553410717
1553410717
1553410717
1553410717
1553410717
1553410717
1553410717
1553410717
1553410717
1553410717
1553410717
1553410717
1553410717
1553410717
1553410717
1553410717
1553410717
1553410717
1553410717
1553410717
1553410717
1553410717
1553410717
1553410717
1553410717
1553410717
1553410717
1553410717
1553410717
1553410717
1553410717
1553410717
1553410717
1553410717
1553410717
1553410717
1553410717
1553410717
1553410717
1553410717
1553410717
1553410717
1553410717
1553410717
1553410717
1553410717
1553410717
1553410717
1553410717
1553410717
1553410717
1553410717
1553410717
1553410717
1553410717
1553410717
1553410717
1553410717
1553410717
1553410717
1553410717
1553410717
1553410717
1553410717
1553410717
1553410717
1553410717
1553410717
1553410717
1553410717
1553410717
1553410717
1553410717
1553410717
1553410717
1553410717
1553410717
1553410717
1553410717
1553410717
1553410717
1553410717
1553410717
1553410717
1553410717
1553410717
1553410717
1553410717
1553410717
1553410717
1553410717
1553410717
1553410717
1553410717
1553410717
1553410717
1553410717
1553410717
1553410717
1553410717
1553410717
1553410717
1553410717
1553410717
1553410717
1553410717
1553410717
1553410717
1553410717
1553410717
1553410717
1553410717
1553410717
1553410717
1553410717
1553410717
1553410717
1553410717
1553410717
1553410717
1553410717
1553410717
1553410717
1553410717
1553410717
1553410717
1553410717
1553410717
1553410717
1553410717
1553410717
1553410717
1553410717
1553410717
1553410717
1553410717
1553410717
1553410717
1553410717
1553410717
1553410717
1553410717
1553410717
1553410717
1553410717
1553410717
1553410717
1553410717
1553410717
1553410717
1553410717
1553410717
1553410717
1553410717
1553410717
1553410717
1553410717
1553410717
1553410717
1553410717
1553410717
1553410717
1553410717
1553410717
1553410717
1553410717
1553410717
1553410717
1553410717
1553410717
1553410717
1553410717
1553410717
1553410717
1553410717
1553410717
1553410717
1553410717
1553410717
1553410717
1553410717
1553410717
1553410717
1553410717
1553410717
1553410717
1553410717
1553410717
1553410717
1553410717
1553410717
1553410717
1553410717
1553410717
1553410717
1553410717
1553410717
1553410717
1553410717
1553410717
1553410717
1553410717
1553410717
1553410717
1553410717
1553410717
1553410717
1553410717
1553410717
1553410717
1553410717
1553410717
1553410717
1553410717
1553410717
1553410717
1553410717
1553410717
1553410717
1553410717
1553410717
1553410717
1553410717
1553410717
1553410717
1553410717
1553410717
1553410717
1553410717
1553410717
1553410717
1553410717
1553410717
1553410717
1553410717
1553410717
1553410717
1553410717
1553410717
1553410717
1553410717
1553410717
1553410717
1553410717
1553410717
1553410717
1553410717
1553410717
1553410717
1553410717
1553410717
1553410717
1553410717
1553410717
1553410717
1553410717
1553410717
1553410717
1553410717
1553410717
1553410717
1553410717
1553410717
1553410717
1553410717
1553410717
1553410717
1553410717
1553410717
1553410717
1553410717
1553410717
1553410717
1553410717
1553410717
1553410717
1553410717
1553410717
1553410717
1553410717
1553410717
1553410717
1553410717
1553410717
1553410717
1553410717
1553410717
1553410717
1553410717
1553410717
1553410717
1553410717
1553410717
1553410717
1553410717
1553410717
1553410717
1553410717
1553410717
1553410717
1553410717
1553410717
1553410717
1553410717
1553410717
1553410717
1553410717
1553410717
1553410717
1553410717
1553410717
1553410717
1553410717
1553410717
1553410717
1553410717
1553410717
1553410717
1553410717
1553410717
1553410717
1553410717
1553410717
1553410717
1553410717
1553410717
1553410717
1553410717
1553410717
1553410717
1553410717
1553410717
1553410717
1553410717
1553410717
1553410717
1553410717
1553410717
1553410717
1553410717
1553410717
1553410717
1553410717
1553410717
1553410717
1553410717
1553410717
1553410717
1553410717
1553410717
1553410717
1553410717
1553410717
1553410717
1553410717
1553410717
1553410717
1553410717
1553410717
1553410717
1553410717
1553410717
1553410717
1553410717
1553410717
1553410717
1553410717
1553410717
1553410717
1553410717
1553410717
1553410717
1553410717
1553410717
1553410717
1553410717
1553410717
1553410717
1553410717
1553410717
1553410717
1553410717
1553410717
1553410717
1553410717
1553410717
1553410717
1553410717
1553410717
1553410717
1553410717
1553410717
1553410717
1553410717
1553410717
1553410717
1553410717
1553410717
1553410717
1553410717
1553410717
1553410717
1553410717
1553410717
1553410717
1553410717
1553410717
1553410717
1553410717
1553410717
1553410717
1553410717
1553410717
1553410717
1553410717
1553410717
1553410717
1553410717
1553410717
1553410717
1553410717
1553410717
1553410717
1553410717
1553410717
1553410717
1553410717
1553410717
1553410717
1553410717
1553410717
1553410717
1553410717
1553410717
1553410717
1553410717
1553410717
1553410717
1553410717
1553410717
1553410717
1553410717
1553410717
1553410717
1553410717
1553410717
1553410717
1553410717
1553410717
1553410717
1553410717
1553410717
1553410717
1553410717
1553410717
1553410717
1553410717
1553410717
1553410717
1553410717
1553410717
1553410717
1553410717
1553410717
1553410717
1553410717
1553410717
1553410717
1553410717
1553410717
1553410717
1553410717
1553410717
1553410717
1553410717
1553410717
1553410717
1553410717
1553410717
1553410717
1553410717
1553410717
1553410717
1553410717
1553410717
1553410717
1553410717
1553410717
1553410717
1553410717
1553410717
1553410717
1553410717
1553410717
1553410717
1553410717
1553410717
1553410717
1553410717
1553410717
1553410717
1553410717
1553410717
1553410717
1553410717
1553410717
1553410717
1553410717
1553410717
1553410717
1553410717
1553410717
1553410717
1553410717
1553410717
1553410717
1553410717
1553410717
1553410717
1553410717
1553410717
1553410717
1553410717
1553410717
1553410717
1553410717
1553410717
1553410717
1553410717
1553410717
1553410717
1553410717
1553410717
1553410717
1553410717
1553410717
1553410717
1553410717
1553410717
1553410717
1553410717
1553410717
1553410717
1553410717
1553410717
1553410717
1553410717
1553410717
1553410717
1553410717
1553410717
1553410717
1553410717
1553410717
1553410717
1553410717
1553410717
1553410717
1553410717
1553410717
1553410717
1553410717
1553410717
1553410717
1553410717
1553410717
1553410717
1553410717
1553410717
1553410717
1553410717
1553410717
1553410717
1553410717
1553410717
1553410717
1553410717
1553410717
1553410717
1553410717
1553410717
1553410717
1553410717
1553410717
1553410717
1553410717
1553410717
1553410717
1553410717
1553410717
1553410717
1553410717
1553410717
1553410717
1553410717
1553410717
1553410717
1553410717
1553410717
1553410717
1553410717
1553410717
1553410717
1553410717
1553410717
1553410717
1553410717
1553410717
1553410717
1553410717
1553410717
1553410717
1553410717
1553410717
1553410717
1553410717
1553410717
1553410717
1553410717
1553410717
1553410717
1553410717
1553410717
1553410717
1553410717
1553410717
1553410717
1553410717
1553410717
1553410717
1553410717
1553410717
1553410717
1553410717
1553410717
1553410717
1553410717
1553410717
1553410717
1553410717
1553410717
1553410717
1553410717
1553410717
1553410717
1553410717
1553410717
1553410717
1553410717
1553410717
1553410717
1553410717
1553410717
1553410717
1553410717
1553410717
1553410717
1553410717
1553410717
1553410717
1553410717
1553410717
1553410717
1553410717
1553410717
1553410717
1553410717
1553410717
1553410717
1553410717
1553410717
1553410717
1553410717
1553410717
1553410717
1553410717
1553410717
1553410717
1553410717
1553410717
1553410717
1553410717
1553410717
1553410717
1553410717
1553410717
1553410717
1553410717
1553410717
1553410717
1553410717
1553410717
1553410717
1553410717
1553410717
1553410717
1553410717
1553410717
1553410717
1553410717
1553410717
1553410717
1553410717
1553410717
1553410717
1553410717
1553410717
1553410717
1553410717
1553410717
1553410717
1553410717
1553410717
1553410717
1553410717
1553410717
1553410717
1553410717
1553410717
1553410717
1553410717
1553410717
1553410717
1553410717
1553410717
1553410717
1553410717
1553410717
1553410717
1553410717
1553410717
1553410717
1553410717
1553410717
1553410717
1553410717
1553410717
1553410717
1553410717
1553410717
1553410717
1553410717
1553410717
1553410717
1553410717
1553410717
1553410717
1553410717
1553410717
1553410717
1553410717
1553410717
1553410717
1553410717
1553410717
1553410717
1553410717
1553410717
1553410717
1553410717
1553410717
1553410717
1553410717
1553410717
1553410717
1553410717
1553410717
1553410717
1553410717
1553410717
1553410717
1553410717
1553410717
1553410717
1553410717
1553410717
1553410717
1553410717
1553410717
1553410717
1553410717
1553410717
1553410717
1553410717
1553410717
1553410717
1553410717
1553410717
1553410717
1553410717
1553410717
1553410717
1553410717
1553410717
1553410717
1553410717
1553410717
1553410717
1553410717
1553410717
1553410717
1553410717
1553410717
1553410717
1553410717
1553410717
1553410717
1553410717
1553410717
1553410717
1553410717
1553410717
1553410717
1553410717
1553410717
1553410717
1553410717
1553410717
1553410717
1553410717
1553410717
1553410717
1553410717
1553410717
1553410717
1553410717
1553410717
1553410717
1553410717
1553410717
1553410717
1553410717
1553410717
1553410717
1553410717
1553410717
1553410717
1553410717
1553410717
1553410717
1553410717
1553410717
1553410717
1553410717
1553410717
1553410717
1553410717
1553410717
1553410717
1553410717
1553410717
1553410717
1553410717
1553410717
1553410717
1553410717
1553410717
1553410717
1553410717
1553410717
1553410717
1553410717
1553410717
1553410717
1553410717
1553410717
1553410717
1553410717
1553410717
1553410717
1553410717
1553410717
1553410717
1553410717
1553410717
1553410717
1553410717
1553410717
1553410717
1553410717
1553410717
1553410717
1553410717
1553410717
736208659
1553410717
1553410717
1553410717
1553410717
1553410717
1553410717
1553410717
1553410717
1553410717
1553410717
1553410717
1553410717
1553410717
1553410717
1553410717
1553410717
1553410717
1553410717
1553410717
1553410717
1553410717
1553410717
1553410717
1553410717
1553410717
1553410717
1553410717
1553410717
1553410717
1553410717
1553410717
1553410717
1553410717
1553410717
1553410717
1553410717
1553410717
1553410717
1553410717
1553410717
1553410717
1553410717
1553410717
1553410717
1553410717
1553410717
1553410717
1553410717
1553410717
1553410717
1553410717
1553410717
1553410717
1553410717
1553410717
1553410717
1553410717
1553410717
1553410717
1553410717
1553410717
1553410717
1553410717
1553410717
1553410717
1553410717
1553410717
1553410717
1553410717
1553410717
1553410717
1553410717
1553410717
1553410717
1553410717
1553410717
1553410717
1553410717
1553410717
1553410717
1553410717
1553410717
1553410717
1553410717
1553410717
1553410717
1553410717
1553410717
1553410717
1553410717
1553410717
1553410717
1553410717
1553410717
1553410717
1553410717
1553410717
1553410717
1553410717
1553410717
1553410717
1553410717
1553410717
1553410717
1553410717
1553410717
1553410717
1553410717
1553410717
1553410717
1553410717
1553410717
1553410717
1553410717
1553410717
1553410717
1553410717
1553410717
1553410717
1553410717
1553410717
1553410717
1553410717
1553410717
1553410717
1553410717
1553410717
1553410717
1553410717
1553410717
1553410717
1553410717
1553410717
1553410717
1553410717
1553410717
1553410717
1553410717
1553410717
1553410717
1553410717
1553410717
1553410717
1553410717
1553410717
1553410717
1553410717
1553410717
1553410717
1553410717
1553410717
1553410717
1553410717
1553410717
1553410717
1553410717
1553410717
1553410717
1553410717
1553410717
1553410717
1553410717
1553410717
1553410717
1553410717
1553410717
1553410717
1553410717
1553410717
1553410717
1553410717
1553410717
1553410717
1553410717
1553410717
1553410717
1553410717
1553410717
1553410717
1553410717
1553410717
1553410717
1553410717
1553410717
1553410717
1553410717
1553410717
1553410717
1553410717
1553410717
1553410717
1553410717
1553410717
1553410717
1553410717
1553410717
1553410717
1553410717
1553410717
1553410717
1553410717
1553410717
1553410717
1553410717
1553410717
1553410717
1553410717
1553410717
1553410717
1553410717
1553410717
1553410717
1553410717
1553410717
1553410717
1553410717
1553410717
1553410717
1553410717
1553410717
1553410717
1553410717
1553410717
1553410717
1553410717
1553410717
1553410717
1553410717
1553410717
1553410717
1553410717
1553410717
1553410717
1553410717
1553410717
1553410717
1553410717
1553410717
1553410717
1553410717
1553410717
1553410717
1553410717
1553410717
1553410717
1553410717
1553410717
1553410717
1553410717
1553410717
1553410717
1553410717
1553410717
1553410717
1553410717
1553410717
1553410717
1553410717
1553410717
1553410717
1553410717
1553410717
1553410717
1553410717
1553410717
1553410717
1553410717
1553410717
1553410717
1553410717
1553410717
1553410717
1553410717
1553410717
1553410717
1553410717
1553410717
1553410717
1553410717
1553410717
1553410717
1553410717
1553410717
1553410717
1553410717
1553410717
1553410717
1553410717
1553410717
1553410717
1553410717
1553410717
1553410717
1553410717
1553410717
1553410717
1553410717
1553410717
1553410717
1553410717
1553410717
1553410717
1553410717
1553410717
1553410717
1553410717
1553410717
1553410717
1553410717
1553410717
1553410717
1553410717
1553410717
1553410717
1553410717
1553410717
1553410717
1553410717
1553410717
1553410717
1553410717
1553410717
1553410717
1553410717
1553410717
1553410717
1553410717
1553410717
1553410717
1553410717
1553410717
1553410717
1553410717
1553410717
1553410717
1553410717
1553410717
1553410717
1553410717
1553410717
1553410717
1553410717
1553410717
1553410717
1553410717
1553410717
1553410717
1553410717
1553410717
1553410717
1553410717
1553410717
1553410717
1553410717
1553410717
1553410717
1553410717
1553410717
1553410717
1553410717
1553410717
1553410717
1553410717
1553410717
1553410717
1553410717
1553410717
1553410717
1553410717
1553410717
1553410717
1553410717
1553410717
1553410717
1553410717
1553410717
1553410717
1553410717
1553410717
1553410717
1553410717
1553410717
1553410717
1553410717
1553410717
1553410717
1553410717
1553410717
1553410717
1553410717
1553410717
1553410717
1553410717
1553410717
1553410717
1553410717
1553410717
1553410717
1553410717
1553410717
1553410717
1553410717
1553410717
1553410717
1553410717
1553410717
1553410717
1553410717
1553410717
1553410717
1553410717
1553410717
1553410717
1553410717
1553410717
1553410717
1553410717
1553410717
1553410717
1553410717
1553410717
1553410717
1553410717
1553410717
1553410717
1553410717
1553410717
1553410717
1553410717
1553410717
1553410717
1553410717
1553410717
1553410717
1553410717
1553410717
1553410717
1553410717
1553410717
1553410717
1553410717
1553410717
1553410717
1553410717
1553410717
1553410717
1553410717
1553410717
1553410717
1553410717
1553410717
1553410717
1553410717
1553410717
1553410717
1553410717
1553410717
1553410717
1553410717
1553410717
1553410717
1553410717
1553410717
1553410717
1553410717
1553410717
1553410717
1553410717
1553410717
1553410717
1553410717
1553410717
1553410717
1553410717
1553410717
1553410717
1553410717
1553410717
1553410717
1553410717
1553410717
1553410717
1553410717
1553410717
1553410717
1553410717
1553410717
1553410717
1553410717
1553410717
1553410717
1553410717
1553410717
1553410717
1553410717
1553410717
1553410717
1553410717
1553410717
1553410717
1553410717
1553410717
1553410717
1553410717
1553410717
1553410717
1553410717
1553410717
1553410717
1553410717
1553410717
1553410717
1553410717
1553410717
1553410717
1553410717
1553410717
1553410717
1553410717
1553410717
1553410717
1553410717
1553410717
1553410717
1553410717
1553410717
1553410717
1553410717
1553410717
1553410717
1553410717
1553410717
1553410717
1553410717
1553410717
1553410717
1553410717
1553410717
1553410717
1553410717
1553410717
1553410717
1553410717
1553410717
1553410717
1553410717
1553410717
1553410717
1553410717
1553410717
1553410717
1553410717
1553410717
1553410717
1553410717
1553410717
1553410717
1553410717
1553410717
1553410717
1553410717
1553410717
1553410717
1553410717
1553410717
1553410717
1553410717
1553410717
1553410717
1553410717
1553410717
1553410717
1553410717
1553410717
1553410717
1553410717
1553410717
1553410717
1553410717
1553410717
1553410717
1553410717
1553410717
1553410717
1553410717
1553410717
1553410717
1553410717
1553410717
1553410717
1553410717
1553410717
1553410717
1553410717
1553410717
1553410717
1553410717
1553410717
1553410717
1553410717
1553410717
1553410717
1553410717
1553410717
1553410717
1553410717
1553410717
1553410717
1553410717
1553410717
1553410717
1553410717
1553410717
1553410717
1553410717
1553410717
1553410717
1553410717
1553410717
1553410717
1553410717
1553410717
1553410717
1553410717
1553410717
1553410717
1553410717
1553410717
1553410717
1553410717
1553410717
1553410717
1553410717
1553410717
1553410717
1553410717
1553410717
1553410717
1553410717
1553410717
1553410717
1553410717
1553410717
1553410717
1553410717
1553410717
1553410717
1553410717
1553410717
1553410717
1553410717
1553410717
1553410717
1553410717
1553410717
1553410717
1553410717
1553410717
1553410717
1553410717
1553410717
1553410717
1553410717
1553410717
1553410717
1553410717
1553410717
1553410717
1553410717
1553410717
1553410717
1553410717
1553410717
1553410717
1553410717
1553410717
1553410717
1553410717
1553410717
1553410717
1553410717
1553410717
1553410717
1553410717
1553410717
1553410717
1553410717
1553410717
1553410717
1553410717
1553410717
1553410717
1553410717
1553410717
1553410717
1553410717
619123024
619123024
619123024
619123024
619123024
619123024
619123024
619123024
619123024
619123024
619123024
1553410717
1553410717
1553410717
1553410717
1553410717
1553410717
1553410717
1553410717
1553410717
1553410717
1553410717
1553410717
1553410717
1553410717
1553410717
1553410717
1553410717
1553410717
1553410717
1553410717
1553410717
1553410717
1553410717
1553410717
1553410717
1553410717
1553410717
1553410717
1553410717
1553410717
1553410717
1553410717
1553410717
1553410717
1553410717
1553410717
1553410717
1553410717
1553410717
1553410717
1553410717
1553410717
1553410717
1553410717
1553410717
1553410717
1553410717
1553410717
1553410717
1553410717
1553410717
1553410717
1553410717
1553410717
1553410717
1553410717
1553410717
1553410717
1553410717
1553410717
1553410717
1553410717
1553410717
1553410717
1553410717
1553410717
1553410717
1553410717
1553410717
1553410717
1553410717
1553410717
1553410717
1553410717
1553410717
1553410717
1553410717
1553410717
1553410717
1553410717
1553410717
1553410717
1553410717
1553410717
1553410717
1553410717
1553410717
1553410717
1553410717
1553410717
1553410717
1553410717
1553410717
1553410717
1553410717
1553410717
1553410717
1553410717
1553410717
1553410717
1553410717
1553410717
1553410717
1553410717
1553410717
1553410717
1553410717
1553410717
1553410717
1553410717
1553410717
1553410717
1553410717
1553410717
1553410717
1553410717
1553410717
1553410717
1553410717
1553410717
1553410717
1553410717
1553410717
1553410717
1553410717
1553410717
1553410717
1553410717
1553410717
1553410717
1553410717
1553410717
1553410717
1553410717
1553410717
1553410717
1553410717
1553410717
1553410717
1553410717
1553410717
1553410717
1553410717
1553410717
1553410717
1553410717
1553410717
1553410717
1553410717
1553410717
1553410717
1553410717
1553410717
1553410717
1553410717
1553410717
1553410717
1553410717
1553410717
1553410717
1553410717
1553410717
1553410717
1553410717
1553410717
1553410717
1553410717
1553410717
1553410717
1553410717
1553410717
1553410717
1553410717
1553410717
1553410717
1553410717
1553410717
1553410717
1553410717
1553410717
1553410717
1553410717
1553410717
1553410717
1553410717
1553410717
1553410717
1553410717
1553410717
1553410717
1553410717
1553410717
1553410717
1553410717
1553410717
1553410717
1553410717
1553410717
1553410717
1553410717
1553410717
1553410717
1553410717
1553410717
1553410717
1553410717
1553410717
1553410717
1553410717
1553410717
1553410717
1553410717
1553410717
1553410717
1553410717
1553410717
1553410717
1553410717
1553410717
1553410717
1553410717
1553410717
1553410717
1553410717
1553410717
1553410717
1553410717
1553410717
1553410717
1553410717
1553410717
1553410717
1553410717
1553410717
1553410717
1553410717
1553410717
1553410717
1553410717
1553410717
1553410717
1553410717
1553410717
1553410717
1553410717
1553410717
1553410717
1553410717
1553410717
1553410717
1553410717
1553410717
1553410717
1553410717
1553410717
1553410717
1553410717
1553410717
1553410717
1553410717
1553410717
1553410717
1553410717
1553410717
1553410717
1553410717
1553410717
1553410717
1553410717
1553410717
1553410717
1553410717
1553410717
1553410717
1553410717
1553410717
1553410717
1553410717
1553410717
1553410717
1553410717
1553410717
1553410717
1553410717
1553410717
1553410717
1553410717
1553410717
1553410717
1553410717
1553410717
1553410717
1553410717
1553410717
1553410717
1553410717
1553410717
1553410717
1553410717
1553410717
1553410717
1553410717
1553410717
1553410717
1553410717
1553410717
1553410717
1553410717
1553410717
1553410717
1553410717
1553410717
1553410717
1553410717
1553410717
1553410717
1553410717
1553410717
1553410717
1553410717
1553410717
1553410717
1553410717
1553410717
1553410717
1553410717
1553410717
1553410717
1553410717
1553410717
1553410717
1553410717
1553410717
1553410717
1553410717
1553410717
1553410717
1553410717
1553410717
1553410717
1553410717
1553410717
1553410717
1553410717
1553410717
1553410717
1553410717
1553410717
1553410717
1553410717
1553410717
1553410717
1553410717
1553410717
1553410717
1553410717
1553410717
1553410717
1553410717
1553410717
1553410717
1553410717
1553410717
1553410717
1553410717
1553410717
1553410717
1553410717
1553410717
1553410717
1553410717
1553410717
1553410717
1553410717
1553410717
1553410717
1553410717
1553410717
1553410717
1553410717
1553410717
1553410717
1553410717
1553410717
1553410717
1553410717
1553410717
1553410717
1553410717
1553410717
1553410717
1553410717
1553410717
1553410717
1553410717
1553410717
1553410717
1553410717
1553410717
1553410717
1553410717
1553410717
1553410717
1553410717
1553410717
1553410717
1553410717
1553410717
1553410717
1553410717
1553410717
1553410717
1553410717
1553410717
1553410717
1553410717
1553410717
1553410717
1553410717
1553410717
1553410717
1553410717
1553410717
1553410717
1553410717
1553410717
1553410717
1553410717
1553410717
1553410717
1553410717
1553410717
1553410717
1553410717
1553410717
1553410717
1553410717
1553410717
1553410717
1553410717
1553410717
1553410717
1553410717
1553410717
1553410717
1553410717
1553410717
1553410717
1553410717
1553410717
1553410717
1553410717
1553410717
1553410717
1553410717
1553410717
1553410717
1553410717
1553410717
1553410717
1553410717
1553410717
1553410717
1553410717
1553410717
1553410717
1553410717
1553410717
1553410717
1553410717
1553410717
1553410717
1553410717
1553410717
1553410717
1553410717
1553410717
1553410717
1553410717
1553410717
1553410717
1553410717
1553410717
1553410717
1553410717
1553410717
1553410717
1553410717
1553410717
1553410717
1553410717
1553410717
1553410717
1553410717
1553410717
1553410717
1553410717
1553410717
1553410717
1553410717
1553410717
1553410717
1553410717
1553410717
1553410717
1553410717
1553410717
1553410717
1553410717
1553410717
1553410717
1553410717
1553410717
1553410717
1553410717
1553410717
1553410717
1553410717
1553410717
1553410717
1553410717
1553410717
1553410717
1553410717
1553410717
1553410717
1553410717
1553410717
1553410717
1553410717
1553410717
1553410717
1553410717
1553410717
1553410717
1553410717
1553410717
1553410717
1553410717
1553410717
1553410717
1553410717
1553410717
1553410717
1553410717
1553410717
1553410717
1553410717
1553410717
1553410717
1553410717
1553410717
1553410717
1553410717
1553410717
1553410717
1553410717
1553410717
1553410717
1553410717
1553410717
1553410717
1553410717
1553410717
1553410717
1553410717
1553410717
1553410717
1553410717
1553410717
1553410717
1553410717
1553410717
1553410717
1553410717
1553410717
1553410717
1553410717
1553410717
1553410717
1553410717
1553410717
1553410717
1553410717
1553410717
1553410717
1553410717
1553410717
1553410717
1553410717
1553410717
1553410717
1553410717
1553410717
1553410717
1553410717
1553410717
1553410717
1553410717
1553410717
1553410717
1553410717
1553410717
1553410717
1553410717
1553410717
1553410717
1553410717
1553410717
1553410717
1553410717
1553410717
1553410717
1553410717
1553410717
1553410717
1553410717
1553410717
1553410717
1553410717
1553410717
1553410717
1553410717
1553410717
1553410717
1553410717
1553410717
1553410717
1553410717
1553410717
1553410717
1553410717
1553410717
1553410717
1553410717
