118758905
36836839
118758905
131278131
118758905
592861478
118758905
375763455
118758905
321001975
118758905
0
118758905
855213842
855213842
0
0
0
0
0
0
0
0
0
0
0
0
0
0
0
0
0
0
0
0
0
0
0
0
0
0
0
0
0
0
0
0
0
0
0
0
0
0
0
0
0
0
0
0
0
0
0
0
0
0
0
0
0
0
0
0
0
0
0
0
0
0
0
0
0
0
0
0
0
0
0
0
0
855213842
0
855213842
855213842
118758905
326503128
118758905
118758905
118758905
864509000
118758905
722316041
0
722316041
845132527
722316041
486119682
486119682
290849230
254672596
254672596
254672596
138306856
254672596
26663509
26663509
0
0
0
0
0
0
0
0
0
0
0
0
0
0
0
0
0
0
0
0
0
0
0
0
0
0
0
0
0
0
0
0
0
26663509
26663509
26663509
26663509
26663509
26663509
26663509
26663509
254672596
254672596
254672596
254672596
254672596
254672596
254672596
254672596
254672596
254672596
254672596
0
0
0
0
0
0
0
254672596
254672596
254672596
254672596
254672596
882354038
882354038
882354038
882354038
882354038
882354038
882354038
254672596
254672596
254672596
254672596
254672596
254672596
254672596
0
0
0
254672596
290849230
486119682
486119682
722316041
722316041
128957184
722316041
722316041
722316041
190104084
190104084
190104084
190104084
190104084
190104084
190104084
722316041
722316041
672548097
722316041
244734474
244734474
244734474
580251413
580251413
580251413
580251413
580251413
580251413
580251413
580251413
580251413
580251413
360420569
360420569
360420569
360420569
360420569
360420569
360420569
360420569
360420569
360420569
360420569
580251413
580251413
580251413
580251413
580251413
580251413
244734474
722316041
551058538
551058538
461070880
551058538
551058538
551058538
551058538
551058538
782576174
0
782576174
0
782576174
782576174
782576174
216003123
216003123
216003123
216003123
216003123
216003123
216003123
216003123
216003123
782576174
551058538
551058538
551058538
551058538
551058538
551058538
722316041
251832394
722316041
341231943
341231943
341231943
341231943
341231943
341231943
341231943
341231943
341231943
341231943
341231943
722316041
118758905
209971329
346060342
209971329
140365826
0
0
0
140365826
209971329
209971329
209971329
118758905
611383165
118758905
118758905
118758905
136961664
118758905
467786806
118758905
927287511
118758905
186156099
0
0
0
0
0
0
0
0
0
0
0
0
0
0
0
0
0
0
0
0
0
0
0
0
0
0
0
0
0
0
0
0
0
0
0
0
0
0
0
0
0
0
0
0
0
0
0
0
0
0
0
0
0
0
0
0
0
0
0
0
0
0
0
0
0
0
0
0
0
0
0
0
0
0
0
0
0
0
0
0
0
0
0
0
0
0
0
0
0
0
0
0
0
0
0
0
0
0
0
0
0
0
0
0
0
0
0
0
0
0
0
0
0
0
0
0
0
0
0
0
0
0
0
0
0
0
0
0
0
0
0
0
0
0
0
0
0
0
0
0
0
0
0
0
0
0
0
0
0
0
0
0
0
0
0
0
0
0
0
0
0
0
0
0
0
0
0
0
0
0
0
0
0
0
0
0
0
0
0
0
0
0
0
0
0
0
0
0
0
0
0
0
0
0
0
0
0
0
0
0
0
0
0
0
0
0
0
0
0
0
0
0
0
0
0
0
0
0
0
0
0
0
0
0
0
0
0
0
0
0
0
0
0
0
0
0
0
0
0
0
0
0
0
0
0
0
0
0
0
0
0
0
0
0
0
0
0
0
0
0
0
0
0
0
0
0
0
0
0
0
0
0
0
0
0
0
0
0
0
0
0
0
0
0
0
0
0
0
0
0
0
0
0
0
0
0
0
0
0
0
0
0
0
0
0
186156099
186156099
186156099
186156099
186156099
186156099
186156099
186156099
254672596
186156099
186156099
186156099
186156099
186156099
186156099
186156099
186156099
186156099
186156099
186156099
186156099
292477921
203441155
203441155
203441155
203441155
203441155
203441155
203441155
203441155
203441155
203441155
203441155
473163906
203441155
203441155
203441155
203441155
203441155
203441155
203441155
203441155
203441155
203441155
203441155
203441155
203441155
203441155
203441155
203441155
203441155
203441155
203441155
203441155
203441155
193699074
0
193699074
203441155
203441155
0
203441155
203441155
203441155
203441155
203441155
203441155
203441155
203441155
203441155
203441155
519852126
203441155
203441155
203441155
203441155
203441155
203441155
203441155
203441155
203441155
203441155
270239128
0
0
0
0
0
0
0
0
0
0
0
0
0
0
0
0
0
0
0
0
0
0
0
0
0
0
0
0
0
0
0
0
0
0
0
0
0
0
0
0
0
0
0
0
0
0
0
0
0
0
0
0
0
0
0
0
0
0
0
0
0
0
0
0
0
0
0
0
0
0
0
0
0
0
0
0
0
0
0
0
0
0
0
270239128
203441155
0
0
0
0
0
203441155
203441155
203441155
203441155
203441155
203441155
203441155
203441155
292477921
292477921
292477921
186156099
118758905
935827905
118758905
0
0
0
0
0
0
0
0
0
118758905
972835851
118758905
643219544
118758905
118758905
118758905
0
0
0
0
0
118758905
349373374
309833959
309833959
309833959
309833959
309833959
349373374
229161958
349373374
349373374
349373374
349373374
349373374
349373374
0
349373374
0
0
0
0
0
0
0
0
0
0
0
349373374
349373374
670910798
349373374
349373374
83645141
349373374
349373374
349373374
349373374
349373374
349373374
349373374
349373374
118758905
988705258
77711615
988705258
0
0
0
988705258
988705258
988705258
840974101
988705258
118758905
897552780
897552780
897552780
118758905
134320997
118758905
193518191
118758905
399202003
118758905
0
0
0
118758905
892071
957637108
892071
118758905
730968401
730968401
730968401
118758905
0
118758905
216003123
118758905
795678207
486751209
486751209
486751209
486751209
486751209
486751209
486751209
486751209
253503695
253503695
253503695
253503695
253503695
253503695
253503695
253503695
253503695
253503695
253503695
253503695
0
0
0
0
0
0
0
0
0
0
0
0
0
253503695
253503695
253503695
253503695
253503695
253503695
253503695
253503695
253503695
253503695
253503695
253503695
253503695
253503695
253503695
253503695
253503695
253503695
253503695
253503695
253503695
253503695
253503695
253503695
486751209
486751209
795678207
118758905
10499176
118758905
882354038
118758905
0
0
0
118758905
874448037
118758905
0
118758905
118758905
643141115
118758905
741766061
118758905
945990160
118758905
118758905
0
0
0
0
0
0
0
0
0
0
0
0
0
0
0
0
0
0
0
0
0
0
0
0
0
0
0
0
0
0
0
0
0
0
0
0
0
0
0
0
0
0
0
0
0
0
0
0
0
0
0
0
0
0
0
0
0
0
0
0
0
0
0
0
0
0
0
0
0
0
0
0
0
0
0
0
0
0
0
0
0
0
0
0
0
0
0
0
0
0
0
0
0
0
0
0
0
0
0
0
0
0
0
0
0
0
0
0
0
0
0
0
0
0
0
0
0
0
0
0
0
0
0
0
0
0
0
0
0
0
0
0
0
0
0
0
0
0
0
0
0
0
0
0
0
0
0
0
0
0
0
0
0
0
0
0
0
0
0
0
0
0
0
0
0
0
0
0
0
0
0
0
0
0
0
0
0
0
0
0
0
0
0
0
0
0
0
0
0
0
0
0
0
0
0
0
0
0
0
0
0
0
0
0
0
0
0
0
0
0
0
0
0
0
0
0
0
0
0
0
0
0
0
0
0
0
0
0
0
0
0
0
0
0
0
0
0
0
0
0
0
0
0
0
0
0
0
0
0
0
0
0
0
0
0
0
0
0
0
0
0
0
0
0
0
0
0
0
0
0
0
0
0
0
0
0
0
0
0
0
0
0
0
0
0
0
0
0
0
0
0
0
0
0
0
0
0
0
0
0
0
0
0
0
0
0
0
0
0
0
0
0
0
0
0
0
0
0
0
0
0
0
0
0
0
0
0
0
0
0
0
0
0
0
0
0
0
0
0
0
0
0
0
0
0
0
0
0
0
0
0
0
0
0
0
0
0
0
0
0
0
0
0
0
0
0
0
0
0
0
0
0
0
0
0
0
0
0
0
0
0
0
0
0
0
0
0
0
0
0
0
0
0
0
0
0
0
0
0
0
0
0
0
0
0
0
0
0
0
0
0
0
0
0
0
0
0
0
0
0
0
0
0
0
0
0
0
0
0
0
0
0
0
0
0
0
0
0
0
0
0
0
0
0
0
0
0
0
0
0
0
0
0
0
0
0
0
0
0
0
0
0
0
0
0
0
0
0
0
0
0
0
0
0
0
0
0
0
0
0
0
0
0
0
0
0
0
0
0
0
0
0
0
0
0
0
0
0
0
0
0
0
0
0
0
0
0
0
0
0
0
0
0
0
0
0
0
0
0
0
0
0
0
0
0
0
0
0
0
0
0
0
0
0
0
0
0
0
0
0
0
0
0
0
0
0
0
0
0
0
0
0
0
0
0
0
0
0
0
0
0
0
0
0
0
0
0
0
0
0
0
0
0
0
0
0
0
0
0
0
0
0
0
0
0
0
0
0
0
0
0
0
0
0
0
0
0
0
0
0
0
0
0
0
0
0
0
0
0
0
0
0
0
0
0
0
0
0
0
0
0
0
0
0
0
0
0
0
0
0
0
0
0
0
0
0
0
0
0
0
0
0
0
0
0
0
0
0
0
0
0
118758905
421821697
118758905
118758905
118758905
523545952
408600890
408600890
408600890
408600890
408600890
408600890
408600890
453141565
408600890
408600890
408600890
0
408600890
408600890
408600890
408600890
0
408600890
0
408600890
408600890
408600890
0
408600890
408600890
408600890
0
408600890
253503695
253503695
0
253503695
253503695
253503695
253503695
253503695
253503695
253503695
898179337
253503695
253503695
0
0
0
0
0
0
0
0
0
0
0
0
0
0
0
0
0
0
0
0
0
0
0
0
0
0
0
0
0
0
0
0
0
0
0
0
0
0
0
0
0
0
0
0
0
0
0
0
0
0
0
0
0
0
0
0
0
0
0
0
0
0
0
0
0
0
0
0
0
0
0
0
0
0
0
0
0
0
0
0
0
0
0
0
0
0
0
0
0
0
0
0
0
0
0
0
0
0
0
0
0
0
0
0
0
0
0
0
0
0
0
0
0
0
0
0
0
0
0
253503695
253503695
225693725
225693725
225693725
253503695
253503695
253503695
253503695
253503695
253503695
408600890
408600890
408600890
408600890
408600890
408600890
408600890
428986833
428986833
428986833
408600890
408600890
408600890
408600890
408600890
408600890
408600890
408600890
0
408600890
523545952
0
0
0
0
0
0
0
0
0
0
0
0
0
0
0
0
0
0
0
0
0
0
0
0
0
523545952
541458939
541458939
541458939
541458939
541458939
541458939
541458939
0
0
0
541458939
541458939
702358157
379652355
379652355
379652355
379652355
0
0
0
379652355
0
379652355
379652355
702358157
702358157
702358157
702358157
412065518
702358157
702358157
541458939
541458939
541458939
541458939
541458939
541458939
541458939
270239128
270239128
270239128
270239128
270239128
0
270239128
270239128
270239128
270239128
270239128
270239128
270239128
270239128
270239128
270239128
270239128
270239128
0
0
0
270239128
270239128
270239128
270239128
270239128
270239128
966333904
270239128
270239128
270239128
270239128
270239128
270239128
270239128
270239128
270239128
270239128
270239128
270239128
270239128
270239128
270239128
270239128
0
0
0
0
0
0
0
0
0
0
0
0
0
0
0
0
0
0
0
0
0
0
0
0
0
0
0
0
0
0
0
0
0
0
0
0
0
0
0
0
0
270239128
270239128
270239128
270239128
270239128
270239128
270239128
0
270239128
270239128
270239128
270239128
541458939
541458939
541458939
541458939
705389482
208656003
705389482
705389482
705389482
541458939
541458939
541458939
541458939
541458939
541458939
541458939
942333840
541458939
523545952
718929243
0
718929243
523545952
0
523545952
118758905
412768898
412768898
412768898
412768898
412768898
412768898
412768898
412768898
880418986
412768898
412768898
412768898
412768898
0
412768898
412768898
412768898
412768898
412768898
412768898
412768898
0
0
0
0
0
0
0
0
0
0
0
0
0
0
0
0
0
0
0
0
0
0
0
0
0
0
0
0
0
0
0
0
0
0
0
0
0
0
0
0
0
0
0
0
0
0
0
0
0
0
0
0
0
0
0
0
0
0
0
0
0
0
0
0
0
0
0
0
0
0
0
0
0
0
0
0
0
0
0
0
0
0
0
0
0
0
0
0
0
0
0
0
0
0
0
0
0
0
0
0
0
412768898
412768898
412768898
412768898
412768898
412768898
412768898
412768898
0
412768898
412768898
412768898
412768898
412768898
479635237
412768898
412768898
754440043
754440043
754440043
412768898
104896138
412768898
412768898
412768898
412768898
412768898
193518191
412768898
412768898
412768898
412768898
412768898
412768898
412768898
412768898
412768898
412768898
412768898
0
0
0
412768898
412768898
412768898
412768898
412768898
0
0
0
0
0
0
0
0
0
0
0
0
0
0
0
0
0
412768898
412768898
412768898
412768898
412768898
412768898
898526530
898526530
898526530
898526530
898526530
412768898
412768898
412768898
412768898
412768898
0
412768898
412768898
0
412768898
412768898
412768898
0
412768898
412768898
412768898
412768898
412768898
412768898
412768898
412768898
412768898
412768898
412768898
412768898
412768898
412768898
412768898
412768898
412768898
412768898
412768898
412768898
412768898
412768898
412768898
0
412768898
118758905
280121153
118758905
118758905
118758905
83645141
118758905
892071
118758905
0
118758905
118758905
118758905
0
118758905
883683307
118758905
127864490
127864490
127864490
127864490
127864490
127864490
127864490
127864490
127864490
190104084
190104084
190104084
127864490
0
127864490
0
127864490
127864490
70580531
127864490
127864490
118758905
964860964
118758905
706662234
118758905
118758905
715750290
118758905
635770169
0
0
0
0
0
635770169
0
635770169
118758905
972028816
972028816
972028816
972028816
0
972028816
972028816
972028816
972028816
118758905
837608123
837608123
837608123
118758905
118758905
781015693
118758905
911825084
0
0
0
0
0
0
0
911825084
207375380
640545009
207375380
911825084
653308365
911825084
118758905
319621811
118758905
939076581
118758905
178989834
178989834
0
178989834
45949242
178989834
178989834
118758905
39546334
118758905
0
0
0
0
0
118758905
274601564
118758905
635459844
635459844
635459844
118758905
118758905
0
0
0
0
0
118758905
118758905
0
118758905
873476307
118758905
799748133
118758905
713473579
0
0
0
0
0
0
0
713473579
118758905
118758905
118758905
0
118758905
116338267
116338267
260093328
260093328
260093328
0
0
0
260093328
260093328
260093328
260093328
260093328
260093328
260093328
871989059
318942587
318942587
318942587
318942587
318942587
318942587
318942587
871989059
260093328
260093328
260093328
260093328
260093328
260093328
584870809
260093328
260093328
260093328
407180194
407180194
407180194
407180194
407180194
407180194
407180194
311346835
407180194
260093328
260093328
741321053
741321053
741321053
260093328
260093328
260093328
116338267
116338267
0
116338267
116338267
116338267
118758905
274601564
274601564
274601564
0
274601564
118758905
118758905
554486929
118758905
118758905
211951611
118758905
526478386
118758905
306427554
118758905
852115295
96206945
96206945
96206945
1
96206945
96206945
96206945
96206945
96206945
96206945
96206945
96206945
96206945
96206945
0
96206945
96206945
927287511
96206945
909701184
65731462
909701184
96206945
96206945
96206945
852115295
721255514
721255514
721255514
721255514
721255514
0
0
0
721255514
721255514
721255514
721255514
721255514
721255514
721255514
721255514
721255514
721255514
721255514
721255514
721255514
721255514
721255514
721255514
721255514
721255514
0
721255514
721255514
852115295
21939758
852115295
0
0
0
852115295
118758905
104896138
104896138
104896138
118758905
652300544
118758905
778976945
346053136
346053136
346053136
346053136
346053136
890398855
890398855
890398855
346053136
778976945
401008438
707745862
707745862
707745862
313877012
707745862
707745862
707745862
707745862
5788837
5788837
5788837
707745862
707745862
707745862
707745862
707745862
707745862
707745862
707745862
401008438
778976945
118758905
641144848
641144848
394057025
394057025
394057025
394057025
394057025
394057025
394057025
641144848
641144848
118758905
779081574
118758905
752883062
118758905
948051897
118758905
838657122
838657122
838657122
118758905
112548755
118758905
0
118758905
625874879
118758905
629679958
641238767
629679958
629679958
389375395
629679958
601315224
629679958
0
0
0
629679958
629679958
629679958
629679958
629679958
629679958
577390426
629679958
629679958
629679958
629679958
629679958
118758905
638657390
118758905
781015693
30525707
781015693
0
0
0
781015693
649829476
781015693
808025272
781015693
0
0
0
781015693
118758905
807953009
678004286
807953009
118758905
216003123
216003123
216003123
118758905
767833554
118758905
118758905
118758905
496905529
118758905
917893281
118758905
44241466
118758905
580251413
118758905
638657390
638657390
638657390
638657390
638657390
638657390
927287511
638657390
638657390
118758905
421988418
421988418
421988418
421988418
421988418
421988418
421988418
421988418
0
421988418
0
421988418
421988418
421988418
421988418
421988418
421988418
421988418
421988418
0
0
0
0
0
0
0
0
0
0
0
0
0
0
0
0
0
0
0
0
0
0
0
0
0
0
0
0
0
0
0
0
0
0
0
0
0
0
0
0
0
0
0
0
0
0
0
0
0
0
0
0
0
0
0
0
0
0
0
0
0
0
0
0
0
0
0
0
0
0
0
0
0
0
0
0
0
0
0
0
0
0
0
0
0
0
0
0
0
0
0
0
0
0
0
0
0
0
0
0
0
0
0
0
0
0
0
421988418
421988418
421988418
855213842
855213842
855213842
855213842
855213842
855213842
855213842
855213842
855213842
421988418
421988418
421988418
421988418
421988418
421988418
421988418
421988418
421988418
0
0
0
421988418
421988418
421988418
421988418
421988418
421988418
421988418
421988418
421988418
421988418
421988418
118758905
254672596
0
254672596
254672596
254672596
254672596
254672596
0
0
0
254672596
118758905
91051839
118758905
750223661
0
750223661
118758905
118758905
693534128
118758905
638593972
638593972
638593972
638593972
0
638593972
690379930
690379930
690379930
638593972
638593972
0
0
0
0
0
638593972
0
638593972
638593972
638593972
0
638593972
649221076
970025741
649221076
905065304
905065304
905065304
649221076
907962488
649221076
638593972
638593972
638593972
118758905
0
118758905
0
118758905
53845463
118758905
118758905
118758905
118758905
10499176
10499176
10499176
10499176
10499176
10499176
10499176
10499176
10499176
0
10499176
118758905
0
0
0
0
0
0
0
0
0
0
0
118758905
641144848
118758905
537295129
0
0
0
0
0
0
0
0
0
0
0
0
0
0
0
0
0
0
0
0
0
0
0
0
0
0
0
0
0
0
0
0
0
0
0
0
0
0
0
0
0
0
0
0
0
0
0
0
0
0
0
0
0
537295129
537295129
537295129
118758905
517468978
118758905
893145294
893145294
385418249
893145294
730968401
730968401
613756756
730968401
913979106
913979106
913979106
913979106
0
0
0
0
0
0
0
0
0
0
0
0
0
913979106
913979106
913979106
913979106
913979106
913979106
913979106
913979106
913979106
913979106
913979106
913979106
730968401
730968401
730968401
730968401
730968401
730968401
893145294
893145294
118758905
126274235
774397750
774397750
774397750
774397750
774397750
126274235
118758905
118758905
118758905
898179337
898179337
898179337
118758905
268806396
118758905
463230911
461313846
463230911
118758905
379054836
379054836
379054836
379054836
0
379054836
379054836
379054836
379054836
379054836
379054836
379054836
379054836
379054836
379054836
379054836
379054836
0
0
0
0
0
0
0
0
0
0
0
0
0
0
0
0
0
0
0
0
0
0
0
0
0
379054836
118758905
118758905
0
0
0
0
0
0
0
0
0
0
0
0
0
0
0
0
0
0
0
0
0
118758905
118758905
118758905
118758905
903896570
118758905
839883342
118758905
505711606
118758905
420580416
740230683
420580416
420580416
420580416
118758905
929711808
118758905
890398855
118758905
427050909
427050909
427050909
118758905
808025272
808025272
808025272
118758905
778245457
118758905
118758905
886698165
886698165
886698165
886698165
886698165
886698165
886698165
886698165
886698165
886698165
886698165
886698165
886698165
886698165
886698165
886698165
886698165
886698165
0
886698165
886698165
886698165
886698165
886698165
886698165
886698165
886698165
886698165
886698165
118758905
118758905
638557369
638557369
638557369
118758905
260468578
260468578
380627074
617761071
380627074
260468578
833731938
678004286
833731938
833731938
833731938
0
0
0
0
0
0
0
0
0
833731938
0
833731938
833731938
833731938
833731938
412065518
833731938
346053136
833731938
833731938
833731938
833731938
833731938
833731938
833731938
898179337
833731938
833731938
833731938
625874879
625874879
0
625874879
625874879
376725117
376725117
0
0
0
376725117
376725117
376725117
376725117
376725117
376725117
376725117
376725117
376725117
376725117
376725117
376725117
376725117
376725117
376725117
376725117
376725117
376725117
0
0
0
0
0
0
0
0
0
0
0
0
0
0
0
0
0
376725117
376725117
376725117
376725117
376725117
376725117
376725117
376725117
376725117
376725117
376725117
376725117
376725117
376725117
376725117
376725117
376725117
376725117
376725117
625874879
833731938
833731938
833731938
626966335
833731938
833731938
260468578
260468578
838442599
838442599
838442599
51683173
838442599
260468578
686547139
260468578
118758905
978506187
453141565
978506187
118758905
890398855
350120453
350120453
350120453
350120453
967574444
0
0
0
967574444
0
967574444
350120453
350120453
350120453
350120453
890398855
890398855
890398855
890398855
890398855
890398855
890398855
118758905
681140353
118758905
581589390
699695007
0
699695007
699695007
699695007
699695007
699695007
699695007
0
0
0
699695007
699695007
699695007
699695007
699695007
699695007
699695007
699695007
699695007
699695007
699695007
0
699695007
699695007
699695007
699695007
699695007
699695007
699695007
699695007
699695007
699695007
699695007
699695007
699695007
699695007
699695007
699695007
699695007
699695007
581589390
502523594
855213842
502523594
581589390
581589390
581589390
118758905
859828884
878021201
0
0
0
0
0
0
0
0
0
0
0
0
0
878021201
859828884
428086680
859828884
859828884
859828884
859828884
859828884
118758905
290285502
118758905
840974101
840974101
363702292
840974101
840974101
840974101
840974101
840974101
0
0
0
0
0
0
0
0
0
0
0
0
0
0
0
840974101
840974101
118758905
253488505
253488505
253488505
689627660
253488505
118758905
118758905
118758905
446242270
118758905
118758905
118758905
118758905
118758905
880418986
0
0
0
0
0
0
0
0
0
0
0
0
0
0
0
0
0
0
0
0
0
0
0
0
0
0
0
0
0
0
0
0
0
0
0
0
0
0
0
0
0
0
0
0
0
0
0
0
0
0
0
0
0
0
0
0
0
0
0
0
0
0
0
0
0
0
0
0
0
0
0
0
0
0
0
0
0
0
0
0
0
0
0
0
0
0
0
0
0
0
0
0
0
0
0
0
0
0
0
0
0
0
0
0
0
0
0
0
0
0
0
0
0
0
0
0
0
0
0
0
0
0
0
0
0
0
0
0
0
0
0
0
0
0
0
0
0
0
0
0
0
0
0
0
0
0
0
0
0
0
0
0
0
0
0
0
0
0
0
0
0
0
0
0
0
0
0
0
0
0
0
0
0
0
0
0
0
0
0
0
0
0
0
0
0
0
0
0
0
0
0
0
0
0
0
0
0
0
0
0
0
0
0
0
0
0
0
0
0
0
0
0
0
0
0
0
0
0
0
0
0
0
0
0
0
0
0
0
0
0
0
0
0
0
0
0
0
0
0
0
0
0
0
0
0
0
0
0
0
0
0
0
0
0
0
0
0
0
0
0
0
0
0
0
0
0
0
0
0
0
0
0
0
0
0
0
0
0
0
0
0
0
0
0
0
0
0
0
0
0
0
0
0
0
0
0
0
0
0
0
0
0
0
0
0
0
0
0
0
0
0
0
0
0
0
0
0
0
0
0
0
0
0
0
0
0
0
0
0
0
0
0
0
0
0
0
0
0
0
0
0
0
0
0
0
0
0
0
0
0
0
0
0
0
0
0
0
0
0
0
0
0
0
0
0
0
0
0
0
0
0
0
0
0
0
0
0
0
0
0
0
0
0
0
0
0
0
0
0
0
0
0
0
0
0
0
0
0
0
0
0
0
0
0
0
0
0
0
0
0
0
0
0
0
0
0
0
0
0
0
0
0
0
0
0
0
0
0
0
0
0
0
0
0
0
0
0
0
0
0
0
0
0
0
0
0
0
0
0
0
0
0
0
0
0
0
0
0
0
0
0
0
0
0
0
0
0
0
0
880418986
880418986
880418986
118758905
0
118758905
170378138
118758905
0
118758905
249572464
0
0
0
249572464
249572464
249572464
249572464
249572464
249572464
249572464
249572464
249572464
118758905
309734977
309734977
309734977
89399850
309734977
907962488
907962488
907962488
907962488
907962488
309734977
0
0
0
0
0
0
0
0
0
0
0
0
0
0
0
0
0
0
0
0
0
0
0
0
0
0
0
0
0
0
0
0
0
0
0
0
0
0
0
0
0
0
0
0
0
0
0
0
0
0
0
0
0
0
0
0
0
0
0
0
0
0
0
0
0
0
0
0
0
0
0
0
0
309734977
309734977
309734977
26663509
26663509
26663509
309734977
309734977
309734977
136961664
0
136961664
309734977
309734977
309734977
309734977
309734977
309734977
309734977
309734977
309734977
309734977
309734977
309734977
309734977
118758905
118758905
118758905
434940548
118758905
708825286
118758905
629867962
118758905
832608299
508650029
832608299
118758905
648445645
648445645
648445645
118758905
47984913
702640715
47984913
19459319
47984913
781465960
47984913
799748133
47984913
118758905
575347345
118758905
0
0
0
0
0
0
0
0
0
0
0
0
0
0
0
0
0
118758905
118758905
118758905
681672077
681672077
681672077
681672077
681672077
681672077
681672077
681672077
681672077
681672077
681672077
681672077
681672077
681672077
681672077
681672077
0
0
0
0
0
0
0
0
0
0
0
0
0
0
0
0
0
0
0
0
0
0
0
0
0
0
0
0
0
0
0
0
0
0
0
0
0
0
0
0
0
0
0
0
0
0
0
0
0
0
0
0
0
0
0
0
0
0
0
0
0
0
0
0
0
0
0
0
0
0
0
0
0
0
0
0
0
0
0
0
0
0
0
0
0
0
0
0
0
0
0
0
0
0
0
0
0
0
0
0
0
0
0
0
0
0
0
0
0
0
0
0
0
0
0
0
0
0
0
0
0
0
0
0
0
0
0
0
0
0
0
0
0
0
0
0
0
0
0
0
0
0
0
0
0
0
0
0
0
0
0
0
0
0
0
0
0
0
0
0
0
0
0
0
0
0
0
0
0
0
0
0
0
0
0
0
0
0
0
0
0
0
0
0
0
0
0
0
0
0
0
0
0
0
0
0
0
0
0
0
0
0
0
0
0
0
0
0
0
0
0
0
0
0
0
0
0
0
0
0
0
0
0
0
0
0
0
0
0
0
0
0
0
0
0
0
0
0
0
0
0
0
0
0
0
0
0
0
0
0
0
0
0
0
0
0
0
0
0
0
0
0
0
0
0
0
0
0
0
0
0
0
0
0
0
0
0
0
0
0
0
0
0
0
0
0
0
0
0
0
0
0
0
0
0
0
0
0
0
0
0
0
0
0
0
0
0
0
0
0
0
0
0
0
0
0
0
0
0
0
0
0
0
0
0
0
0
0
0
0
0
0
0
0
0
0
0
0
0
0
0
0
0
0
0
0
0
0
0
0
0
0
0
0
0
0
0
0
0
0
0
0
0
0
0
0
0
0
0
0
0
0
0
0
0
0
0
0
0
0
0
0
0
0
0
0
0
0
0
0
0
0
0
0
0
0
0
0
0
0
0
0
0
0
0
0
0
0
0
0
0
0
0
0
0
0
0
0
0
0
0
0
0
0
0
0
0
0
0
0
0
0
0
0
0
0
0
0
0
0
0
0
0
0
0
0
0
0
0
0
0
0
0
0
0
0
0
0
0
0
0
0
0
0
0
0
0
0
0
0
0
0
0
0
0
0
0
0
0
0
0
0
0
0
0
0
0
0
0
0
0
0
0
0
0
0
0
0
0
0
0
0
0
0
0
0
0
0
0
0
0
0
0
0
0
0
0
0
0
0
0
0
0
0
0
0
0
0
0
0
0
0
0
0
0
0
0
0
0
0
0
0
0
0
0
0
0
0
0
0
0
0
0
0
0
0
0
0
0
0
0
0
0
0
0
0
0
0
0
0
0
0
0
0
0
0
0
0
0
0
0
0
0
0
0
0
0
0
0
0
0
0
0
0
0
0
0
0
0
0
0
0
0
0
0
0
0
0
0
0
0
0
0
0
0
0
0
0
0
0
0
0
0
0
0
0
0
0
0
0
0
0
0
0
0
0
0
0
0
0
0
0
0
0
0
0
0
0
0
0
0
0
0
0
0
0
0
0
0
0
0
0
0
0
0
0
0
0
0
0
0
0
0
0
0
0
0
0
0
0
0
0
0
0
0
0
0
0
0
0
0
0
0
0
0
0
0
0
0
0
0
0
0
0
0
0
0
0
0
0
0
0
0
0
0
0
0
0
0
0
0
0
0
0
0
0
0
0
0
0
0
0
0
0
0
0
0
0
0
0
0
0
0
0
0
0
0
0
0
0
0
0
0
0
0
0
0
0
0
0
0
0
0
0
0
0
0
0
0
0
0
0
0
0
0
0
0
0
0
0
0
0
0
0
0
0
0
0
0
0
0
0
0
0
0
0
0
0
0
0
0
0
0
0
0
0
0
0
0
0
0
0
0
0
0
0
0
0
0
0
0
0
0
0
0
0
0
0
0
0
0
0
0
0
0
0
0
0
0
0
0
0
0
0
0
0
0
0
0
0
0
0
0
0
0
0
0
0
0
0
0
0
0
0
0
0
