1 
1 1 
2 4 1 
6 18 9 1 
24 96 72 16 1 
120 600 600 200 25 1 
720 4320 5400 2400 450 36 1 
5040 35280 52920 29400 7350 882 49 1 
40320 322560 564480 376320 117600 18816 1568 64 1 
362880 3265920 6531840 5080320 1905120 381024 42336 2592 81 1 
3628800 36288000 81648000 72576000 31752000 7620480 1058400 86400 4050 100 1 
39916800 439084800 99467647 99467647 548856000 153679680 25613280 2613600 163350 6050 121 1 
479001600 756797435 833387505 593237999 895208823 166677501 614718720 75271680 5880600 290400 8712 144 1 
237554682 93477807 280433421 342751959 838122695 900670782 865645298 123663614 198764280 12269400 490776 12168 169 1 
331032489 641477434 587435131 117750606 455295174 980713552 245178388 467848133 503500362 480960480 24048024 794976 16562 196 1 
972509923 612227903 645431131 710457333 782404088 104679154 139993582 555393784 69424223 67619646 83916727 44717400 1242150 22050 225 1 
586493473 399696391 251056025 168699516 386629445 984177616 189804899 935118378 225086430 761671020 252965842 293042174 79497600 1881600 28800 256 1 
986189864 793318040 178539101 630313286 301963037 77161231 358468528 671270205 572813010 63645890 604038283 472191890 601983868 135945600 2774400 36992 289 1 
781263551 87322976 371122648 437941518 285789629 80182644 694451079 170069652 590743170 294763334 6563813 322182151 563309576 823320056 224726400 3995136 46818 324 1 
868586527 531234365 893188113 23392514 23392514 213684379 471305618 125040266 148225594 858161698 485113911 687829166 814625006 955198190 253336432 360561024 5633766 58482 361 1 
401576539 45575956 216485791 432971582 584812850 374280224 488698211 852659741 282379486 78806011 437913733 844686644 801476180 392345980 584437701 894040036 563376600 7797600 72200 400 1 
