3000
1692 1174
1082 2320
1710 230
893 1936
2209 881
1132 2597
2688 1514
2439 93
330 2363
515 2536
564 531
1103 845
1296 1304
2448 402
991 321
1485 1151
1520 1093
2095 1600
2671 1885
1005 755
1100 760
56 2494
1797 767
74 2766
1956 618
240 2452
1019 2525
357 50
61 1988
978 837
1521 1216
603 2447
1491 2602
1176 2356
1574 4
2593 1171
2499 2461
2151 1539
848 649
532 2057
428 2395
1987 2793
2213 1433
1789 2283
2479 1680
2638 1122
944 2435
2768 2746
1983 2995
2393 1641
388 2417
272 407
691 233
509 1280
1228 1458
142 2668
786 797
496 1502
2568 2424
2256 2740
1997 2508
237 284
1038 801
630 746
2657 1696
958 230
527 1181
895 2754
1191 849
110 69
1985 1962
2569 2570
2232 1619
2569 1200
1623 1156
2529 466
723 67
2315 2836
1697 2714
257 375
2975 308
1549 2881
2523 2410
809 1783
1950 2577
791 2140
154 483
1451 1431
1650 1163
609 482
2863 199
617 1819
2390 2419
2364 1078
473 2372
233 471
2604 914
872 2416
2579 933
204 2165
427 1322
1737 703
1017 274
279 2933
160 2199
1106 2673
2351 1490
2083 598
2866 1141
2327 1405
2862 1219
2548 268
172 2168
2698 718
1028 2349
1364 1552
314 2604
887 339
2784 2270
1033 173
2266 2512
2267 725
1325 1718
2864 378
2822 1107
452 2576
2366 758
1432 1923
616 2202
285 2695
2937 828
1638 1959
808 1575
2909 1302
2247 2747
590 1627
2798 1200
1733 161
1472 1042
1842 2536
1310 409
2696 45
1051 2668
677 2270
2353 1715
2040 451
1735 636
441 114
2618 1620
1808 1000
2719 2960
657 2655
311 1324
2488 1775
2797 1437
533 740
20 570
2687 2556
2772 254
290 280
1943 2574
2258 1299
246 963
1755 136
219 1309
2753 394
1598 2705
1174 1628
2192 2582
1904 2047
501 934
2721 1002
764 2539
2815 2224
2556 702
1045 602
956 1850
763 835
320 2476
2396 1618
2227 2186
875 2213
1757 863
1680 76
2716 905
1613 560
2733 2118
917 328
809 1197
965 2437
13 644
2131 2874
639 1718
1816 2276
1794 1335
58 2884
2595 325
65 671
1666 2125
2800 2308
238 2288
564 757
2708 1230
2043 1876
966 2707
2941 2026
127 2183
2625 1105
1365 2566
1377 1733
2792 951
2120 1323
406 2590
1988 2674
2320 382
317 2789
2782 1272
777 1413
690 903
242 11
313 1997
152 153
1391 914
2007 2647
775 2693
1535 1439
2042 285
1899 1726
2727 252
1467 1714
1817 2440
155 2059
640 2456
1377 2132
1179 2735
2098 235
1670 141
888 1500
953 180
2573 747
2962 2750
2236 1417
55 1531
2239 290
2702 2025
1703 2698
1025 2811
1493 839
1579 2228
2809 745
2173 688
1040 1081
712 724
2313 1891
436 733
1993 2221
2973 388
2868 895
1762 16
2200 1037
794 2484
2913 1528
2913 2948
759 2771
85 2314
2491 654
2908 300
2151 1639
2518 783
1982 1300
1769 1029
1284 347
729 518
554 166
298 2575
192 742
542 355
2102 41
365 802
2632 2323
2830 739
1313 1434
2505 1149
1926 2798
949 594
589 1822
2851 2333
2755 1966
2750 2542
2105 2406
1348 2043
1428 10
2839 2275
708 1716
2670 89
2122 1669
804 423
1266 1910
2110 82
78 735
1369 2496
2572 2943
2237 1247
494 1515
2093 1525
807 6
2290 1133
857 771
1956 2189
269 2457
2153 1582
712 579
1528 1291
631 1919
2165 2004
1050 2832
2578 90
1242 844
1740 1892
1633 467
1236 2139
2567 1732
1263 197
274 2373
1288 823
2838 1190
1065 1470
2228 2914
1862 754
2445 1238
1092 519
1403 1476
540 510
925 2883
66 1555
2664 242
1229 523
345 2763
896 2684
2299 942
339 2158
1778 1742
77 1429
322 820
74 2551
1304 1046
2046 182
2396 2783
356 1946
1167 1534
1508 957
2643 2582
2787 312
107 2062
1187 378
574 1023
336 447
695 648
1196 376
1294 766
435 1939
213 1725
2931 2428
2725 2571
1165 2899
265 788
1580 1184
1330 880
2924 2921
1111 674
519 824
812 1395
129 925
2449 28
1337 39
2334 1678
1318 2125
928 1880
1347 2667
2731 2989
2424 1411
2489 2949
2040 2465
1452 1862
1188 866
1203 1442
2423 1231
959 199
1803 287
531 2985
1870 32
1821 1568
2020 2981
341 1339
893 1084
1922 683
1487 204
2703 649
768 1728
1113 859
1202 1055
424 2390
2284 788
2251 2761
2341 1773
2535 298
2832 1201
2852 2546
1545 913
937 792
2680 1836
1510 883
1048 1584
1262 1435
994 2444
2829 1331
1161 1416
2609 128
138 225
2065 1437
1439 1766
2398 1172
2645 1595
957 1900
1907 2819
1473 2686
1344 1257
510 842
2171 575
789 194
2864 1814
2694 1699
2202 548
135 2339
994 1021
1913 1058
1445 1590
1801 481
2795 1611
2592 1339
2246 1250
1749 288
2292 1723
278 1776
2480 1107
406 500
1765 1334
1310 2730
469 449
2849 251
2676 1173
305 2300
696 2805
201 372
2545 553
64 2937
1361 2751
535 841
89 1276
1653 2560
1226 1216
2647 1128
1254 882
1550 1822
637 1384
824 349
2480 1024
1371 2014
1558 85
63 304
1688 688
2514 1960
1419 323
576 2370
1323 2600
1727 19
132 2268
1235 762
220 62
900 1751
127 987
2688 1346
2873 1150
618 1589
2672 2032
1640 1837
1642 831
1383 2656
1214 586
1888 2639
812 2737
790 2820
2260 21
1152 2206
2365 1854
890 2464
2770 88
2096 2909
1171 2897
1694 2019
1432 1767
2517 282
499 386
1393 1786
2762 410
2915 732
2585 1146
1258 137
344 2380
2115 464
2579 1555
390 2271
2656 2819
2669 2209
346 256
2686 514
232 14
2777 1110
2241 15
1426 26
1974 922
384 35
2641 1359
184 1936
2028 1891
1368 1234
2451 2609
515 2268
2244 1606
300 902
117 1167
720 1953
1082 244
198 2179
314 427
1573 1612
1105 898
318 2403
1880 759
1807 2961
1998 476
1640 315
1101 2438
2007 1651
929 2622
2967 1402
743 842
2286 295
869 2590
2892 2724
2873 2277
2930 142
1493 1106
2108 2399
1463 2952
2476 2159
2261 1448
1044 1549
430 1746
288 1898
2167 980
118 2917
1351 1446
333 2691
3 662
1789 2158
467 1193
866 1359
534 836
1741 2709
1270 1386
1920 2870
885 1695
2230 178
976 644
1684 2325
335 2823
317 1738
1043 628
1604 2422
2021 996
745 2507
359 2914
1297 2975
756 1945
593 1264
1406 1636
1958 640
1612 1071
238 1297
1431 1980
2375 974
1706 2073
2316 1883
1734 1218
778 2126
2538 11
292 2543
1375 830
2348 319
3000 1292
1832 1651
1978 2495
1747 92
767 123
2342 2150
1570 70
2326 777
2735 913
2587 2934
302 1855
2781 2372
634 205
2354 625
2674 694
2033 1309
1809 2393
1465 1392
1059 2971
932 1848
1004 2992
2195 2399
2088 793
1096 1294
1428 2818
982 1372
2120 369
2467 102
2009 753
1356 1422
700 1882
1479 2330
487 309
1523 2189
108 2987
1582 1447
1494 2889
1245 22
950 2478
2611 2450
390 2806
2264 2475
876 1285
2236 1890
1878 783
2928 1509
374 2243
704 2896
2963 460
2009 2444
132 1384
75 2833
419 2198
1754 2888
2788 1270
1708 2871
1975 9
570 268
2091 1008
2990 2925
537 1576
2774 1360
24 1677
1663 2090
1282 1925
798 2514
1018 207
2421 2310
1316 2027
1597 2607
1879 1711
1976 2657
511 2358
2403 1522
1586 701
1261 502
1403 1401
873 2099
2854 2111
2962 1102
2598 60
907 2364
57 1266
1053 973
2502 279
523 752
865 269
829 1025
716 1249
899 1009
2640 211
1199 1648
346 996
2118 1604
34 222
1976 2314
2867 2443
2430 670
2932 2466
579 27
1371 305
1274 820
672 2956
2807 40
1085 2849
1961 1133
252 535
1425 1539
1256 400
883 1125
1199 2044
1098 1238
218 1446
2804 2343
1153 2469
2630 46
2147 773
1743 1688
1492 2728
1642 2512
1024 2928
2880 423
2835 2547
1293 566
2057 703
1314 877
1949 385
1379 860
1600 1745
197 259
937 162
373 2260
2409 334
2857 1992
2690 1601
2225 1512
1496 86
851 1096
1901 599
1609 606
2243 2898
2676 2450
2172 404
1834 1109
3 646
2779 709
2929 2736
1427 2006
367 1824
198 2537
2259 381
924 2175
832 2301
1706 1498
49 1981
2286 2175
2106 546
500 1181
1166 1155
2041 1980
22 592
2463 1878
1456 1986
1865 772
1850 2315
2379 2254
2166 673
92 2685
2460 2583
1033 1049
210 1237
1205 146
1062 737
2893 2339
2426 330
267 1689
275 630
750 2070
735 2620
2845 417
2951 157
459 1927
2599 1902
2621 2912
2317 368
2856 1407
416 2132
2063 797
2135 1772
153 2106
1645 435
2436 485
1656 2423
2487 1721
2612 2177
2653 2263
2963 1849
2488 1468
1752 1676
1567 1080
108 2194
2388 1272
2144 1781
822 2889
458 2178
1537 2441
750 54
2174 414
2911 871
31 1602
2756 1225
52 170
858 2053
506 971
1477 1818
1318 2411
2234 2346
2749 1018
1182 1875
1210 698
1793 2137
2946 2140
741 1292
2220 1565
2636 2633
612 2279
2448 1071
2502 248
2098 1844
2123 714
1373 668
1658 744
1357 1645
155 2272
1503 2614
643 2143
2759 2385
1993 182
2193 2420
574 2402
1637 200
2617 2660
1466 206
2764 1795
2410 2288
1090 512
1249 999
1388 2964
2027 2484
1896 2344
834 1858
507 2307
1524 1578
216 1268
580 1490
2304 1524
1308 668
1126 2359
2068 1823
2089 1898
1039 1261
960 258
908 1260
679 953
867 138
2616 1188
1916 2219
2693 174
549 2405
1160 2623
51 2124
217 1615
729 43
1513 2993
2654 1894
1617 840
2660 2722
1857 904
951 672
1856 2075
2383 1327
2877 834
2976 2887
1536 1220
1458 1372
2477 2208
806 2205
1474 2791
2866 823
1474 112
2032 1097
2242 1985
938 1676
43 1542
405 2607
1126 183
1259 2345
1108 1352
1594 2358
79 23
2748 1543
1704 1333
2214 2744
2045 1578
863 2524
2207 543
938 2874
1069 2933
945 420
2498 1331
2872 1012
921 1185
2952 2149
113 2402
1912 1791
1918 912
1397 2631
2935 1383
229 2299
1780 244
1281 415
236 506
939 2471
98 1387
787 2359
2391 210
131 1480
857 2397
1932 212
840 2743
1290 40
1469 349
2441 273
8 68
1219 291
1753 2775
2778 2969
1303 585
222 692
2560 2047
2198 165
2407 1722
1215 886
1875 134
2979 2712
208 2692
392 838
1698 2508
638 964
439 493
1138 1763
1246 2361
1908 67
479 972
2541 1296
969 250
296 215
2305 1348
2974 173
961 2471
1538 1221
2959 867
2045 1421
1469 1169
1497 1054
1629 297
943 536
1006 2811
271 1168
1278 505
117 1701
659 2459
471 1277
1632 1723
1915 2163
2748 91
907 2762
361 1326
32 350
332 1303
1401 1670
2203 2150
2862 529
719 817
2887 2238
2074 99
974 2629
905 1499
494 2367
599 1815
1352 178
526 2872
897 1879
1647 2449
1449 1098
399 1606
1943 2987
1599 856
2272 1725
955 1501
1422 2352
760 1739
2934 6
1016 2588
2943 2051
936 2760
781 407
1796 1660
2839 628
2433 483
1947 522
2956 2855
223 1414
410 2336
1969 480
2126 1321
779 1861
1000 2453
2998 2164
2516 1961
1581 1207
190 1596
2111 2136
1135 2445
1787 2921
116 2265
2699 146
912 1530
596 1751
711 1086
2282 458
2827 217
36 889
818 736
20 769
2895 1467
1301 1450
1454 98
2080 15
619 1709
959 582
2250 527
425 368
1140 87
997 2052
1874 655
2665 2467
2742 415
2597 2124
1129 2156
2279 825
2626 37
2689 2606
325 1302
620 552
77 1060
357 1973
259 1996
2893 882
1047 2785
2336 2161
1843 558
2046 2274
1061 1701
2280 2454
620 977
1538 171
1459 2411
1864 2262
387 2208
2341 1038
1263 1984
1756 1648
418 2894
1408 1667
1897 2809
312 669
2038 2036
1714 1242
2954 1139
216 549
2133 2490
606 583
1931 2319
121 489
460 2829
2302 2515
296 272
1137 1711
2821 1183
1338 868
4 1330
978 1350
870 1157
1208 1968
1487 2940
854 453
86 239
2191 1662
517 811
144 1934
1003 561
102 431
2481 2107
160 340
306 263
623 2224
1720 1486
358 1798
2020 2996
2816 930
596 2700
264 358
1871 47
1813 1356
2453 2197
1399 2369
1928 2223
1255 1380
541 2659
1810 2920
2413 1143
1816 301
2930 2417
607 731
1332 726
1852 2528
2813 310
572 565
1116 2836
1873 342
2253 2285
2826 1382
569 1616
2042 27
1313 1160
55 2011
2505 1918
2997 2059
2337 558
2277 295
1374 560
389 526
1771 255
2141 1279
299 1886
2454 1625
704 676
555 373
90 2824
590 1385
249 143
2568 2650
2799 2460
2060 985
1999 933
239 2354
2180 2558
670 2936
880 1222
722 2255
401 2235
843 324
1088 2248
291 720
355 1233
2891 1890
601 2683
542 2744
115 993
175 1440
2362 1395
2786 202
530 168
2013 1722
1623 1617
651 111
1824 1473
457 2290
413 1761
54 922
35 1516
2419 412
1369 2085
1317 2335
188 1973
2012 42
438 1945
1503 1620
1074 1118
2217 1799
2291 2950
716 607
2974 909
1178 280
2278 2199
2295 1122
1760 1001
906 2024
1346 2596
422 1852
1087 2751
2627 2297
63 1114
697 2803
2699 2559
1376 2351
486 1482
1958 693
2015 1319
1194 2412
1699 1412
1363 2801
2580 2659
1560 2493
604 1896
1046 2162
148 60
1859 371
1509 1239
191 629
1070 2216
1058 2160
2406 1809
894 2012
1669 2847
2605 782
1478 316
2184 389
928 48
2321 2527
1730 2217
1089 1342
1246 2130
677 1191
1068 2485
1378 1179
2658 1151
2615 75
221 125
478 1364
2949 940
2192 1740
1766 896
2297 1857
1609 874
947 775
409 663
1646 639
1332 1948
2347 2104
584 1838
879 1225
1141 1319
800 1119
2008 52
2567 2121
1828 2901
2795 1940
1907 1040
200 490
449 2640
2907 551
569 327
2896 154
1541 2362
2181 1580
179 1785
2722 2965
1424 1343
525 1385
1837 2715
1279 420
1753 411
2898 2855
2048 2518
2630 59
966 2280
164 591
1561 1092
1705 1593
1110 1170
1084 2296
2772 2251
488 975
1728 2817
2642 1505
1460 789
2377 192
135 145
2429 363
1764 2769
2298 1312
2382 782
2774 2071
1195 2109
2739 1142
1192 1407
1679 1211
2901 805
1300 2875
2194 2296
1496 2273
2719 2464
828 1264
1286 1115
393 46
970 2869
2776 2614
495 1700
88 2338
1402 1101
1039 1570
2309 730
1832 839
802 779
2028 1802
2325 1671
1381 983
2861 1815
189 1519
2509 1023
1482 2392
120 2662
2578 1068
30 2404
2653 1889
205 2634
119 14
1923 652
2667 39
1076 621
498 2489
1562 2184
2375 2526
2425 2723
1410 1516
2238 2790
2281 2066
1438 1911
2939 468
2003 1276
818 499
2240 1363
1366 109
2079 1757
965 353
1378 1329
2610 773
2532 212
721 2172
724 983
1273 2001
2506 2241
1779 1185
1362 152
1915 404
101 960
1577 2432
1224 286
2166 1629
133 284
2767 2069
162 2087
2663 980
1176 1138
190 2749
84 2381
1823 597
528 2442
2847 2333
1155 337
1944 2841
2176 595
118 1140
2878 2678
1492 2438
919 2812
1326 2729
1240 806
1866 921
229 2298
853 2369
1298 2891
36 2334
2074 2619
2447 1799
1630 969
822 2156
1091 2316
2326 1444
2705 521
2255 2084
2376 2207
2371 695
95 474
1274 964
2349 2054
1900 413
1515 2942
1567 1374
276 2338
768 761
686 1020
1293 2867
2780 1132
520 2030
522 884
1404 667
939 1416
158 1964
1077 2652
1868 2995
632 2654
1748 2782
1849 1088
1884 1768
2628 432
2248 1093
1026 168
326 2457
2861 1488
1079 2763
1727 1797
1073 1990
557 1758
2434 1937
2237 2755
641 2379
2525 354
2745 588
1147 2034
2231 692
172 1908
1653 281
2387 1484
991 2006
169 2346
1012 1021
1793 8
1765 2881
1394 1043
892 1517
2994 2050
2052 1041
860 352
1967 878
1265 2509
281 1761
2526 2324
659 927
897 784
1415 886
237 803
1865 1397
2079 2311
384 421
1984 1940
87 241
1206 920
379 702
653 1742
687 343
2231 1744
509 2584
2760 1239
2645 1941
2311 1588
1912 1917
1230 59
1654 391
1910 2621
403 1887
396 344
1036 1311
7 144
1 1455
2501 2324
2013 1639
2605 517
2563 1804
946 2167
1047 203
2328 2726
2549 2828
1056 2245
1341 2964
2681 707
180 1198
2523 2860
2923 1863
444 191
847 1146
292 1811
747 633
2415 1512
1845 734
1798 682
940 799
2922 1603
2550 96
1197 2067
1743 2397
521 2285
2365 2758
1113 1316
1427 171
749 2777
1223 2036
1611 294
1090 1750
1874 1287
1064 888
1291 1162
1632 2589
1491 2789
1591 2837
2733 2626
2010 2627
2060 2662
2848 158
507 76
627 1572
1608 660
1513 1732
689 2212
850 687
2374 524
94 365
1019 2050
1703 1659
2747 538
1307 1073
990 2190
739 2834
303 2016
2773 1255
45 2734
2805 2177
1334 1942
2925 652
2564 1064
1847 2673
2458 490
1357 1184
100 463
2978 1895
1909 353
919 2141
1186 226
331 2594
770 1529
1232 2072
2731 2407
2635 1724
2837 1741
872 2292
2844 2557
2462 2753
1870 433
2263 1656
2644 2966
1367 800
516 234
122 2293
2854 1559
2340 931
487 1087
1400 1253
2585 1314
113 1400
1204 503
1545 315
2475 2000
1075 1963
1807 1569
2357 359
1094 2322
835 2300
2550 1673
2527 1691
1754 91
2479 597
1055 25
1066 1770
722 610
1340 2565
1760 1349
2681 2704
2642 2912
1791 1768
1003 1877
2876 1202
1449 1011
2738 81
749 2922
794 1868
1621 2970
1592 920
1767 727
2361 990
2142 1241
1631 2113
2499 2990
1180 1419
1700 260
2684 1872
2191 956
2170 2932
2283 557
796 532
2857 2494
2651 2675
2373 669
2112 621
2159 1635
1955 1616
625 2728
1864 2664
1755 1933
2947 2385
900 2720
2920 1037
104 1014
24 2100
2401 2309
1032 2331
1785 1095
2712 254
1527 949
565 1729
1602 815
1465 2792
1934 497
1686 2421
2510 1546
115 2765
114 2773
1022 2305
472 1717
1974 1251
1794 947
401 1461
2161 2730
1633 2096
2024 1290
587 2813
1650 2035
362 1831
1354 2232
1259 2717
2218 2766
436 1926
1627 2400
1715 613
2661 2332
2344 2235
454 428
1268 538
2703 678
1989 2092
2183 1584
2790 1220
1598 865
2462 299
2938 2095
1957 294
700 2610
329 2786
2765 187
2058 370
1152 2587
2938 1485
2580 348
689 12
1505 2915
2833 1551
691 1634
2533 18
1030 495
832 1933
2225 1950
1441 1800
5 480
580 1522
979 550
1213 2899
2859 1307
2894 2628
1299 544
1999 1234
2615 1626
2853 2220
1265 1143
165 188
68 2246
1519 1325
181 464
675 1599
1256 2123
1644 2214
2173 2360
2603 2147
323 289
1120 656
979 1498
891 2160
1783 578
2215 2486
2924 451
2564 1283
164 1665
2554 2806
1819 2825
785 2979
3000 1020
1245 283
2856 705
2219 826
1547 1347
103 2162
755 2601
1884 319
498 661
2858 2400
2289 1102
2663 2960
816 106
2600 251
51 2804
1564 2907
833 1859
2557 1089
1250 1876
41 1355
1501 1218
2492 148
193 2690
2843 1121
881 780
852 2958
1410 2595
175 1366
2601 1672
725 194
1409 2017
1057 2152
1877 2483
2154 516
1652 1713
293 2029
776 892
2968 1328
2808 1835
984 1128
1240 2113
887 263
2880 2740
545 29
37 2180
2565 111
456 1244
139 1267
1553 84
2955 2144
224 1321
843 2643
901 2530
555 1370
2097 985
2972 603
2591 2711
2005 2850
827 2129
1165 2900
731 717
1667 1028
1655 808
1135 1893
1029 1125
2335 2148
287 1661
1764 440
1489 2121
2321 1217
2729 2700
894 2883
1248 926
2530 1035
1707 2226
106 1051
2652 874
2787 1338
2329 80
989 402
1577 2497
1273 2174
1851 651
1418 1705
916 657
1813 1734
2905 1083
817 2554
793 112
2635 1547
1080 685
1721 321
2531 1148
1147 906
2884 289
1067 462
1557 2890
967 2941
869 1975
1911 227
214 185
110 2543
1586 1762
2950 1581
2163 2182
1562 697
470 2100
2070 1663
2559 2064
1782 270
2882 2312
1960 1596
1881 1863
488 1801
513 1662
2154 2908
1382 1453
2377 1897
1735 2486
1367 1448
2991 2470
1483 1730
1129 2394
446 814
1843 975
1590 1072
1094 1418
2018 2455
93 1168
231 156
1803 2138
2910 1459
1619 2
1340 1076
1867 2852
380 2011
1540 1504
1376 2000
2073 2824
2520 2107
2414 329
1531 468
2211 2463
2295 2091
1913 1959
1154 1697
1041 1195
2978 1929
1289 236
179 635
764 2996
1507 2815
1972 232
209 2596
181 1917
734 429
307 2770
1954 1812
2388 2895
2019 2383
738 2539
2677 1169
1610 2808
2945 2910
360 2404
79 1161
2037 2145
2723 1
2247 815
2329 592
1502 1543
1854 377
316 1565
23 56
876 642
311 2461
1193 1872
1978 2056
1379 2843
2044 946
2176 1930
1792 2504
1825 2951
440 1212
72 1685
1483 615
1818 1991
1434 698
826 381
520 141
605 2677
1690 1440
1393 2713
2146 2287
2446 2072
2953 240
2911 1805
250 442
2037 683
318 891
53 868
2261 1534
266 2412
989 253
7 2540
2413 627
1756 1183
968 1398
1390 372
1443 1744
546 83
2846 270
1968 2506
2256 2927
706 412
1079 819
2542 1510
977 2266
104 2689
228 1070
673 1145
1535 1362
1190 1327
1180 219
2061 2718
908 2969
563 1678
578 854
1695 1052
1337 1523
247 2739
1903 455
748 443
1504 2275
2834 1305
2203 1758
1790 699
2781 2752
2039 2573
2276 2204
1994 2994
1130 2278
1252 2919
1260 2793
2794 2984
2366 306
1825 2655
2001 2581
1063 2319
147 2879
1134 304
567 1380
600 827
1287 861
1002 1254
2734 426
1687 2522
936 2134
667 1957
1077 1710
2905 2384
453 163
2468 2149
963 2999
123 1533
756 1895
1187 1489
1905 395
1451 1085
751 701
2679 2823
1665 1194
29 419
1210 1657
446 512
604 1411
1826 1173
2746 2157
2562 1192
1804 328
2944 1554
2490 1841
728 1083
337 2821
310 1800
1737 2865
1444 2566
2918 208
2269 528
1529 293
2129 1386
1286 334
2138 382
1275 699
2376 945
443 2148
1177 66
714 884
2802 2721
1408 573
2644 1774
586 80
2622 2482
513 1500
2221 369
1206 1208
202 988
1615 686
1702 1944
1001 1739
2446 988
2259 2926
2459 2661
218 2775
1564 1320
1387 1042
2252 120
1720 1553
1635 858
786 571
2706 1759
58 504
533 53
430 911
1788 2317
1203 2112
638 646
1709 1573
898 13
539 503
1771 624
426 1731
2116 73
2405 2669
594 1204
129 1301
2980 408
2738 2152
1328 915
1530 1886
2496 1866
2153 1693
34 1209
414 719
1015 2948
2678 366
1636 225
1576 636
360 2822
2675 1583
2090 1235
1729 151
2701 2230
405 185
2551 2727
2851 275
1353 1511
2646 962
2982 2718
2796 1341
1119 1846
941 1329
1164 694
853 861
1013 614
2066 2535
1217 2004
751 2704
2665 1358
852 362
2443 935
680 2171
2415 675
327 2637
2304 855
752 1888
33 1986
1252 221
411 2973
2185 1117
1472 1495
671 50
970 1124
1462 804
2306 215
1116 387
1657 1262
1311 710
2291 742
1251 547
572 1257
2116 469
2258 1812
1970 1674
1461 2971
1532 810
1409 2549
2022 1556
1779 2524
1375 2608
581 341
1601 2157
2709 2868
1969 2903
1906 958
1205 525
1626 899
2842 1660
2188 1685
2137 2392
655 1867
2571 459
283 1712
798 1457
993 2966
614 1591
226 2702
2632 1005
2048 1847
1137 57
1806 1066
2222 2561
371 1661
2570 2818
2685 602
2725 2302
631 2310
2485 1679
2049 42
1572 2830
1281 1935
2367 2293
170 1436
693 642
356 38
2697 1948
588 1905
615 2967
1390 1222
514 211
1628 2063
397 2103
2094 684
962 1213
231 1478
1664 116
1914 761
2959 548
997 403
193 2511
825 1004
1987 1780
902 2944
2608 47
2440 1232
2803 664
1540 2562
1977 961
2555 332
923 1738
2708 1059
1481 2038
619 1827
2710 167
278 183
1150 890
2521 623
105 338
2936 2478
2398 2303
2092 568
448 2473
424 2216
1684 379
2998 2743
635 648
1566 2075
2697 2840
1845 2078
2776 552
2520 1131
2169 2902
2534 2917
1554 177
1156 508
952 2807
2134 918
2282 1144
754 2301
2273 1724
1991 1909
2513 1995
871 159
376 931
2211 781
2451 2328
1752 2853
696 2104
351 662
177 1829
787 2122
932 383
1964 1480
1030 380
1681 71
2081 2797
2386 1921
331 1139
1726 2495
1430 583
791 1136
2117 2716
2935 1992
2503 1690
1810 1186
442 1373
1856 2425
2242 82
2378 1921
2420 2491
2430 2611
929 2886
1772 2586
2068 850
910 1333
1853 1511
1621 456
1649 524
2350 176
1518 1938
1829 811
1946 1551
1631 1078
1990 967
2210 647
1634 2431
1607 398
1457 486
1175 94
1306 297
223 166
31 986
1196 1820
2146 2427
1951 1345
1253 736
998 1786
133 1571
622 2850
1941 429
1839 213
2240 2227
2029 765
927 1537
2612 873
2394 1518
282 1481
2965 1285
81 1479
2085 2223
2363 2879
2957 2483
728 664
2624 2143
2970 567
803 784
942 1477
581 785
2481 2264
706 2831
1050 941
1007 595
2119 954
2602 2002
2519 1361
18 2989
813 2022
981 1014
2355 1692
2343 1127
2386 2801
1223 2507
2992 49
2431 1109
2312 1608
2357 1585
1336 984
1463 450
1971 253
2170 561
2352 1736
2168 2553
831 2619
470 2474
1145 862
2322 2650
1951 1453
1445 1527
762 1322
258 2414
1708 612
462 1689
2552 1054
665 726
1929 1228
2136 262
2888 2115
1673 1613
889 799
454 2055
1298 2252
2041 1166
1682 995
2080 626
1777 1541
2016 445
65 2986
463 1100
1719 918
1683 439
2083 1142
2841 1075
2015 2323
1288 707
2757 2846
593 206
591 1158
622 1091
915 2466
2089 2033
1533 1131
2720 1460
2500 2631
2105 1424
715 1211
679 466
2961 846
864 1104
2547 338
2540 2589
1136 1172
17 437
2695 1998
1972 2840
1506 973
2724 33
364 2769
1405 16
1115 2418
386 493
465 2985
2629 1284
482 2031
2692 2119
2356 125
2865 260
1830 2993
911 1996
2648 2802
1476 1686
674 394
584 1413
2021 2583
2651 2267
1044 2303
801 2401
2014 1360
748 2348
169 2694
1853 400
624 634
2759 1873
2418 1805
1899 1420
1693 743
1315 2428
1426 2741
903 2215
1745 2257
2902 1283
733 1597
2493 2711
1351 265
545 1425
1320 1622
2212 740
1355 2715
2923 2034
421 540
301 576
573 1011
609 1759
684 1796
1883 807
1736 2814
2634 2788
1526 2500
2371 19
140 1924
167 2827
2094 1750
1748 1007
1840 1521
1344 2114
1392 2918
1610 2426
1925 1548
2517 708
1955 484
377 2575
2593 948
774 159
2117 2195
21 2553
478 1060
641 2620
2055 1456
654 149
776 577
2641 491
709 1587
2368 847
2482 1072
1010 2101
2696 681
2135 2613
2381 1902
1381 1839
2623 795
2187 1178
1776 257
234 2188
730 934
1095 1588
343 2785
1048 862
2318 2257
2497 1214
810 530
1931 1658
1236 2086
1282 28
2069 2516
1838 1630
1781 2666
608 1603
374 1248
1494 1682
1258 17
1914 5
1057 64
2954 685
780 195
2416 1589
550 1869
1560 2051
2796 2999
1675 2081
1209 485
361 1846
2768 1215
992 2528
308 2062
2671 1104
2885 2436
1747 1182
1396 2741
2558 757
99 273
184 632
1924 1885
1398 2510
1063 1108
2064 432
769 2244
1317 1008
2584 2031
235 1892
1952 2185
605 870
1790 721
1130 1406
2586 352
765 2858
461 1643
1559 2
2078 971
1979 2810
1833 1558
124 2472
1052 1763
425 539
2422 774
1782 261
551 2519
2206 2337
2427 150
1842 1548
450 475
543 128
813 1368
100 1404
1637 2955
1034 1455
1336 1429
44 2778
1017 1927
2284 1614
1507 44
1450 452
187 2828
2680 1520
1074 2666
950 2477
1224 351
2435 2732
496 2529
149 877
1247 136
2039 658
2791 633
2306 2374
1644 2548
1919 2271
2848 682
571 1962
678 2984
2875 2378
1417 2904
1045 1546
723 2878
1123 878
992 1525
846 805
2532 717
536 383
139 2017
1280 2082
1271 2458
2442 2926
1967 9
1624 2262
1354 255
1233 474
1749 1162
2470 72
2155 1123
2522 437
2353 1164
2342 447
2649 224
2332 2229
904 399
1526 1111
134 2065
12 1468
2408 2128
1806 157
1787 2897
924 2758
653 241
563 455
1694 2845
1430 1834
1982 209
559 917
2980 2812
1840 2919
2625 1049
2142 2816
1550 855
243 2433
976 629
1574 935
554 1031
2544 186
660 10
1412 2946
1277 1315
1026 2082
1032 195
1506 1671
2757 1159
2713 1517
302 1983
2842 650
2108 1271
1163 1773
1433 2831
1579 1625
1027 2178
676 505
1717 1788
366 333
484 1112
1544 2972
2226 398
1097 1585
1099 97
264 856
2820 2756
2859 1830
1594 2752
2511 1552
948 1882
438 2474
267 608
2127 2581
25 103
598 663
2307 1241
2942 2736
2701 680
1086 2395
1802 2986
1365 1769
2182 1930
738 837
262 613
121 2616
119 582
1659 1464
1536 1170
2672 1713
2679 2599
2877 477
1103 1901
2077 418
2002 1871
1484 1221
1932 1358
1396 2389
1269 385
2145 2588
395 2456
266 1244
2077 1624
489 1906
391 836
174 2061
2927 1904
1342 848
1177 1157
1989 1826
1189 1120
1571 2658
1949 1438
2249 1056
982 821
342 1542
1121 1447
792 2637
718 2521
2347 766
336 1664
2127 2624
2546 999
821 575
2890 214
2289 885
2330 73
1006 744
1423 1389
1243 2504
1275 556
1278 2916
501 307
647 2389
1508 2087
1979 1308
2313 2648
2783 2870
1889 2761
2742 1965
841 1593
796 1687
610 1134
711 1497
715 1649
1415 2003
952 1971
753 131
553 130
340 1947
1618 48
2714 2900
416 2682
69 1981
479 1229
502 1499
1099 2982
2345 2408
2784 2429
2800 845
2541 2780
2810 968
2779 1583
271 2771
1828 201
326 814
2368 457
537 544
2706 1227
1691 562
1420 2983
859 534
2133 2139
2617 690
2976 1652
2026 643
600 2093
1893 246
347 645
422 1269
2387 147
491 849
830 1471
1666 1861
1486 2885
771 1226
645 1887
2434 1335
2025 954
1065 163
589 1605
816 611
350 1922
1916 746
2594 1937
910 2906
1016 1158
2053 249
2931 2468
145 1414
2537 1388
1117 741
124 1343
220 286
2360 2294
2234 1421
998 1495
431 1556
1674 909
277 196
1452 727
1833 1201
2838 1994
2591 2683
944 2049
2844 1148
1399 2067
617 354
1081 1827
396 1848
2576 228
461 276
2953 1647
1698 2687
445 2983
713 397
465 1114
1777 2598
256 1966
2646 476
2572 2233
1622 2005
492 1061
2186 763
2035 1716
1704 1394
2432 1587
367 1022
1569 1198
393 601
1643 492
1442 444
1778 2538
2794 320
2382 434
1952 1561
2190 2128
1069 2340
986 758
1595 1963
2384 875
2814 2193
1903 2639
1942 819
2179 2745
2473 473
1939 713
1441 261
1306 923
2958 2222
1389 1675
2452 972
955 1646
529 566
1207 665
2023 2030
1746 1731
1795 1532
370 2682
433 2088
2988 851
1034 2574
348 1154
2886 2555
1031 2498
1811 504
186 1475
2906 2603
2233 2465
2254 2327
2287 303
1027 2826
243 778
1349 1784
981 1305
577 1010
2633 472
879 2871
2882 1243
477 710
2545 364
1144 1935
2501 392
2439 1672
2239 196
2008 151
1267 150
1153 637
1289 1563
681 143
2892 2957
833 1435
2817 2102
2563 1175
189 2904
1920 1295
2281 2991
2638 1970
1013 156
247 448
2056 2929
1053 2710
1212 1159
2863 2155
1881 626
2469 2754
1821 2717
203 1894
2691 1668
248 656
2455 1035
1770 2437
1350 508
2544 2169
1514 1592
245 666
176 1712
2767 1681
78 2732
518 2097
2707 2835
126 1575
864 2201
1324 1488
2054 2968
2391 2229
916 611
2018 2010
2977 335
666 1454
1062 1127
1149 1683
2916 2204
2355 61
737 2076
2103 122
1189 829
844 1231
1858 107
547 2109
1607 1345
2945 83
1462 2114
2350 2618
1423 943
38 207
568 1831
2534 650
1443 1977
585 1835
2249 1836
1470 62
995 1124
96 1696
105 987
1353 2380
2613 2200
2503 2318
2606 1237
26 1677
2764 475
2492 2331
2245 1112
130 322
2210 930
2977 2939
227 2531
1860 126
658 1965
2196 2084
2869 1851
556 1312
1466 375
1668 1009
2023 901
1953 1557
1036 345
1928 2164
2131 1954
109 1654
497 1015
101 97
705 137
511 2250
1814 2903
313 559
363 2086
2101 795
1995 1869
1707 2058
790 2737
2099 2201
2130 1227
1641 926
417 2181
2472 1702
1118 1820
1566 2860
2513 441
1844 770
2947 1614
1568 1370
2799 71
1860 616
1563 2110
2515 481
1817 587
309 2552
1544 2649
1475 161
2274 1784
2205 1855
732 1638
2196 2370
70 2592
2218 1841
1774 838
2561 562
1775 2636
1295 2988
245 408
2670 2269
2409 1655
434 1792
2187 2308
140 1067
541 2940
2253 2197
2076 1471
1391 2265
1719 1808
324 2825
2487 2533
661 2726
30 1464
277 2577
95 2876
2981 1938
1605 2071
2997 1436
