100
64 8
55 13
11 1
64 65
75 70
74 68
5 48
89 26
64 13
20 81
76 79
18 31
87 6
19 21
64 14
82 58
75 10
45 5
28 38
86 85
47 93
24 29
25 83
35 52
98 67
75 98
22 50
30 94
59 73
79 63
23 14
77 26
18 77
26 51
5 49
4 68
39 96
92 47
61 35
31 73
72 21
33 51
2 14
92 69
41 98
100 43
18 17
37 80
76 80
25 55
44 50
84 15
52 99
73 97
39 91
49 12
37 12
36 93
71 45
43 13
8 37
32 95
74 11
65 3
93 4
72 16
24 25
6 27
75 53
6 98
49 56
20 88
22 8
6 52
66 59
88 79
56 38
60 5
40 72
58 25
19 34
69 94
62 17
90 60
7 4
30 17
95 49
22 36
93 84
86 32
16 86
78 60
54 89
64 9
42 87
80 46
69 39
53 17
1 57
