50001=NOR(2,3,4,5,6);
7=AND(50001,1);
50002=AND(2);
50003=NOR(3,4,5,6);
8=AND(50002,50003,1);
50004=AND(3);
50005=NOR(2,4,5,6);
9=AND(50004,50005,1);
50006=AND(2,3);
50007=NOR(4,5,6);
10=AND(50006,50007,1);
50008=AND(4);
50009=NOR(2,3,5,6);
11=AND(50008,50009,1);
50010=AND(2,4);
50011=NOR(3,5,6);
12=AND(50010,50011,1);
50012=AND(3,4);
50013=NOR(2,5,6);
13=AND(50012,50013,1);
50014=AND(2,3,4);
50015=NOR(5,6);
14=AND(50014,50015,1);
50016=AND(5);
50017=NOR(2,3,4,6);
15=AND(50016,50017,1);
50018=AND(2,5);
50019=NOR(3,4,6);
16=AND(50018,50019,1);
50020=AND(3,5);
50021=NOR(2,4,6);
17=AND(50020,50021,1);
50022=AND(2,3,5);
50023=NOR(4,6);
18=AND(50022,50023,1);
50024=AND(4,5);
50025=NOR(2,3,6);
19=AND(50024,50025,1);
50026=AND(2,4,5);
50027=NOR(3,6);
20=AND(50026,50027,1);
50028=AND(3,4,5);
50029=NOR(2,6);
21=AND(50028,50029,1);
50030=AND(2,3,4,5);
50031=NOR(6);
22=AND(50030,50031,1);
50032=AND(6);
50033=NOR(2,3,4,5);
23=AND(50032,50033,1);
50034=AND(2,6);
50035=NOR(3,4,5);
24=AND(50034,50035,1);
50036=AND(3,6);
50037=NOR(2,4,5);
25=AND(50036,50037,1);
50038=AND(2,3,6);
50039=NOR(4,5);
26=AND(50038,50039,1);
50040=AND(4,6);
50041=NOR(2,3,5);
27=AND(50040,50041,1);
50042=AND(2,4,6);
50043=NOR(3,5);
28=AND(50042,50043,1);
50044=AND(3,4,6);
50045=NOR(2,5);
29=AND(50044,50045,1);
50046=AND(2,3,4,6);
50047=NOR(5);
30=AND(50046,50047,1);
50048=AND(5,6);
50049=NOR(2,3,4);
31=AND(50048,50049,1);
50050=AND(2,5,6);
50051=NOR(3,4);
32=AND(50050,50051,1);
50052=AND(3,5,6);
50053=NOR(2,4);
33=AND(50052,50053,1);
50054=AND(2,3,5,6);
50055=NOR(4);
34=AND(50054,50055,1);
50056=AND(4,5,6);
50057=NOR(2,3);
35=AND(50056,50057,1);
50058=AND(2,4,5,6);
50059=NOR(3);
36=AND(50058,50059,1);
50060=AND(3,4,5,6);
50061=NOR(2);
37=AND(50060,50061,1);
50062=AND(2,3,4,5,6);
38=AND(50062,1);
