50033=NOR(2,3,4,5,6);
50000=AND(50033,1);
50034=AND(2);
50035=NOR(3,4,5,6);
50001=AND(50034,50035,1);
50036=AND(3);
50037=NOR(2,4,5,6);
50002=AND(50036,50037,1);
50038=AND(2,3);
50039=NOR(4,5,6);
50003=AND(50038,50039,1);
50040=AND(4);
50041=NOR(2,3,5,6);
50004=AND(50040,50041,1);
50042=AND(2,4);
50043=NOR(3,5,6);
50005=AND(50042,50043,1);
50044=AND(3,4);
50045=NOR(2,5,6);
50006=AND(50044,50045,1);
50046=AND(2,3,4);
50047=NOR(5,6);
50007=AND(50046,50047,1);
50048=AND(5);
50049=NOR(2,3,4,6);
50008=AND(50048,50049,1);
50050=AND(2,5);
50051=NOR(3,4,6);
50009=AND(50050,50051,1);
50052=AND(3,5);
50053=NOR(2,4,6);
50010=AND(50052,50053,1);
50054=AND(2,3,5);
50055=NOR(4,6);
50011=AND(50054,50055,1);
50056=AND(4,5);
50057=NOR(2,3,6);
50012=AND(50056,50057,1);
50058=AND(2,4,5);
50059=NOR(3,6);
50013=AND(50058,50059,1);
50060=AND(3,4,5);
50061=NOR(2,6);
50014=AND(50060,50061,1);
50062=AND(2,3,4,5);
50063=NOR(6);
50015=AND(50062,50063,1);
50064=AND(6);
50065=NOR(2,3,4,5);
50016=AND(50064,50065,1);
50066=AND(2,6);
50067=NOR(3,4,5);
50017=AND(50066,50067,1);
50068=AND(3,6);
50069=NOR(2,4,5);
50018=AND(50068,50069,1);
50070=AND(2,3,6);
50071=NOR(4,5);
50019=AND(50070,50071,1);
50072=AND(4,6);
50073=NOR(2,3,5);
50020=AND(50072,50073,1);
50074=AND(2,4,6);
50075=NOR(3,5);
50021=AND(50074,50075,1);
50076=AND(3,4,6);
50077=NOR(2,5);
50022=AND(50076,50077,1);
50078=AND(2,3,4,6);
50079=NOR(5);
50023=AND(50078,50079,1);
50080=AND(5,6);
50081=NOR(2,3,4);
50024=AND(50080,50081,1);
50082=AND(2,5,6);
50083=NOR(3,4);
50025=AND(50082,50083,1);
50084=AND(3,5,6);
50085=NOR(2,4);
50026=AND(50084,50085,1);
50086=AND(2,3,5,6);
50087=NOR(4);
50027=AND(50086,50087,1);
50088=AND(4,5,6);
50089=NOR(2,3);
50028=AND(50088,50089,1);
50090=AND(2,4,5,6);
50091=NOR(3);
50029=AND(50090,50091,1);
50092=AND(3,4,5,6);
50093=NOR(2);
50030=AND(50092,50093,1);
50094=AND(2,3,4,5,6);
50031=AND(50094,1);
50095=AND(50000,7);
50096=AND(50001,8);
50097=AND(50002,9);
50098=AND(50003,10);
50099=AND(50004,11);
50100=AND(50005,12);
50101=AND(50006,13);
50102=AND(50007,14);
50103=AND(50008,15);
50104=AND(50009,16);
50105=AND(50010,17);
50106=AND(50011,18);
50107=AND(50012,19);
50108=AND(50013,20);
50109=AND(50014,21);
50110=AND(50015,22);
50111=AND(50016,23);
50112=AND(50017,24);
50113=AND(50018,25);
50114=AND(50019,26);
50115=AND(50020,27);
50116=AND(50021,28);
50117=AND(50022,29);
50118=AND(50023,30);
50119=AND(50024,31);
50120=AND(50025,32);
50121=AND(50026,33);
50122=AND(50027,34);
50123=AND(50028,35);
50124=AND(50029,36);
50125=AND(50030,37);
50126=AND(50031,38);
39=OR(50095,50096,50097,50098,50099,50100,50101,50102,50103,50104,50105,50106,50107,50108,50109,50110,50111,50112,50113,50114,50115,50116,50117,50118,50119,50120,50121,50122,50123,50124,50125,50126);
