1
30 60
40 -1 -1 234 78 74 -1 269 278 172 -1 119 -1 -1 -1 -1 -1 41 118 280 208 281 122 43 -1 108 192 -1 26 -1 156 -1 133 -1 -1 286 -1 236 -1 216 -1 106 -1 -1 -1 -1 9 -1 -1 -1 -1 -1 -1 -1 -1 -1 241 -1 69 -1 
45 -1 -1 176 256 2 -1 92 -1 127 -1 273 149 -1 -1 -1 -1 196 182 163 300 -1 -1 82 -1 -1 101 -1 15 248 -1 -1 -1 -1 179 -1 -1 271 -1 -1 -1 65 -1 -1 10 191 -1 -1 -1 230 211 181 242 294 173 278 -1 -1 -1 -1 
-1 -1 -1 209 190 114 8 -1 -1 -1 264 -1 -1 119 -1 78 69 -1 54 90 -1 46 119 -1 47 241 56 148 285 296 -1 -1 -1 29 -1 244 -1 -1 84 29 176 -1 230 295 44 -1 -1 -1 -1 275 -1 176 71 -1 -1 188 -1 80 281 194 
-1 -1 -1 -1 -1 88 -1 -1 101 248 -1 232 254 40 -1 279 -1 -1 114 216 26 262 46 82 210 294 -1 17 -1 -1 81 11 -1 77 -1 217 87 130 45 -1 112 -1 -1 -1 251 -1 -1 220 223 294 -1 41 54 -1 197 -1 -1 -1 -1 -1 
151 -1 188 -1 -1 -1 -1 -1 -1 -1 -1 190 -1 -1 -1 -1 -1 -1 228 -1 -1 13 -1 4 -1 -1 -1 -1 -1 241 118 130 -1 -1 42 -1 210 -1 153 -1 -1 54 10 155 66 7 -1 -1 -1 -1 -1 27 124 185 259 -1 238 -1 -1 -1 
115 249 9 -1 -1 -1 -1 -1 253 -1 -1 -1 -1 156 97 249 199 -1 169 -1 -1 26 250 52 292 170 -1 246 158 -1 48 125 273 -1 -1 233 -1 -1 90 116 -1 -1 71 -1 119 -1 250 -1 -1 -1 -1 186 203 -1 -1 -1 219 148 145 180 
-1 -1 106 124 203 -1 -1 284 -1 -1 -1 93 -1 215 297 -1 -1 -1 -1 -1 -1 232 35 9 -1 -1 293 31 -1 36 -1 120 -1 290 164 -1 -1 295 -1 8 111 -1 266 -1 -1 81 -1 -1 -1 129 46 -1 -1 -1 237 256 4 269 67 -1 
288 89 -1 7 -1 215 -1 -1 188 -1 220 17 245 219 20 78 127 256 105 -1 -1 -1 258 22 155 -1 48 266 -1 237 75 -1 230 -1 143 -1 -1 29 -1 -1 36 253 -1 -1 -1 -1 -1 -1 -1 -1 11 -1 -1 56 265 23 -1 -1 -1 -1 
57 217 213 -1 -1 -1 -1 181 6 -1 -1 -1 -1 192 -1 257 -1 235 -1 -1 245 -1 -1 -1 218 -1 260 42 -1 205 -1 83 -1 -1 132 -1 -1 -1 -1 -1 -1 -1 -1 252 -1 -1 246 -1 190 30 150 24 -1 -1 92 242 260 213 112 70 
-1 -1 19 -1 242 148 -1 290 131 -1 -1 -1 -1 76 -1 -1 110 -1 289 -1 -1 -1 -1 85 -1 71 21 -1 -1 -1 -1 -1 -1 132 234 280 30 285 -1 207 193 -1 165 -1 188 -1 264 116 182 -1 -1 50 -1 -1 248 -1 -1 24 -1 216 
-1 80 61 -1 -1 206 19 279 171 7 -1 -1 278 151 172 252 206 -1 -1 -1 150 120 182 -1 -1 70 244 -1 -1 14 -1 -1 -1 -1 238 136 266 267 -1 -1 -1 -1 81 292 -1 32 198 -1 -1 -1 -1 77 -1 -1 188 -1 -1 -1 168 -1 
-1 -1 217 -1 -1 -1 -1 206 41 -1 25 214 101 182 -1 -1 7 -1 -1 122 281 55 192 -1 -1 -1 121 293 -1 -1 -1 -1 -1 -1 261 -1 65 270 139 206 -1 181 -1 188 223 35 75 -1 248 -1 -1 -1 131 -1 13 -1 94 -1 -1 176 
-1 -1 -1 -1 -1 -1 167 -1 -1 252 -1 274 -1 53 191 -1 -1 -1 -1 -1 259 -1 174 209 -1 -1 -1 -1 62 133 160 -1 32 -1 -1 27 -1 -1 -1 5 120 229 -1 -1 95 -1 6 -1 -1 -1 246 199 258 -1 -1 -1 -1 -1 -1 238 
296 262 283 188 80 118 263 92 -1 -1 -1 23 -1 -1 -1 -1 134 280 143 263 -1 106 -1 -1 -1 -1 -1 -1 -1 290 -1 -1 32 109 -1 -1 -1 37 -1 138 219 -1 -1 -1 283 287 147 287 98 -1 -1 56 48 -1 -1 144 -1 211 212 27 
-1 159 199 154 266 245 -1 -1 218 -1 246 -1 -1 273 -1 234 -1 -1 -1 -1 168 299 -1 -1 259 -1 -1 -1 86 -1 192 212 76 19 -1 133 -1 89 220 117 186 162 -1 190 -1 -1 -1 175 -1 -1 183 -1 -1 -1 168 294 254 -1 -1 256 
111 -1 -1 167 195 -1 18 208 -1 -1 -1 161 114 90 174 144 79 254 -1 237 221 -1 61 -1 -1 296 -1 -1 -1 45 -1 -1 120 94 -1 166 25 188 -1 -1 217 -1 -1 -1 179 -1 236 -1 -1 219 16 6 76 177 231 -1 -1 85 -1 -1 
208 284 -1 -1 -1 -1 -1 14 83 242 130 233 252 -1 61 188 -1 -1 -1 -1 -1 248 -1 285 285 -1 -1 -1 11 278 144 221 238 -1 292 -1 -1 -1 -1 -1 226 157 -1 202 -1 73 -1 6 5 277 155 76 -1 -1 -1 -1 -1 -1 -1 296 
-1 107 -1 -1 120 77 -1 43 -1 -1 -1 -1 -1 -1 115 77 -1 28 -1 -1 -1 49 139 250 132 235 39 -1 -1 -1 155 189 -1 153 111 -1 -1 241 -1 116 -1 183 143 -1 -1 8 -1 -1 -1 189 -1 -1 57 -1 -1 -1 -1 212 53 -1 
207 161 -1 -1 -1 104 278 -1 200 -1 -1 260 -1 -1 -1 -1 -1 251 124 -1 7 69 -1 55 -1 -1 137 290 189 191 92 39 201 173 -1 -1 -1 -1 -1 64 225 230 233 -1 -1 -1 183 213 257 241 -1 -1 52 -1 169 -1 166 -1 -1 92 
-1 -1 -1 40 -1 182 -1 -1 -1 223 236 -1 219 121 221 205 -1 236 189 147 143 -1 -1 -1 -1 -1 286 81 157 -1 -1 60 -1 250 -1 -1 -1 -1 -1 -1 272 76 -1 -1 -1 -1 58 -1 -1 101 -1 53 -1 -1 252 -1 -1 -1 -1 101 
-1 -1 -1 -1 138 -1 -1 98 172 -1 -1 116 -1 -1 -1 -1 74 62 258 134 -1 204 269 -1 205 42 125 163 233 189 71 270 -1 117 184 -1 200 -1 221 -1 -1 -1 294 -1 139 247 -1 280 218 137 219 292 -1 -1 -1 257 -1 -1 -1 30 
212 -1 172 -1 -1 80 52 -1 -1 -1 -1 -1 250 186 -1 -1 -1 -1 -1 249 -1 -1 -1 -1 136 -1 233 -1 -1 -1 -1 120 -1 -1 175 181 -1 -1 -1 -1 244 109 -1 36 -1 -1 208 64 116 43 -1 49 -1 -1 95 -1 -1 61 -1 209 
-1 198 64 24 117 271 263 269 -1 13 -1 70 -1 104 129 2 -1 168 -1 -1 -1 -1 -1 -1 126 -1 111 250 232 -1 13 192 -1 64 -1 -1 -1 41 -1 237 -1 178 -1 -1 -1 30 -1 -1 19 182 204 270 -1 -1 -1 251 -1 -1 -1 163 
-1 -1 203 120 -1 164 54 114 -1 151 13 -1 102 -1 103 145 211 -1 86 -1 41 -1 -1 296 103 -1 -1 -1 196 -1 -1 194 -1 191 135 294 -1 -1 116 -1 -1 258 -1 29 -1 95 -1 -1 -1 -1 37 299 135 -1 -1 -1 295 112 -1 192 
-1 -1 167 19 175 159 -1 140 72 -1 139 228 -1 -1 -1 -1 -1 -1 -1 74 183 -1 -1 300 -1 -1 123 237 -1 -1 -1 -1 202 190 -1 -1 -1 117 -1 27 -1 -1 -1 -1 185 74 223 136 204 -1 -1 -1 -1 -1 -1 -1 -1 -1 185 -1 
-1 -1 24 -1 -1 119 259 -1 101 294 14 -1 109 81 -1 253 -1 -1 -1 -1 211 -1 -1 232 -1 90 -1 243 1 55 203 299 253 -1 205 183 -1 -1 80 -1 -1 -1 44 188 46 106 189 -1 228 255 221 -1 -1 204 -1 80 -1 39 25 267 
125 227 223 -1 292 -1 4 197 -1 -1 290 34 -1 -1 -1 108 226 270 90 -1 -1 64 252 229 -1 70 -1 -1 -1 127 138 -1 -1 -1 -1 157 265 118 239 -1 -1 -1 -1 -1 -1 -1 296 -1 223 -1 155 -1 -1 -1 34 -1 288 148 -1 279 
262 -1 150 150 -1 -1 -1 -1 63 95 119 27 249 -1 -1 50 97 135 218 209 -1 -1 220 8 -1 229 98 118 254 1 238 -1 -1 289 -1 207 -1 -1 -1 -1 -1 258 197 78 -1 204 -1 106 110 7 -1 -1 21 86 -1 -1 237 -1 111 32 
-1 -1 225 152 -1 -1 -1 -1 -1 -1 -1 -1 -1 -1 -1 -1 -1 -1 -1 196 -1 271 277 176 155 -1 155 179 132 -1 178 -1 -1 146 -1 115 -1 93 -1 -1 195 -1 -1 143 -1 -1 -1 -1 79 255 90 287 91 -1 -1 -1 40 -1 -1 -1 
124 -1 30 -1 235 -1 -1 -1 222 -1 -1 209 86 -1 57 281 -1 200 -1 -1 -1 129 265 172 -1 294 -1 89 172 -1 -1 -1 109 -1 -1 7 -1 254 271 -1 -1 -1 133 84 -1 262 174 -1 -1 277 -1 268 105 -1 -1 -1 282 -1 -1 -1 
