14 5
100 1000000000 30
13031 1780 129628 101163 98536 28390 125068 84319 88295 105155 19211 127324 33464 41039 73070 52683 93534 111052 96556 17529 115956 48318 66332 68275 67336 8059 7130 78239 5606 101906 79629 83047 55426 36386 58017 40132 25645 3204 89562 104388 62543 69992 14881 114752 24755 110348 100118 19633 106934 60772 77432 34135 22131 128670 80088 16118 123371 122619 37169 45560 85432 38971 47876 105903 86085 97691 58839 22779 38450 24407 72337 91364 32542 81419 124577 113096 12218 2290 102620 43175 31558 53256 74016 54755 68982 29969 109163 44805 76742 71530 46190 26991 95852 114557 50093 82068 119649 117639 50728 4735
88618058 45326074 99207288 9174290 75671480 47800576 88873319 84948795 2178191 23256580 53993498 9677223 92683002 48226663 10693451 64967118 97136789 91985694 14915904 82647836 39390676 7668958 82751988 91677096 3203034 6315984 6841451 24427208 24689369 11965370 72501483 85348236 29555271 24495540 34028154 37112326 93287705 74785850 26700973 21964946 15290821 19184422 25354159 43190614 79390860 99527524 75091063 70837078 19281626 30810952 85621272 12915926 72025454 18320547 24850130 38586281 92555999 67804549 72162294 44471189 91389050 70067142 24562609 15923466 69074571 56372318 90446546 56299400 93163281 45279168 16533162 34705405 88219504 29496817 35872702 76015209 39971640 88948600 46169837 6289020 94013788 68497701 72626373 34393224 70382642 70298527 43868292 96139421 16550847 38715927 52189175 20430127 77125353 45707707 36137542 11446171 99854518 248845 16780974 33119420
100 1000000000 30
644874339 644874270 644874280 644874279 644874247 644874308 644874352 644874300 644874346 644874281 644874330 644874258 644874290 644874251 644874248 644874366 644874315 644874345 644874283 644874324 644874336 644874289 644874293 644874338 644874332 644874340 644874244 644874297 644874334 644874245 644874295 644874294 644874329 644874282 644874271 644874273 644874343 644874328 644874299 644874357 644874262 644874309 644874313 644874307 644874257 644874298 644874302 644874268 644874350 644874327 644874265 644874355 644874243 644874296 644874284 644874356 644874322 644874317 644874354 644874314 644874318 644874331 644874347 644874323 644874275 644874311 644874266 644874305 644874321 644874259 644874316 644874359 644874255 644874261 644874361 644874285 644874320 644874364 644874291 644874286 644874288 644874292 644874276 644874342 644874303 644874249 644874274 644874367 644874312 644874253 644874341 644874362 644874360 644874246 644874353 644874337 644874278 644874349 644874344 644874325
50843190 27065793 69100575 42757992 33734635 38374053 22910553 35183885 92742225 49323545 34692834 54072469 96620724 46790885 98336069 39243834 478012 61358495 64553790 77948514 97000473 12360712 96171329 60026379 23676466 21063442 40002786 49962462 729941 739421 5690000 26527153 52369686 59816614 36664285 87475853 83720892 47497097 67332771 54994944 4912850 48068030 45496415 55498605 75535947 46082493 44589567 5412835 29547241 48933802 17001407 66402137 59790649 47396688 37798581 44729697 86772782 76262515 20811195 85101692 28837782 58992587 22997976 46194096 3652916 23720879 40547881 66832358 63578637 70623825 51003487 14468400 98789169 37026527 66821747 15668007 63133316 32189992 13133565 87995196 38536282 20009523 40860062 78696997 70970984 68682940 13576205 62292115 4427561 32058890 31796272 5424490 46338185 92870092 49635215 58436947 52911592 57339148 18214633 84696295
100 1000000000 30
524603 525647 527205 527945 528970 529421 530510 532054 532495 534083 534594 535915 537448 538310 539599 540417 541668 542055 542862 544206 544895 546011 547584 548238 549214 550882 551850 552788 553461 554200 555121 556200 557917 558759 559310 561094 562079 562857 563584 564476 565710 567049 568310 568857 570118 570630 571564 573135 573765 574495 576284 577487 578520 578823 579743 580621 581689 583245 584345 585287 585816 587474 587980 589794 590456 591433 592391 592998 594692 595430 596783 597077 598227 599212 600678 601279 602669 603490 605097 605612 606691 607842 608947 610053 610687 612095 613120 614065 615313 615718 616847 617681 619198 620181 620674 621802 622973 623736 624828 626285
37535012 83216400 80281973 90522793 37576103 34577802 41899535 89388303 55189561 93582820 24787772 1285916 57430525 58896023 78057076 66468349 1457048 48906525 53187158 95746609 26148702 73429943 5636982 53526237 77398300 22208485 53621037 95087928 8607400 11487473 8719019 95742765 76889452 81494256 80149807 57818420 45920854 86138605 82603921 68379765 44615089 63262223 58427088 48907778 82101264 72526276 93717127 25031778 31109866 71825195 12992570 15967348 80297617 32899297 2922548 14319284 67403001 83389584 24878092 16770837 92961888 7172949 44169588 73558975 21085274 89505745 72303381 7220710 13501277 69448364 72454868 10718478 73962210 88059934 44641425 45476820 77120846 27674991 59181755 74595870 60023172 37878177 34306046 98266752 26119564 57044365 73592900 68957970 71741982 85726727 69882984 99499095 43978105 92305740 66444843 4277525 851048 39332765 20586464 66789931
100 1000000000 30
68460 89503 3804 2925 105720 102803 60227 47006 80878 75 126521 17485 78274 9723 99122 43629 86891 118806 50327 62573 94443 108974 127376 64825 104507 28177 128089 110166 18457 26297 51594 39311 113053 92770 47836 16985 36980 7515 20876 45817 6821 75458 35147 58726 23283 97022 102111 24280 129617 72952 57774 4326 48653 38154 74269 101212 70978 82060 90288 14714 113973 66106 106579 112474 12029 122330 9084 110673 85193 1583 13279 70484 125037 104326 83509 28687 120359 14290 53777 123232 26731 84352 79327 88306 93279 117889 57159 52463 61182 97625 44662 76557 10520 21522 92107 5379 77044 100270 81298 130749
62006288 44824194 49615181 82545683 83179089 73957493 39355430 86910413 67548604 37505837 28730158 44687349 33391066 53187252 18981920 80643975 24121840 68734943 89385641 44998784 80597786 87169075 92567320 96512922 91483119 737290 17920492 42905709 77835818 4276277 23536336 39212012 3730315 96195653 93384372 86796575 78397747 16087472 67145485 52881814 91563738 1635982 62804935 98329435 45784585 76145992 90274606 61328251 43624349 84305714 58961990 97901750 37222625 87459280 42316337 69876127 37042310 64652066 72740376 37997593 59094653 10945189 89136537 34043880 16741248 9618232 65523187 48447884 69573369 68964041 20008485 59579383 42864316 14348804 17787735 69483917 13800900 48831118 82339265 4869519 26677650 44788747 73476057 52949016 13566867 24387488 58880527 41164211 9500586 4172085 64833189 17182796 41233911 41689930 56167365 21728487 71167559 96423962 61360018 15678994
100 1000000000 30
199229484 199229530 199229517 199229474 199229555 199229559 199229515 199229480 199229554 199229552 199229505 199229533 199229513 199229485 199229453 199229536 199229526 199229518 199229525 199229445 199229496 199229479 199229537 199229488 199229467 199229449 199229507 199229466 199229553 199229460 199229564 199229547 199229486 199229519 199229476 199229478 199229538 199229520 199229443 199229524 199229565 199229455 199229463 199229441 199229493 199229557 199229516 199229527 199229491 199229471 199229450 199229567 199229562 199229499 199229560 199229566 199229563 199229546 199229545 199229503 199229490 199229452 199229442 199229502 199229521 199229531 199229495 199229459 199229482 199229483 199229548 199229470 199229551 199229448 199229500 199229506 199229534 199229472 199229464 199229469 199229558 199229509 199229447 199229535 199229454 199229532 199229561 199229451 199229528 199229489 199229492 199229468 199229461 199229444 199229487 199229508 199229462 199229522 199229529 199229440
30265848 97042427 30247807 56106489 29799740 65320155 96191377 83638915 39612101 96453436 30090475 23377265 16177750 73766101 90660811 19816870 19668206 5302779 33859445 33457919 6456729 10934727 27770450 68092938 73346584 82015086 26434646 76322501 62056995 50866094 69699863 29764725 26707239 6566588 69071936 26966832 8859833 76111071 22411226 46917393 82843165 78461617 73378248 99960407 37446287 99528601 88972524 63865720 82269749 96478249 57211830 65231789 77533854 76467990 30201061 90064989 90753492 21063777 25621555 9340413 14828727 2740614 64898528 55692765 46458660 85785622 93925953 57120755 46618965 18211247 25689161 63199726 84148421 14228498 16177894 5677792 83134713 40455945 54864838 73516228 5050744 98551985 63122402 27548762 94759662 15409851 31879307 68020192 31677365 52219554 43847775 70966134 74360575 39223536 9394941 5848916 69871276 87108517 58617556 63041927
