0 4 2 1 1
2 2 2 1 1
0 2 3 1 1
0 4 3 1 1
1 4 3 1 1
2 4 3 1 1
0 4 4 2 2
1 2 4 2 2
1 4 4 2 2
2 2 4 2 2
2 4 4 2 2
4 1 4 1 1
0 2 5 4 4
0 4 5 4 4
1 2 5 3 3
1 4 5 5 5
2 2 5 2 2
2 4 5 4 4
4 1 5 2 2
0 2 6 7 7
0 4 6 10 10
1 2 6 11 11
1 4 6 12 12
2 2 6 8 8
2 4 6 10 10
4 1 6 6 6
0 2 7 24 24
0 4 7 26 26
1 2 7 26 26
1 4 7 30 30
2 2 7 21 21
2 4 7 23 23
4 1 7 12 12
0 2 8 61 61
0 4 8 67 67
1 2 8 75 75
1 4 8 81 81
2 2 8 56 56
2 4 8 66 66
4 1 8 37 37
0 2 9 171 171
0 4 9 185 185
1 2 9 207 207
1 4 9 217 217
2 2 9 167 167
2 4 9 171 171
4 1 9 94 94
0 2 10 488 488
0 4 10 504 504
1 2 10 584 584
1 4 10 612 612
2 2 10 443 443
2 4 10 488 488
4 1 10 276 276
time:0.001274s
memory:1.289MB
