100
455 1240 1536 727 1
12 30 84 61 0
22 1 26 23 1
151 736 940 181 0
202 303 315 293 1
451 60 60 691 1
14 210 284 211 0
35 141 392 263 0
12 11 40 31 1
239 214 451 457 0
270 311 533 523 0
267 931 1118 787 0
113 41 639 727 1
480 543 1055 991 1
168 89 415 293 1
851 5 225 887 1
61 73 222 337 0
82 247 424 661 1
118 229 454 853 1
610 595 974 673 1
15 0 23 17 1
477 453 489 797 1
264 78 217 317 0
9 12 18 13 0
83 123 218 181 1
30 383 484 337 1
414 383 642 509 1
381 73 336 467 0
117 240 1054 821 1
96 437 1248 229 0
111 244 799 577 0
81 24 851 587 1
88 277 286 293 0
255 443 575 439 1
45 294 325 331 0
78 182 208 337 1
75 587 731 811 0
12 101 511 409 1
16 48 697 23 0
98 203 388 269 1
72 451 472 509 1
45 97 711 523 0
31 105 140 97 0
533 397 861 601 1
369 530 1326 907 1
644 90 1123 883 1
251 46 112 389 0
276 330 353 389 1
333 516 876 773 1
612 714 1192 887 0
29 43 132 127 1
2 2 6 5 1
307 166 345 797 0
60 52 103 101 0
231 353 1301 911 1
81 264 638 619 1
46 29 80 83 1
32 38 301 251 1
652 375 406 839 1
455 88 1015 773 0
11 198 263 349 0
307 157 357 389 0
654 433 798 773 0
380 646 750 571 1
153 305 827 719 1
6 13 44 97 0
257 201 244 953 1
89 313 452 389 0
372 353 675 587 1
87 37 56 293 0
91 355 418 389 0
116 112 346 251 1
312 553 800 619 1
180 45 159 181 0
115 999 1539 313 0
168 233 618 467 0
417 987 1541 491 0
98 177 1967 199 1
86 46 52 89 1
293 508 1307 631 1
54 355 539 661 0
397 274 425 523 1
164 196 306 467 0
82 101 322 277 0
886 445 694 907 1
115 89 855 577 0
95 133 445 313 1
177 5 297 211 0
62 734 806 709 0
69 173 1271 907 1
514 39 822 853 1
443 97 600 523 1
328 165 370 349 0
346 63 75 457 1
832 992 1088 911 0
90 330 1757 409 1
40 949 1427 457 0
111 192 414 293 0
272 32 405 349 0
25 245 354 271 1
