3
1000000 1000000 5000
36 498
157 119
166 541
235 1365
527 1964
616 445
719 776
1589 2351
1888 830
2358 899
2566 4901
2702 6272
2967 6532
3189 6614
3510 1608
3517 6718
3744 1814
4045 3135
4066 3196
4120 6730
4944 6738
4960 3238
4968 6806
5342 7045
5568 7077
5759 4365
5814 4467
5925 7722
6289 8229
6358 5421
6498 8241
7043 5604
7241 8645
7316 8993
7578 6345
7796 9040
7841 9050
8045 6413
8492 7093
8493 9891
8720 10540
8844 7302
8849 8433
9051 8804
9245 10587
9654 10592
9830 9131
10172 9257
10490 10751
11266 10785
11434 10962
11765 12096
11832 9892
12098 10011
12270 12607
12347 12877
12478 10206
12627 13068
12767 10393
13082 13355
13247 10826
13586 10943
13989 13731
14008 13738
14651 11310
14672 11493
14917 14964
15330 15299
15596 15893
15910 11639
16131 11917
16402 16360
16485 16836
17156 16881
17251 17306
17410 17727
17587 18243
18765 12459
19179 19203
19255 12652
19266 19329
19562 13134
19831 19625
19901 20088
19997 20154
20026 20431
20143 20906
20607 21155
20741 14803
20798 14901
20839 23002
21311 15253
21351 15330
21433 23529
21700 15345
21885 15725
22353 16082
22579 16361
22721 16490
22762 16742
22985 23698
23270 24035
23305 24157
23682 24243
23797 24675
23927 25156
24005 17191
24242 17940
24334 17943
24477 17954
24668 18617
25102 18631
25160 19033
25343 19252
25372 19488
25780 19586
25960 25442
26158 19766
26295 26162
26433 20345
26852 20420
27398 26450
27591 26493
27952 20549
28177 21403
28241 21421
28397 21424
28706 26822
28770 22210
28812 22320
28870 27042
28910 27145
29028 27292
29178 27700
29367 23351
29406 27990
31158 28129
32455 24178
32480 24318
32480 28140
33052 24525
33352 28552
33502 28835
33634 29655
33672 25131
34198 29774
34318 25193
34455 30183
34673 31598
34901 31845
34907 31938
35057 32591
35303 25201
35581 25324
35726 25513
35741 32772
35747 32806
36072 33373
36084 26238
36205 33467
36403 34214
36788 26307
36942 26886
37223 34249
37479 26898
38005 27699
38305 34399
38759 27752
38790 27839
38791 34780
39193 28585
39595 30245
39670 30731
40138 34917
40360 30964
40392 31061
40571 32070
40596 33558
41120 35615
41337 35794
41787 33764
42043 35898
42190 33774
42309 33775
42334 36178
42541 36393
42623 37317
43131 37405
43332 38148
43680 34077
44059 38502
44095 39035
44289 34343
44494 34601
44618 39541
44677 40264
45020 34707
45105 35553
45133 35628
45309 40270
45311 36182
45342 36960
45498 38289
45862 38432
45922 41014
45929 41015
45958 38697
46250 38928
46288 41783
46347 39031
46348 42092
46683 42581
46859 39482
46963 39587
47020 42742
47232 43671
47232 44241
47524 40316
47592 40389
48239 44383
48451 44564
48673 40694
48691 44979
49279 42092
50404 45628
50462 42243
50711 46401
50950 42357
50961 47331
51287 47636
51484 42596
51635 47651
52559 48007
52635 42902
52865 43768
53068 48477
53073 48736
53077 44181
53283 49413
53318 44455
53423 45167
53433 45539
53495 49479
53561 49681
53675 49684
53886 50868
54383 46121
54392 47956
54473 48889
54671 49370
54909 50892
55411 51116
55579 51117
55631 51894
55822 52041
56733 49503
56834 50214
56998 52297
57312 50852
57569 50894
57698 51058
57903 52617
58086 51164
58149 52696
58338 53063
58550 52826
58689 53143
58971 54056
59019 54517
59058 53492
59879 53549
60043 54696
60100 53677
60273 54724
60373 53712
60512 54899
60743 54384
60821 54968
60873 56499
61417 54528
61933 56649
61954 57338
62004 57368
62077 54627
62097 57684
62175 55436
62218 55790
62370 55901
62612 59286
62751 56514
62790 59575
62856 57286
62945 59662
63203 57597
63646 58630
64204 59129
64476 59204
64840 60329
64844 60809
64920 59754
65179 61010
65361 60422
65508 61121
65649 61479
65824 60934
65942 62595
66290 61664
67250 63086
67285 63725
67316 61707
67538 64737
67677 64951
67766 61819
68415 65122
68438 62310
68892 65226
68911 65283
69106 62859
69384 65464
69455 65763
69573 66727
70449 63095
70782 63330
71466 63371
71690 64058
71805 64861
71846 65157
71894 66781
71991 67338
72059 65982
72276 67581
72295 67216
72309 67355
72496 68113
72612 68551
72647 68227
73072 68528
73105 68670
73120 69393
73224 69491
73423 69611
73806 69613
73989 68812
74001 68916
74122 68927
74202 69850
74414 69585
74476 69858
74771 69713
74854 70886
75138 69941
75253 70235
75351 71416
75376 70452
75494 71800
75831 70570
76042 72064
76067 72134
76229 71890
76267 73220
76384 73727
76686 73045
76687 73759
77201 73365
77493 74205
77668 73790
78253 75630
78406 75854
78516 74206
78552 74362
78900 75857
78951 76299
79129 74496
79142 77793
79631 78043
79930 74539
80301 79643
80303 80656
80325 74973
80335 75687
80376 82124
80500 75915
80868 76501
81008 77683
81828 82385
82379 82491
83086 82764
83161 77748
83248 82954
83319 83577
83943 83671
84122 77816
84277 77900
84277 83678
84489 77989
84728 83959
84742 78068
84746 84065
84767 84200
84986 79139
85021 79254
85358 79357
85477 79665
85505 80568
85707 84279
85743 84900
86052 85265
86521 86714
86531 87185
86820 88275
86958 81200
86991 89094
87043 89571
87121 81737
87540 89728
87865 82881
87950 90430
88278 91040
88390 83645
88433 93745
89092 93871
89130 94639
89148 83959
89323 94673
89421 85173
89530 85521
89646 95288
90038 85715
90359 86018
90468 95746
91044 86512
91547 87134
91557 87495
91718 87853
91783 96815
92841 88081
92986 96857
93080 97072
93171 88133
93244 97737
93283 88228
93379 98486
93398 88237
93410 88657
93421 88855
93943 98856
94361 89050
94607 89747
94610 90220
94885 99223
94997 99529
95095 90504
95141 90815
95400 92028
95891 99804
96153 100406
96283 100987
96791 101266
97568 92051
97588 92062
97893 101293
98831 92497
98831 101566
98837 93042
98935 102202
99378 94245
99491 102360
99514 103138
100271 94542
100313 103223
100525 104043
100729 104044
100738 104105
100833 94810
100869 94924
101143 104492
101155 105002
101331 95005
101381 95456
101449 97135
101651 97608
101816 105041
101835 97686
102108 105358
102702 98178
103095 105422
103765 105773
104520 106797
104915 106848
105348 98239
105370 99077
105549 99460
105621 99577
105696 99688
105762 99840
105886 106877
105934 107274
106286 107386
106301 107858
106493 108250
106611 99973
106630 108258
106863 108528
106892 100017
107024 100865
107214 101245
107397 101681
107456 101758
107506 102634
107800 103239
107920 103442
107998 109378
108220 103471
108758 103991
109122 110180
109240 104571
109248 110664
109580 104969
109802 110703
109853 111542
110162 105175
110890 105280
110981 111796
111346 106189
111479 106396
111488 112520
111759 106490
111846 113857
112498 113881
112755 107188
112874 107426
112884 115079
113073 115133
113106 115186
113193 107569
113340 115241
113509 115525
113827 109554
113993 109618
114029 115738
114189 115867
114326 115969
114360 116154
114711 109890
115294 116218
116305 109987
116421 116392
116577 116663
116953 110107
117304 117365
117348 118351
117446 110211
117935 118378
118096 110715
118133 110972
118485 118785
118659 111671
119343 111678
119706 111998
119737 119437
120199 119800
120275 112043
120588 120026
120649 121263
120799 121363
121030 121463
121147 121522
121181 112080
121860 112602
122168 113500
122193 113692
122456 113722
122480 113781
122511 121550
122536 122117
122571 114158
122640 114396
122865 115398
122944 115587
123219 115663
123427 116427
123442 122438
123688 122605
123866 122746
123880 116460
124006 122934
124303 123618
124418 116544
124459 124442
124464 124530
124819 124895
124913 116897
124969 117407
125034 117679
125059 125096
125207 117728
125563 118119
125874 126403
125910 126601
126028 126607
126128 118814
126129 119544
126277 127510
126450 120378
126929 127691
127001 128081
127014 128353
127103 120731
127322 129244
127677 129346
127980 130211
128238 121162
128320 130503
128535 121338
128729 130834
128778 121827
128880 122394
129145 131210
129161 131771
129257 122544
129647 122578
129754 132207
130087 123150
130127 123896
130279 132848
130412 133008
130438 125009
130440 125226
130577 125441
130617 133013
130827 125538
130859 133569
130886 125936
130909 133957
131138 126596
131272 126724
131383 126990
131693 134055
131989 134101
132052 127266
132097 127444
132196 128569
132247 134327
132349 129096
132561 134638
132649 134672
132692 129705
132700 130664
132820 131928
133585 132009
133606 132421
133734 135131
133855 135465
134009 136203
134078 132950
134505 136635
134886 133428
135108 136678
135244 133541
135244 133774
135458 136751
135554 136769
135688 133933
135978 137391
136038 137398
136195 137725
136378 134299
136412 138729
136475 135634
136706 138920
136780 136287
136781 137176
137111 137693
137118 139707
137175 138256
137311 138745
137727 139002
137734 139965
137738 139288
138191 140577
139039 140699
139141 139414
139201 140784
139389 139677
139496 139829
139950 141333
140173 142160
140338 142257
140459 140038
141042 142927
141255 140227
141259 140388
141482 140894
141798 141065
141908 143288
142505 142061
142538 142166
142719 142566
142778 143830
142915 142646
142957 144226
143450 144492
143506 143113
143577 144829
143665 143608
143777 145736
143866 143623
143871 145103
143881 145768
143883 145845
144268 146434
144310 147021
144418 145313
144470 146029
144685 147215
145045 146463
145089 146546
145888 147618
146047 148091
146198 149176
146421 147410
147079 147556
147193 147827
147206 148132
147269 150139
147474 148232
147573 150688
148229 151323
148279 149124
148671 151791
148691 150662
148790 151008
148955 151448
149017 151556
149215 151674
149278 151841
149476 151962
149486 151712
149566 152224
149600 152473
149754 152927
149836 152460
150100 153501
150211 152532
150288 153740
150345 153762
150771 153879
151009 154084
151292 154109
151399 154144
151530 154927
152054 155792
152082 155629
152231 156028
152310 155733
152887 156198
152917 157951
153040 157062
153208 157644
153864 158168
153911 157736
154039 158299
154198 158061
154275 158403
154413 159008
154418 159062
154785 160373
155037 159103
155069 159464
155226 159899
155407 160503
155606 160524
155711 159997
155977 160960
156112 160143
156506 161274
156715 160418
156767 161243
156805 162714
157226 163359
157285 161522
157789 163637
158150 164238
158220 163051
158805 163294
158886 164357
159749 164531
160537 164598
160680 164539
160939 164764
160951 165244
161279 164865
161334 165973
161709 166346
161858 166401
162288 166925
162559 165399
162607 166982
163562 167216
163618 167633
163754 165841
163940 167656
163993 165949
164045 168522
164300 168565
164323 166605
164650 167108
164922 168630
164998 169106
165083 167142
165306 167406
166118 169568
166128 169750
166636 169777
167411 167442
168048 170105
168154 170131
168423 167681
168541 170361
168550 167739
168776 167836
168813 168019
169148 168383
169515 168405
169541 168713
170321 170451
170375 170570
170517 170675
170652 168930
171169 170883
171404 171203
171433 170893
171470 172038
171540 171485
171882 173180
171921 173433
172126 171596
172128 171739
172472 171817
172746 173720
173009 171871
173103 174507
173214 172108
173760 174946
173825 173056
173914 175826
173983 173088
174211 173521
174313 173556
174377 175953
174437 173726
174685 177204
174775 173927
174919 177775
174928 174121
175176 178075
175582 178359
175700 174565
176086 178913
176099 174737
176356 179382
176706 179498
176883 179756
177363 174743
177463 180183
177552 175059
177905 175490
178094 175888
178256 180341
178262 175890
178271 180486
178680 180589
179465 180679
179535 175910
179556 181135
180441 176939
180470 177823
180566 178302
180704 178379
180994 181159
180997 181512
181344 181942
182573 178796
183066 182202
183105 183292
183223 184835
183318 179215
183397 179357
183615 185028
183949 179486
184190 179510
184211 179581
184330 186507
184400 180762
184740 180886
185022 180897
185027 181155
185209 181605
185487 187202
185870 181610
186059 181948
186087 188184
186340 188415
186485 188541
186708 182688
187017 182826
187027 188676
187073 183023
188300 189076
188375 183189
188437 183295
188617 183593
188852 184610
189071 189698
189086 189767
189141 185129
189525 190023
189991 190411
190382 190881
190448 185315
190669 190955
190676 185459
191156 191547
191271 191871
191375 192150
191885 186448
191918 192645
191966 186587
192309 192888
192762 186975
192813 186976
193000 194219
193009 194266
193077 194285
193382 194479
193642 195646
193664 187020
194073 195853
194135 195996
194534 187404
194564 197040
194661 197316
195054 198474
195167 198544
195732 187625
195949 198549
195978 188559
196013 198766
196854 198774
197005 189781
197236 190117
197277 190611
198119 190681
198316 191624
198344 191784
198500 191818
198517 192739
198833 198822
199598 199059
199622 200267
199831 200732
199934 192757
200119 193541
200140 200938
200189 193625
200284 201200
200419 201930
200516 193902
200517 194213
200519 202165
200528 194347
200835 194377
200846 202493
201039 194595
201233 203162
201348 203289
201529 203301
202092 203693
202274 204544
202451 194982
202537 204593
202961 204678
203350 204731
203625 195013
203807 195258
203825 204887
203866 195454
204001 195902
204247 205245
204280 205600
204386 205908
204513 196195
204561 196594
204667 206228
205107 206403
205354 206956
205424 206961
205425 207183
205521 207208
205769 207380
205833 207970
206005 197345
206185 208283
206406 208532
206439 208820
206598 197482
207120 209794
207175 197763
207649 198682
207736 209868
207777 209951
207897 210089
208425 210109
208568 210409
209001 198743
209250 198859
209277 210690
209362 210692
209469 199161
209497 211017
209877 211555
210015 199230
210124 199333
210207 199924
210251 200001
210266 212309
210780 200323
211038 200334
211404 201071
211455 212395
212236 201131
212293 201291
212325 212561
212559 213356
212591 213507
212747 201326
213143 213814
213445 214098
213549 201491
213683 215478
213869 215562
214095 215836
214289 215964
214370 201719
214486 216765
214644 216853
214709 201774
215269 202595
215363 217680
215934 202810
216095 217870
216127 218285
216259 202918
216336 218742
216720 219307
217602 219411
217766 203495
218258 219955
218390 219968
218522 220218
219199 205405
219478 205693
219631 220994
219929 206614
220047 206778
220172 221201
220293 207200
220434 208310
220598 208705
220733 221958
221246 208766
221389 209180
221439 222135
221515 209263
221703 209678
221865 209706
222103 222463
222334 209723
222486 223116
222608 209768
222668 209777
222825 223769
222908 224226
223719 209866
224072 224241
224125 224366
224302 210174
224451 210993
225228 224723
225472 225692
225655 225793
225830 211340
225935 225961
226208 226622
226430 227091
226435 227559
226468 227710
226595 211370
226820 228400
227483 228419
227487 211908
227840 212232
227927 228493
228489 228826
228752 229037
228962 213196
228991 229039
229109 229465
229176 229906
229191 230001
229649 213238
229668 230036
229672 230895
229862 230916
229891 231063
230097 232102
230318 232128
231321 214224
231677 214411
232141 232824
232257 214787
232363 233050
232855 233324
232916 233329
233018 215032
233149 215139
233206 234270
233302 215856
233508 234652
233537 235607
233774 235643
233854 235703
234047 235725
234082 235983
234138 216364
234178 236391
234332 216734
234420 237917
234636 217634
234879 217696
235127 238411
235490 238494
235596 238617
235656 217701
235662 239922
235935 240497
236091 241835
236505 241962
236533 217708
236596 217906
236763 242225
236870 218278
237115 219291
237122 242246
237147 220194
237664 220299
237758 220926
238207 221089
238374 242564
238525 243085
238870 243177
238955 243980
239054 221709
239280 244124
239399 244359
239547 244393
239558 244505
239829 244622
240707 222423
240749 244950
240919 244969
241203 222875
241593 246355
241622 223079
241831 246570
241977 223283
242133 246799
242389 223313
242487 246940
242594 224858
242712 225229
243715 226987
243734 227118
243866 227217
244217 247360
244406 247653
244494 248121
244506 248139
244990 248183
245239 248210
245356 248460
245835 227481
245923 248553
245980 227796
246127 227927
246311 228293
246356 228376
246467 228407
246601 249804
246612 250799
246701 250970
246718 228817
247129 250992
247322 251008
247627 251074
247734 229770
248125 251313
248178 251663
249190 229772
249301 252400
249740 252925
249827 230316
250030 230407
250061 253254
250108 230490
250151 231260
250418 232327
250808 253339
251132 232415
251293 233496
251450 233532
251467 253514
251632 233535
251658 233749
252523 233966
252675 253756
252735 253858
252935 234214
253024 254367
253072 234675
253468 235431
254344 236273
254493 236361
254651 254623
254698 236703
254771 255311
255073 255744
255366 236855
255563 237217
255966 237244
256156 237680
256500 255817
256503 237779
256660 238212
256681 238362
256923 255826
257131 238616
257202 255829
257672 256206
257932 256564
258125 257448
258189 257448
258204 258080
258295 258226
258397 238685
258411 258390
258808 239089
258810 239192
259097 258657
260032 258852
260123 239508
260620 239866
261114 258987
261172 259411
261911 260071
262142 260288
262744 260711
263048 260941
263111 261567
263348 240683
263644 240809
263933 241211
264092 261631
264713 261631
264716 242507
264857 242615
265508 243033
265551 243273
265554 262010
265767 262256
265808 243415
266076 262701
266124 243921
266132 243990
266146 244000
266147 244852
266169 245101
266396 246232
266566 263465
266719 246358
267032 246485
267174 263521
267435 263782
267447 264290
267971 247037
268019 264366
268276 247133
268339 248166
268397 248862
268490 249394
268493 249565
268503 264890
268589 265230
268740 249948
268861 250173
269006 250331
269590 250802
269631 266283
270781 251141
271415 251291
271810 267274
272161 252097
272263 267297
272756 267740
273281 267977
273289 267978
273423 268631
273429 252098
273447 252206
273613 252429
273793 252848
273794 253216
274062 254270
274063 254334
274128 268652
274440 268733
275302 255027
275315 255724
275379 256784
275414 256966
275426 268917
275438 269120
275773 269416
275934 269691
275991 257118
276225 269840
276261 257298
276268 257347
276573 270462
276588 257810
277176 258136
277190 258145
277233 270694
277330 270982
277453 271061
277705 258261
277758 258903
277823 271530
278429 271707
278505 272389
279149 273154
279226 274596
279645 274987
279728 259049
279867 275485
280590 276540
281494 259348
281682 260028
281913 260489
281951 276843
282160 260710
282798 278058
282813 261146
282971 278075
283070 261275
283349 278537
283417 278827
283579 261468
283717 279320
284156 261886
284167 279572
284519 280462
284555 281107
284606 262845
284622 283037
284645 283486
284811 263473
284931 264008
285258 283651
285601 283729
286143 283753
286671 284688
286821 264430
286918 264984
287004 265491
287058 285139
287066 285777
287352 285843
287430 286025
287539 266232
287942 286204
288004 266643
288329 267005
288350 267291
288364 267399
288781 287112
288917 287604
288962 288186
289041 267553
289118 288239
289229 268200
289493 288390
289500 268288
289609 288958
289627 268398
289645 268576
289785 288976
289861 289208
289958 268672
290828 269595
291328 269839
291348 289254
291375 289685
291771 270196
292081 270222
292313 290342
292783 270483
293265 290492
293346 270793
293364 291049
293539 291067
293668 291084
294122 271146
294761 291899
294807 271154
294851 292499
294989 271340
295055 271372
295415 271441
295775 272237
295888 273366
295901 292616
296130 294269
296248 273430
296698 273435
296834 273614
296972 276328
296994 295038
297144 295205
297548 295983
297662 277179
298026 296010
298425 277432
298542 277809
298723 277912
298843 278446
298857 278469
299066 278548
299273 296141
299507 279413
299530 281045
300316 296921
300443 281105
300457 281531
300520 281945
300708 297101
301059 297449
301132 297508
301553 281969
301557 297735
301788 282567
301892 297975
301959 283600
302014 283613
302539 283954
302845 298029
303923 284858
304101 299518
304165 300975
304185 301003
304410 285333
304584 286530
305014 286548
305020 286642
305400 301396
305778 286814
305802 301564
305852 286885
305861 301861
306080 302057
306451 287128
306480 302178
306527 287175
306578 287663
306606 287700
306725 287921
306803 302248
307198 302551
307220 303029
307229 303035
307362 303250
307775 288347
307968 303256
308167 303516
309316 288619
309414 303926
310385 289378
310688 289432
310737 304216
310821 304969
311207 289741
311590 290319
312106 305154
312624 305521
312750 305890
313075 307286
313273 290452
313373 307461
313646 290650
314004 307630
314163 307643
314792 290653
314917 307954
314980 291227
315001 291404
315405 291526
315874 293073
316034 308157
316388 293269
316839 308801
317037 294383
317091 295002
317237 309283
317325 295007
317558 296252
317864 309754
318034 309897
318066 296461
318068 309926
318566 296867
318640 297661
318838 298395
318845 298760
318859 298928
318956 311006
319351 311712
319576 298929
319892 312763
320343 312811
320546 299136
320702 312982
320715 313134
320724 299928
320936 300732
321003 300861
321021 300929
321082 313238
321118 301046
321329 302025
321511 314034
321554 302067
321570 303011
321608 303186
322074 314123
322080 314388
322368 314587
322574 304236
322915 314681
323008 304364
323228 315043
323268 304825
323321 315506
323323 304845
323576 305284
323732 305319
323784 305703
323804 305938
323806 306035
324524 315590
324586 315793
325029 306686
325148 307176
325183 308289
325248 316637
325536 308327
325595 316702
325957 316775
326150 316899
326252 317742
326336 317783
326643 318455
326660 318564
326850 309397
326860 310110
326904 310146
326940 318860
327052 310252
327106 319021
327587 319178
327838 319404
327934 320391
327959 311162
328096 320561
328278 320683
328316 321213
328398 321869
328622 311410
328805 311522
328918 311965
328942 321905
329072 323018
329163 323209
329471 323372
329661 312127
329673 312392
330000 323435
330001 312572
330478 313313
330935 323581
331286 324226
331460 313622
331492 313740
332074 324345
332188 325027
332297 325345
332571 314742
333024 325405
333086 325618
333361 314803
333591 315310
333603 315740
334045 325858
334046 326434
334073 327049
334151 315772
334643 315926
335530 316526
335940 328170
336028 328483
336116 316630
336225 316795
336241 329260
336460 329651
336522 317387
336618 317890
336665 329745
336768 318675
337056 319053
337090 330412
337209 319758
337288 320392
337465 330657
337572 330840
337809 321000
337911 321699
338251 322137
338478 331182
338517 322369
338620 322801
339047 331264
339171 322861
339262 331310
339991 331350
340130 323038
340853 323543
340976 331948
340999 331994
341201 332028
341203 332587
341444 332864
341836 323746
341866 324177
342016 324181
342103 333102
342700 333917
342788 334222
342870 324290
343101 324557
343193 324619
343215 334880
343294 325073
343354 325355
343413 334958
343556 325788
343687 335067
343804 335203
343998 335838
344019 336552
344034 325796
344120 326270
344294 336675
344463 337306
344901 326954
345188 337779
345302 327193
345307 327399
345343 337987
345410 338255
345498 338636
345815 327969
346252 338643
346276 328318
346314 328359
346396 339038
346690 328427
346696 328834
346737 329629
347004 339292
347022 330068
347098 339618
347225 330079
347255 330637
347453 332717
347526 332841
347893 333149
348049 333597
348116 333708
348169 339737
348597 340806
348621 334531
349173 341837
349679 334582
349997 335209
350139 341921
350203 336189
350238 336350
350328 342671
350404 336478
350888 343293
351263 337298
351273 337486
352042 338542
352091 343322
352323 338617
352436 338739
352483 339123
352510 343443
352729 343508
353101 339287
353281 343552
353371 343868
353394 339837
353496 340411
353602 340672
353787 341582
354190 344111
354304 344270
354608 344700
354652 344780
354712 341818
354914 341872
355257 345056
355259 345114
355477 345989
355867 343477
355871 343970
355996 346868
356072 343994
356455 344430
356633 344684
356771 346897
357282 344740
357420 345156
358747 347079
358838 345280
359343 347745
359439 348450
359772 350002
359826 350142
359860 351440
360002 346163
360647 347249
360649 351533
361215 347255
361578 351761
361669 347548
361780 347912
361983 352484
362438 348123
362454 348347
362621 352635
362629 352939
362820 348504
362905 349099
363079 352968
363156 353528
363225 349528
363385 349544
364228 350022
364246 353565
364906 350544
365159 351034
365457 353847
365535 354062
365612 354769
366467 355154
366666 355327
366808 351307
367125 355538
367206 351385
367360 355634
367497 356322
367689 352040
367705 356711
367760 352239
367950 357260
368261 352805
368418 357370
368602 357794
368765 353225
368923 357839
368959 358187
369129 359276
369205 359307
369320 359983
369407 360879
369732 360949
369906 353250
370075 361051
370388 353862
370681 354102
370878 354658
371008 356312
371290 356363
371325 357338
371528 361999
371746 362084
372125 362512
372182 357382
372288 357771
372618 362572
372815 363183
373491 363476
373585 363988
373659 357863
374006 365002
374143 365316
374254 365354
374473 366007
374547 360727
374670 361307
374748 366221
375093 361759
375422 366304
375599 366368
375684 366898
375864 367011
375921 367094
376040 361836
376055 367141
376775 367583
376778 367768
376885 362009
376900 367777
377341 368477
377367 362830
377626 368714
377641 363195
378072 368793
378081 364082
378272 368880
378283 364578
378583 369164
378772 365111
378862 365412
378919 369636
379078 370575
379896 370739
379899 365638
379903 365782
379998 371000
380324 365941
380621 366081
380846 366297
380867 367116
381225 371281
381460 372134
381476 372295
381768 372724
381940 372823
382078 372891
382124 373193
382201 373482
382401 373941
382461 368019
382979 373983
383051 368070
383139 368084
383206 374326
383227 374438
383489 368402
383498 374477
383699 374493
383858 374719
384072 374998
384139 377177
384346 368818
384472 369059
384720 378422
384782 369139
384782 378814
385091 379159
385473 380356
385515 369292
385648 380533
386141 380659
386394 369316
386467 369451
386605 381330
386773 381381
386785 369503
387101 369857
387700 381792
387741 382499
387747 382668
387912 369888
388182 370083
388812 383956
388876 370097
388936 383965
389369 384361
389757 371436
389767 384899
390123 384974
390180 385215
390278 371788
390300 372011
390320 385623
390395 372170
390736 372377
390949 385763
391015 385980
391017 386393
391355 387590
391485 387909
391726 388970
391736 372549
391976 373834
392018 374077
392147 374094
392214 374530
392366 375126
392404 389076
393304 375240
393563 375405
393601 375467
393863 375962
393926 389172
394091 389327
394154 376177
394576 390296
394773 376529
394914 376832
394921 376930
394945 377058
394962 377410
395307 377609
395505 378574
395828 390614
395994 391754
396084 391784
396220 379030
396651 379695
396867 392391
396943 392993
397207 379784
397664 393315
397891 393531
397950 393774
397999 379853
398013 379925
398305 393820
398308 380236
398418 393903
398468 380585
398517 394059
398629 394437
398638 380649
398651 381993
398733 394455
398893 382043
399528 382275
399682 382443
399826 394709
400272 382820
400450 383574
400454 394804
400639 395331
400903 385469
401139 385843
401162 386979
401302 397961
401397 398450
401885 387113
402012 398958
402191 399195
402219 387348
402267 401496
402340 389100
402555 402178
402605 389189
402666 389722
402762 389939
402798 390222
402959 390387
402975 390591
403118 402524
403159 402600
403360 403516
403537 403518
403670 390674
404012 403971
404162 407288
404169 407727
404200 407815
404250 408087
404332 408573
404427 408742
404723 408924
404887 408944
404960 390904
404977 391021
405091 391368
405133 408964
405196 409477
405559 393800
406131 393946
406253 394074
406309 409529
406310 409818
406381 410194
406549 394420
406660 394501
406793 410361
407102 394600
407157 394611
407378 410566
407438 410806
408281 394660
408502 411593
408740 412416
408824 394807
408889 394993
409383 413293
409421 395025
409669 413518
409996 395821
410262 413737
410366 414285
410484 395963
410734 396724
411024 414672
411311 396920
411311 397058
411349 397153
411349 414747
411757 397467
412173 414934
412343 415155
412526 399034
412657 399253
412706 399539
412898 399952
413059 415195
413091 415555
413120 415630
413344 400155
413574 400192
413653 416152
413832 400209
414205 400476
414485 416585
414769 416659
415021 400491
415089 416688
415095 416716
415151 417040
415431 417228
415670 400692
415728 417988
415761 401039
416651 401163
416740 418448
417084 402357
417131 403233
417223 403312
417241 403499
417774 419469
418774 419632
419162 420971
419524 421265
419579 421354
420179 421930
420329 404238
420456 421951
420496 404272
420650 404382
420903 404385
420915 422062
420923 422520
421189 422899
421289 404702
421511 423477
421606 423859
421610 423959
421889 424084
422067 424579
422169 424785
422600 425094
422914 425394
423664 425664
423829 404816
424016 425717
424045 425898
424119 426238
425107 426541
425387 426558
425396 426778
425782 405447
425852 405986
425921 406447
425941 426867
426028 406541
426154 406716
426389 427126
427469 407280
427501 427309
427836 407499
428260 427866
428343 427881
428639 407923
428678 428602
428713 407936
428737 429127
429041 408016
429048 408484
429244 429381
429255 408999
429541 431470
430101 431540
430145 409061
430217 432126
430639 409218
430690 409622
430703 410071
430843 432317
431594 410549
431641 410882
431768 411661
431933 412545
432109 433052
432547 412726
432686 433678
432756 433766
432902 434754
433291 435549
433329 413798
433346 414245
433349 415239
433939 435975
434259 436515
434375 415369
434768 415683
434979 415781
435254 415795
435716 416215
435903 436617
436026 417692
436289 437256
436857 417935
436991 418167
437009 437340
437227 418373
437544 418440
438131 418591
438376 437838
438426 419686
439239 437942
439527 438307
440137 438607
440642 420001
440666 420726
441073 421003
441210 438706
441362 421049
441374 421128
441534 439832
441575 421378
441697 421629
442022 440425
442155 421809
442756 422159
442825 440437
443402 422354
443403 422825
443609 440490
443750 441011
443771 422937
443859 441162
443865 441619
443928 441620
443953 423026
444029 441681
444593 442669
444600 442737
445164 442843
445573 443066
446173 443462
446181 443966
446751 423255
446751 444073
446834 444161
446851 445060
447183 424202
447412 424526
447457 445343
447588 424794
447694 446481
448167 447089
448167 447090
448612 447117
448862 425338
448984 425431
449346 425441
449826 426210
450704 447186
450950 426621
451222 447607
451260 448039
451264 427119
451308 427325
451357 427379
451564 448054
452257 427495
452569 449722
452774 428907
452792 429587
452855 430615
453060 450008
453159 450214
453224 450303
453434 430934
453463 450502
453540 431495
454046 450624
454102 432951
454571 433194
455177 450658
455474 433458
455506 450908
455528 451360
455692 451552
456113 434458
456392 434567
456911 434692
457045 436284
457144 452348
457780 452949
457789 453054
457817 453250
459039 436661
459199 453376
459231 454505
459406 437480
459584 454527
459913 438685
459971 454678
460416 439209
460536 439302
461255 455369
461529 455435
461633 455682
461636 439633
461709 439919
461732 456258
461749 439959
461937 456391
461987 456444
462162 457171
462209 439971
462211 440879
462522 441089
462659 457215
463238 457754
463417 457791
463880 441711
463926 457862
464161 441718
464320 442256
464328 457979
464535 443507
464612 458787
464829 444698
464886 458938
465320 445249
466158 446256
466413 459247
466578 446453
466798 459638
466869 459772
467193 459873
467234 459876
467396 460061
467813 446738
467824 447112
467921 460321
468021 447299
468078 460398
468190 460904
468785 461021
468844 461492
468969 461962
469069 462575
469335 462812
469576 464137
469774 447686
469827 447764
469828 464688
470283 466495
470361 450056
470767 450364
470809 450418
471778 450457
471918 467533
472097 467952
472203 467970
472225 468179
472242 468770
472281 451026
472294 469266
472671 469598
472680 470555
472995 451199
473049 451292
473432 471464
473598 451401
473645 471567
474252 451862
474447 452827
474934 471793
475048 453240
475074 453705
475428 472242
475508 453988
475739 453995
475776 472350
476051 454187
476126 472364
476222 454334
476284 472608
476647 455010
476778 456039
476872 456046
476880 472798
476896 472917
477051 456697
477138 457485
477185 473427
477395 473538
477942 457836
477966 474358
478379 474679
478533 457948
478605 458009
478658 458367
478757 458899
478765 474746
478773 459220
478857 475258
478897 459672
478971 460660
479036 475315
479059 475841
479198 461065
479326 461249
479626 461353
479834 475958
480085 476064
480116 476571
480594 476642
480942 477208
481053 462569
481164 477356
481450 478320
482254 463603
482488 478819
482907 478849
482917 464564
483152 464610
483284 479156
483296 465339
483581 479829
483589 480210
483672 480297
483751 480868
483922 480882
484401 465667
484419 465746
484900 481179
484971 482413
485207 482465
485435 482670
485439 465895
485499 466048
485650 466233
485759 482940
485850 483018
486070 466341
486410 466624
487171 483359
487215 483793
487440 483963
487504 484263
487659 467375
487945 469529
488032 469666
488143 470182
488457 470215
488500 471243
488614 485062
488755 471515
488849 471888
488995 472017
489124 486334
489338 486498
489558 486679
489885 486720
489993 472616
490135 486914
490143 487359
490279 472649
490345 487421
490479 487703
490514 488074
490516 488569
490612 489046
490657 472732
491151 489309
491328 472748
491336 472980
492067 489338
492129 490124
492161 473292
492918 474149
493044 474598
493094 490300
493173 474761
493554 490752
493625 475949
493989 491312
494244 476651
494536 476957
494654 477159
494781 477974
494897 478907
495188 492182
495218 492591
495245 492676
495498 492947
495859 479370
495925 493531
496045 479949
496278 479999
496322 493651
496445 480208
496551 481227
497024 493801
497323 494296
497472 494983
497487 481812
497545 482452
497873 495049
499085 482959
499333 483820
499391 496719
499414 497067
499510 498154
499548 484465
500397 498455
500978 498543
501355 484505
501419 484673
501559 498609
501916 498957
502180 499230
502336 484884
502664 499255
503397 499379
503791 499447
504223 485431
504246 485926
504261 486331
504340 499556
504657 499847
504865 486654
504945 499910
505024 499914
505047 486749
505178 501006
505216 488437
505369 488439
506337 501024
506339 488800
506404 501565
506943 490174
506973 490455
506973 490796
507189 501624
507306 490856
507505 491128
507873 501820
507940 491191
508108 502186
508121 502276
508961 502897
509274 491471
509307 492804
509709 503492
510077 492828
510346 493482
510420 493860
510473 494048
510739 494840
510792 498073
510819 503504
510849 498345
511053 498403
511382 498841
511482 503773
511540 499231
511582 499569
511670 504288
511989 499883
512229 500458
512538 504569
513443 500524
513729 504767
513832 506271
514198 506375
514733 500549
514856 500932
514982 506592
515162 501001
515329 507886
515648 508680
516150 509281
516156 501199
516274 509642
516760 501218
516814 510266
517044 501273
517218 510368
517462 502488
517487 510412
517967 511542
518027 502637
518050 502990
518053 503126
519079 503204
519143 511561
519164 511603
519360 503555
519492 503708
519503 503713
519664 512319
519930 512470
519955 513274
519961 503810
520495 503958
520688 514322
520875 514460
521006 504136
521037 504267
521117 514583
521172 514678
521463 504594
521591 515147
521630 515614
521692 504696
522076 516282
522142 516436
522222 516943
522239 517049
522348 505085
522351 505417
522514 506455
522542 517936
522723 507131
523079 517970
523873 508300
523936 518872
524031 508746
524068 508832
524174 519103
524183 519277
524253 519335
524530 519720
524556 520131
524625 520286
524835 520402
524994 509295
524999 521189
525095 521732
525219 522343
525403 509712
525454 522358
525689 510000
525883 510374
526011 522526
526148 510653
526291 523020
526498 511218
526675 523885
527122 524447
527234 524906
527434 511421
527530 512289
527904 525447
528086 513169
528340 513215
528353 513871
528764 525484
529430 513991
529688 525811
529990 514522
530418 525871
530531 514863
530586 514958
530738 525924
530788 515017
530800 526047
530967 515360
531031 515674
531068 515905
531176 516501
531504 516705
531638 517316
532006 526052
532201 517511
532242 527162
532493 527231
532747 527561
533067 517778
533071 528010
533217 517990
533230 518366
533771 528349
533854 518593
534040 528407
534404 528879
534422 519644
534628 519807
535181 519829
535570 529102
535771 529353
535985 519913
536051 519985
536112 520394
536250 520542
536262 529417
536861 520749
536913 521304
537376 521624
537480 521660
537582 522086
538676 522228
539110 529819
539491 530509
539787 530732
539944 531707
540421 532384
540513 532561
540626 522945
541053 533889
541130 523066
541235 523494
541291 534435
541416 534753
541496 523682
541629 535681
541692 523869
541694 535742
541977 523932
542008 535939
542097 537308
542129 524068
542434 537789
542847 538281
543067 524575
543108 538583
543178 524870
543306 525170
543348 525260
543443 538841
543930 526230
544138 539822
544190 539849
544229 526235
544302 526905
544508 527553
545040 540143
545402 527906
545631 527919
545639 540680
546052 541208
546135 541214
546140 541237
546958 528087
547231 542123
547272 542387
547528 529143
547555 542608
547759 543125
547776 544691
547862 544841
548039 544925
548471 529407
548593 546176
548690 546577
548992 529502
549554 546893
549762 547887
549954 529944
550189 530269
550313 548400
551335 530878
551517 530994
551541 531303
551720 548616
551777 531699
552041 548735
552043 548884
552477 548963
552563 532132
552604 532989
552617 550387
552716 532996
552935 550464
552966 533272
552995 550605
553022 550632
553436 550969
554133 550981
554203 551194
554263 533332
554666 551221
554721 551761
555021 552658
555176 553531
555244 533946
555263 534954
555326 535344
555439 535433
555842 535722
556542 536353
556550 553977
556551 554230
556592 554469
556610 554606
556751 536709
557005 555005
557353 537423
557461 557823
557802 558028
557951 558308
558022 558678
558296 559087
559193 537515
559245 559130
559373 538310
559600 538785
559711 538818
560924 559312
561553 559511
561565 539103
561666 539280
561929 539812
562568 559555
562572 559987
563210 540107
563715 560036
563757 560200
564271 540394
564284 540404
564822 560997
564964 561139
565705 540724
565880 561259
565987 562150
566390 541354
566460 542199
566699 542260
566894 562512
566977 562648
566989 542550
567192 563253
567196 564379
567337 542681
567356 565100
567365 565171
567390 565175
567460 542739
567664 543072
568484 543077
569375 543460
569570 565190
569940 565298
570167 543566
570760 543707
570852 543745
570929 565441
570971 544084
571562 544299
571582 565617
571644 544428
571780 565818
571950 545224
571985 565844
572186 567319
572189 545242
572339 567354
572454 567660
572498 567913
572600 545865
572782 568003
572831 568076
572921 568454
572975 568564
573492 568875
573580 547272
573744 548406
573750 549307
573841 569091
574244 570319
574332 570937
574921 549785
575002 571780
575203 571857
575707 550122
576062 572244
576158 550145
576436 550493
576575 572492
576728 573798
576738 550654
576845 573933
577129 550683
577171 550703
577203 574021
577260 550988
577387 574207
577612 551008
577637 575129
577865 575639
577931 551559
578041 552070
578530 575741
578553 576875
578562 552494
578599 552609
578961 577194
579076 552674
579080 552830
579226 553004
579305 577658
579512 577701
579683 577771
579685 553042
579743 578399
580143 553129
580433 579261
580530 579959
581167 553286
581168 580430
581180 553642
581270 553868
581635 580462
582205 580663
582947 581093
583037 581483
583385 581709
583620 583112
583624 583485
583635 554084
583685 583789
584031 554357
584409 554821
584432 555392
584499 585034
584593 555460
584633 555926
584634 585131
585345 585375
585347 555933
585700 556056
586127 556328
586161 585729
587029 585757
587157 586624
587657 586649
587912 587275
587919 587428
587997 556858
588654 557481
588845 558334
589094 588730
589143 589577
589303 558477
589740 589735
589924 558819
590005 559897
590015 589736
590321 560949
590425 590079
590513 561619
590722 561708
590771 591094
590837 562180
591142 562426
591485 591251
591537 562499
591549 591357
591696 591501
591807 562595
592000 564415
592011 592849
592014 564575
592314 564609
592423 593001
592480 593878
592669 565109
592734 593973
592772 594029
592780 594734
592839 566920
592863 567432
593074 567458
593113 567566
593120 595259
593387 595347
593405 595395
593461 567852
593506 568292
593510 568540
593761 568549
594037 595754
594356 597127
595074 597768
595087 597827
595102 598461
595203 598489
595368 598557
595385 569099
595942 569467
595945 598760
595967 598848
596031 598990
596088 569844
596108 569876
596434 599445
596674 570185
597348 599559
597711 599587
597833 600032
597863 570873
597866 600286
597881 601332
597967 601686
597986 602256
598022 571462
598693 602667
598882 571519
598983 571970
599037 572060
599123 573202
599187 602942
599331 573250
599469 573361
599703 603452
599951 573847
600182 603695
600626 603770
600630 574197
600879 603934
601065 605211
601282 574504
601340 574552
601494 575157
601593 576215
601859 576460
602254 605407
602564 605492
602713 606894
603179 608186
603729 576584
604015 608378
604366 608836
604645 576877
604691 578288
604766 578999
605238 608910
605436 579557
605518 579693
605599 609309
605872 579791
605960 580357
606356 581043
607180 609599
607333 610912
607391 581164
607601 581500
607702 611656
607782 612592
607884 612703
608180 613209
608246 581941
608327 613321
608673 583290
608986 614868
609064 614957
609389 615227
609746 615291
609759 615542
609808 615763
609869 615994
610091 616638
610428 616814
610559 617089
610654 617490
611054 583962
611142 618164
611295 586059
611307 618191
611613 586346
611847 586505
612186 618398
612422 586826
612530 586979
612680 587089
612841 588151
612963 618815
613064 619619
613068 619708
613124 588664
613184 588787
613482 589619
613487 589950
613852 619857
613953 620026
614043 620190
614168 620371
614224 620630
614449 590382
614534 621550
614623 590421
614631 621741
614806 622235
614808 623203
615221 623648
615431 591222
616014 591352
616429 623678
616581 591431
616671 623808
617135 591696
617710 624221
617985 624859
618043 591719
618374 624973
618874 625550
618928 592763
618996 625619
619211 625966
619735 628403
619980 628502
620007 593487
620098 628741
620243 593920
620413 629114
620499 593973
620754 629279
621192 629599
621293 629912
621334 594207
621668 594358
621846 630605
622087 595438
622485 596345
622567 596832
622844 597118
623031 630865
623124 631101
623245 597331
623373 597354
623387 597389
623415 631374
623796 597588
623808 597894
623945 598390
624083 598894
624125 632659
624240 632827
624251 598902
624751 599363
624790 599404
624897 633156
624981 633467
625023 599440
625517 633606
625525 633787
625584 599469
625734 634636
626272 635092
626345 599629
626489 599682
626541 601148
626589 635782
626678 601557
626709 602534
626824 603148
627130 636323
627430 637381
628299 603453
628721 637915
628728 605122
628755 638706
628848 638717
628881 638919
629795 639058
630016 605735
630066 606166
630566 639559
630729 607071
630899 607464
631042 639670
631359 608193
631549 608967
631620 609132
631820 609183
631899 639801
631899 640093
632591 609343
632940 609414
633224 611321
633470 611410
633857 640174
634194 611520
634251 611522
634313 611783
634410 640500
634602 611915
635293 611956
635362 612180
636131 612354
636208 612363
636255 640522
636265 612444
636852 640800
637038 612450
637207 612953
637344 640922
637467 612960
637500 641102
637809 641102
637821 641203
638032 612986
638052 613121
638053 642084
638130 613301
638196 642984
638263 643197
638405 643365
638495 613630
638568 613805
638589 643842
638593 614224
639299 644033
639725 614599
639744 614820
639860 616505
640124 616530
640543 616652
640547 644089
640597 617207
641064 644108
641389 617579
641518 644159
641542 644976
642145 645446
642484 617768
642655 645712
642849 618059
642992 645841
643222 618074
643311 618250
643335 646266
643448 618526
643485 618544
643968 619432
643973 621672
644062 646528
644450 646580
644513 622467
644624 622518
644824 646756
644850 623075
644967 647731
645212 623253
645384 647959
645513 623531
645544 623561
646224 623852
646266 648169
646481 623860
646925 623895
647367 624161
647798 649464
647964 624558
648184 624598
648271 624961
648370 625189
648427 649573
648676 626776
649110 650047
649317 626848
649566 627282
649594 650351
649665 628165
649671 652115
649886 630198
649969 630509
650062 652242
650137 631243
650234 631321
650239 631694
650482 652277
650581 652676
650700 652906
651011 653350
652153 653546
652487 632597
652582 632921
652664 633694
652722 633822
652982 634043
653292 634691
653374 634857
653617 654555
653854 655014
653920 635086
654834 635221
654869 635641
654938 635711
654959 655214
655386 655371
655608 655547
655899 636752
656040 655843
656073 656029
656125 636965
656185 656651
656602 656757
656622 657045
656641 657298
656875 658037
656928 658854
656964 637201
657269 638408
657611 639438
658359 659228
658378 659250
658547 639770
658565 659692
658891 639956
658911 640002
659138 659695
659213 640384
659446 660265
659461 660317
659660 660860
659901 640535
660999 640592
661315 641164
662050 641214
662383 641622
662516 642074
662578 661040
662615 642839
662621 643112
662906 643274
662973 661140
663006 662402
663037 643376
663106 643636
663146 643701
663218 662937
663345 663124
663808 643800
664400 644054
664571 644167
664582 644346
664657 664070
665087 644888
665152 664672
665383 645152
665784 665851
665852 645558
665908 645628
666278 645771
666373 646474
666454 646521
666638 666417
667004 667381
667240 647258
667355 667892
667569 668570
667651 668745
668669 669790
668711 670764
669077 647503
669211 648152
669321 648293
669496 648902
669609 670839
670328 671174
670330 671282
670426 648981
670533 650042
670655 650148
670724 650312
670794 650549
670911 671568
671132 671663
671222 650600
671339 671817
671413 672594
671465 651334
671489 651816
671591 672621
671734 652589
672420 652648
672442 672658
672609 652901
673007 673292
673099 673658
673444 673716
673536 653181
673547 653755
673619 654392
673660 674120
673723 654903
674013 655182
674042 674175
674491 655794
674653 655857
674749 674459
674920 656001
675090 674547
675324 675089
675962 675590
676012 656891
676163 656896
676208 675784
676241 675844
676404 675936
676468 657047
676827 657163
676969 677176
677273 657400
677276 677350
677320 677372
677508 679031
677519 679133
677837 679212
677969 657962
678403 658114
678766 679874
678871 658343
679033 680101
679043 658472
679383 658631
680521 680800
680753 681916
680782 659198
680805 659738
680818 659915
681058 682004
681125 660574
681270 660938
681431 682182
681541 682629
681597 682671
681831 660981
681881 661248
682753 661425
682989 683549
683472 683573
683623 683679
683632 662309
683756 684379
683884 662375
684624 662454
684736 663811
684760 663842
684794 664840
685505 665139
685759 665353
685864 665404
685869 685450
685900 666780
686189 667100
686189 685692
686214 667522
686408 669138
686475 685706
686677 686081
687016 669219
687158 669368
687224 686559
688001 669423
688207 669766
688414 669894
688747 670437
688827 686986
688828 670747
688901 671287
689203 687028
689362 687520
689410 687774
689523 687975
689570 688062
689621 671570
689694 688433
689882 671739
690250 688704
690355 689006
690682 689461
690923 673151
691127 689528
691140 673633
691861 689812
691892 690130
692134 690562
692179 691189
692643 691267
693193 691705
693273 692205
693629 692405
693709 692434
693755 674194
693959 675088
694121 675331
694274 675952
694397 675995
694542 676448
694656 692658
694768 677060
695309 677144
695582 678093
695767 693428
696131 694777
696205 694935
696278 694956
696334 678270
696652 678377
696675 678572
696925 678788
697047 695345
697194 696127
697553 696188
697583 679074
698102 696286
698154 696649
698218 697173
698279 697190
698297 697227
698662 697301
698768 697528
698773 697713
698929 679435
699293 679603
699308 699556
699350 699849
699431 700187
699449 679934
699750 700222
700059 700344
700094 700435
700295 701264
700373 702280
700380 702378
700445 680419
700645 702455
700924 702544
701037 681422
701085 681910
701278 702984
701312 682367
701545 703212
701564 682450
701837 682519
702079 703576
702362 703612
702658 683618
702695 704341
702886 704625
702985 683820
703072 705018
703481 705209
704130 706181
704315 684860
704384 706634
705077 706806
705341 685070
705397 686084
705430 706852
705712 686460
705895 706865
705982 707388
706781 707567
707014 707570
707103 686720
707135 686918
707814 687608
708120 707860
708453 688012
708506 688244
708974 688844
709891 689743
710025 709166
710144 690459
710195 709188
710324 690460
710339 709212
710403 690471
710580 709460
710739 691480
710772 691594
711085 710457
711635 711084
711689 691655
711789 712111
712116 712204
712287 712284
712299 691677
712659 691811
712663 691878
712672 692226
712704 712287
712725 712683
712745 692817
712852 693193
713382 712763
713442 694038
713490 713094
713956 713404
714184 713832
714255 694222
714368 694819
714784 713948
715168 694833
715176 713960
715214 695971
715323 713990
715683 696739
715923 696765
716297 697425
716420 714080
716543 697635
716706 714532
717181 697763
717232 698115
717331 714545
717401 698643
717482 714736
717788 698724
717832 715552
718045 698887
718072 715942
718109 716859
718375 717067
718434 717125
718691 699063
718897 700630
719286 717265
719351 717745
719569 700955
719670 701610
719698 701635
719869 718013
719931 719400
719973 720116
720316 720712
720396 701837
720761 720981
720900 702036
720908 721894
720957 723634
721201 724226
721593 726593
721679 726858
721856 702136
722151 702303
722214 727201
722325 727203
722556 702744
722636 727532
722732 703260
722891 727548
722965 728961
723006 729098
723534 704038
723547 729390
723644 731056
723667 704126
724167 704434
725185 731671
725275 705473
725282 706074
725292 706307
725400 707035
725771 707604
725865 708459
726098 731802
726163 732455
726303 732987
726371 709433
726600 709666
727010 710445
727531 710990
727751 733596
727936 711459
727988 711804
728108 734097
728284 734285
728321 711806
728431 734389
728489 734691
728700 734730
728990 712361
729371 713303
729434 735458
729706 713787
729867 735460
729907 713834
730026 713875
730241 714137
730284 714466
730323 714474
730490 735480
730697 715007
731147 715328
731286 735911
731720 735939
732088 736379
732189 736620
732199 716300
732242 738198
732417 716568
732809 716629
733250 738326
733667 738388
733871 716777
734141 738718
734407 717101
734492 717601
734726 738969
734764 717928
734832 739559
734963 740118
735048 740426
735171 718926
735632 719128
735915 740790
736004 740943
736192 719266
736205 719750
736411 720006
736532 721329
736603 721549
736631 740976
736748 721674
736831 741076
737201 722050
738260 722334
739068 722428
739401 741236
739537 722845
739581 724230
739645 724733
739835 741459
739919 742510
740025 744261
740052 725237
740184 744432
740673 744542
740694 725258
740800 744783
740854 744921
741590 725839
741594 725934
741594 725962
741683 726224
741689 744991
741762 745031
741876 726437
741980 726438
742228 726630
742353 727560
742464 745032
742680 745103
742706 727840
742767 745142
742817 727920
742836 728150
742862 746531
743375 747066
743458 728220
743633 747361
743648 747365
744371 728720
744838 728944
745113 729049
745132 729461
745728 747561
745813 749525
745863 749668
746570 750734
746611 751379
746866 751496
747325 751541
747500 751719
747534 752029
747714 752492
747760 730350
747790 730393
747958 730701
748168 752849
748341 753248
748572 753450
748810 730939
748908 730967
748960 731070
748976 731483
749150 732440
749170 732621
749173 732827
749230 733264
749354 733363
749394 754165
749430 754254
749441 754645
749526 755340
749661 734646
749855 734826
750196 735274
750337 756106
750653 736347
750947 756507
751117 736781
751294 757724
752334 736801
752649 759491
753268 760441
753290 760722
753518 737055
753608 737284
753677 737699
753759 760870
753831 737792
754253 738747
754580 739138
755611 739346
756129 739839
756280 740044
756408 741064
756522 760891
757910 741641
757961 761241
758360 761438
758422 761549
758655 742337
758659 742479
758665 761905
758898 761964
759009 742658
759299 762712
759330 762717
759465 763312
759686 763920
760035 764045
760078 764194
760128 764382
760462 764987
760472 742739
760508 743107
760521 743207
760744 743455
760946 743525
761032 743620
761100 743826
761372 744733
761477 766366
761670 767320
761689 767989
761891 767997
761931 745321
761991 768741
762451 769638
762538 745603
762631 747091
762911 769729
762982 747354
763248 769777
763393 769813
763450 770579
763559 747521
763666 748425
763993 748610
764295 748848
764572 750379
764827 750960
765324 770587
765712 751773
765847 751891
766016 770837
766153 770957
766308 771522
766587 771543
766674 771805
766702 771870
766763 752121
766848 752174
767390 772180
767418 772243
767523 772417
767560 773034
767871 752623
768627 753197
768872 753288
768896 753808
769109 773196
769133 754552
769137 754814
769363 773305
769527 774178
769852 754825
770046 755113
770857 774184
770979 755751
771399 775529
771559 775562
771738 755916
771776 776291
772255 755940
772300 776950
772466 756228
772531 756627
772620 777106
772978 756752
773090 777450
773335 757285
773380 777530
773383 757491
773873 777842
773907 757533
774156 778054
774274 757553
774431 758197
774476 758365
774702 759219
774801 778122
775040 778172
775117 759444
775607 759552
776787 759608
777226 779075
777466 759654
777478 779262
777657 759810
777948 779904
778137 760855
778144 761142
778602 780340
778802 761549
778912 780390
779134 762664
779211 780440
779330 763174
779407 764159
779685 780614
779746 781651
779870 764530
779991 764565
780001 781673
780032 783450
780571 785168
780675 785564
780731 764650
780791 786419
780804 765032
781030 786548
781259 786636
781374 787783
781464 787881
781503 788088
781552 788149
781703 788550
782022 765874
782273 766267
782452 766806
782871 789162
782989 767203
783319 767833
783346 768306
783356 768375
783888 768510
783894 768700
783976 768718
784087 768867
784474 789677
784490 769099
784612 789690
784658 769894
784719 770031
784830 770391
785121 790554
785134 770690
785352 790687
785869 771037
786249 790733
786597 791969
786854 771517
786977 792009
787105 771790
787241 773219
787272 793080
787682 793299
787949 794120
788959 794326
789150 773715
789197 773976
789670 794865
789938 795124
790536 774073
790590 774393
790741 795636
792229 796078
792521 796372
792542 774631
792630 797113
792738 797335
793034 774750
793062 774996
793515 797467
793676 775302
793682 798320
794210 776121
794297 798753
794375 776127
794570 798761
794631 799534
794828 777014
795286 799784
795923 777195
795994 777261
796114 777455
796240 777462
796354 799844
796516 777545
796663 777666
796963 777701
797059 800826
797067 800974
797400 801050
797551 801753
797813 777732
798165 778071
798237 801808
798436 778702
798800 779638
798901 802536
799011 780042
799198 780514
799259 804436
799320 804842
799471 782030
799543 805756
799850 782275
799886 805920
800009 782475
800324 806282
800376 782608
800552 806485
800689 783026
800915 783324
801090 807006
801160 807400
801179 783653
802163 807652
802541 807897
802544 783856
802610 783876
802909 808444
802944 784118
803047 785014
803256 808520
803347 785051
803398 785221
803416 808663
803617 808763
803632 785403
803715 809314
803799 809526
804056 809857
804627 809905
805137 785522
805167 785557
805485 810841
805511 785984
805635 786267
805698 811121
805825 786459
805907 787163
806338 787168
806429 787216
806493 787865
806531 787988
806635 788099
806656 811828
806838 812062
806859 788301
806951 788582
806981 812075
807034 812551
807087 813158
807609 813442
808086 789313
808850 789378
809489 813475
809563 789485
809638 791012
809901 813920
810114 791018
810139 791061
810233 791190
810572 791250
811197 791902
811293 813939
811608 791992
811702 793512
811722 814166
811730 815881
812034 816139
812119 793540
812202 816855
812790 816967
812973 794244
814096 817098
814142 817333
814218 817485
814421 794337
814526 817587
814539 818382
814924 818753
815117 818791
815161 819509
815326 794859
815438 794929
816083 795940
816184 796873
816532 797441
816577 799194
816952 799606
817073 800050
817106 800474
817267 800507
817536 820130
817954 800511
818003 821993
818051 822061
818231 822569
818348 823413
818418 800824
818525 824016
818544 801076
818619 801659
818815 801683
819216 824313
819259 824554
819382 801934
819396 802230
819663 824594
819767 802439
819824 802496
819998 803712
820547 803774
821311 803987
821410 825849
821444 826300
821619 826449
821635 826703
821791 804210
821901 827914
822084 804631
822200 828629
822274 828863
822346 828867
823142 804961
823473 805052
823631 828907
823641 829984
823684 830020
823743 830141
823851 830265
823930 805290
823952 830560
824345 805515
824576 830614
824640 831012
824668 806136
825319 808420
825365 831077
825427 808498
826228 831941
826362 832127
826369 833630
826446 808622
826601 808699
826718 833834
826847 808995
826939 834447
827222 834510
827246 809187
827367 834569
827460 834624
827665 809420
827819 809452
827871 835088
827880 835221
827912 835419
828130 809569
828747 835601
828906 837300
829112 809594
829292 809674
829477 837619
829483 837694
829491 837990
829792 838723
830063 810061
830289 810140
830540 839180
830585 810807
830636 839391
830687 840707
830833 811165
830893 841869
831028 842832
831067 811713
831184 843147
831794 844391
833118 811813
833163 811913
833816 844951
834365 812179
834500 812269
834719 845120
834863 814118
835270 815023
835482 845347
835654 846358
835679 815377
836053 846458
836305 815405
836583 815689
837040 816593
837929 846787
837950 816620
837952 847101
838220 848915
838346 849359
838347 849597
838400 849835
838546 849920
838656 850135
838763 816770
838862 850253
838882 817995
838901 850413
838903 818215
839549 820830
839552 821920
839764 822075
840240 822428
840242 851429
840248 852001
840552 823439
840658 852502
840852 823464
840981 824143
841161 824799
841373 824821
841414 853097
842226 825987
842463 826978
842662 853882
843174 854218
843400 827331
843662 854789
844111 827943
844282 828066
844618 828363
845187 828504
845204 828785
845297 829547
845433 854805
845460 830727
846155 854973
846311 855150
846450 855741
847066 855811
847116 830940
847219 832310
847610 856322
847727 832875
847903 833737
848058 833786
848337 856827
848462 833828
848576 856856
848616 834513
848756 834654
848768 834747
848834 834769
848837 834833
848841 834899
848973 858028
849021 858474
849231 835154
849305 835278
849330 858672
849454 858832
849532 835662
849636 859111
849857 835798
850117 860251
850123 836658
850246 838349
850427 861156
850514 838690
850520 840978
850629 841018
850974 861527
851380 861553
851474 841262
852007 842326
852066 861844
852105 845545
852580 846276
852686 862132
853204 846407
853373 862374
853450 847070
853545 848124
853946 848186
854019 863257
854108 864700
854144 865134
854147 865413
854157 848790
854429 865491
854713 865651
854716 848816
855322 849381
855558 849523
855825 865850
855867 850387
856122 850506
856439 850700
856575 866100
856960 866260
857294 851475
857303 866265
857395 866460
857399 851594
857524 851791
857570 866705
858702 867243
859157 851914
859479 851927
859644 852263
859672 852415
859778 853957
859864 867250
859942 868461
860168 868557
860335 868637
860359 869490
860494 869724
860520 854094
860741 854107
860973 855281
860978 869763
861242 855867
861300 869780
861370 856104
861400 870762
861470 872221
861643 856216
861670 872522
861815 872659
862136 856596
862634 872999
862680 873968
862998 874221
863055 856658
863313 856897
863345 874278
863415 857163
863537 875289
863621 876846
863679 876949
864104 857178
864215 857378
864255 857719
864331 858021
864449 877457
864675 858460
864804 858465
865023 858467
865116 858680
865480 877578
865662 877615
865852 859575
866156 862217
866897 877847
866899 878198
866991 878652
867114 880071
867300 862769
867356 880273
867546 863395
867941 863769
867983 865020
868479 880442
868704 880444
868976 865368
869103 880609
869219 866006
869263 880812
869287 880923
869369 866280
869491 882157
869502 867354
869625 882658
869784 882863
870283 883719
870386 883922
870557 883977
870728 884070
870762 884118
871039 867754
871045 867944
871140 884391
871308 868411
871404 884518
871435 884530
871700 868496
871858 868841
871982 884752
872142 869763
872206 885180
872540 870860
872623 886568
872780 886705
872798 870887
872872 871149
872898 871530
873017 887254
873055 887321
873239 872860
873520 873008
874056 873040
874300 873607
874493 887639
874508 874300
874648 887776
874651 874393
874744 888363
874829 874401
874940 874435
875072 874533
875108 874538
875227 875203
875523 875226
875578 888799
875728 875299
875756 875512
875796 876364
875879 877310
875953 878701
876287 879646
876297 889072
876302 889172
876623 881047
877194 881122
877241 889179
877274 881234
877683 882249
878189 882319
878336 882357
878761 889234
878789 882564
878930 889369
879106 889413
879317 883075
879719 889441
879768 883362
880117 889663
880490 883456
880744 889760
880753 883478
880793 890225
880806 883557
880947 883670
881246 883843
881254 890630
881390 890733
881551 884241
881575 890829
881641 890973
881780 891233
881969 891581
882023 884321
882046 892648
882189 884343
882251 884459
883122 884618
883262 892665
883966 884905
884055 893020
884241 893255
884748 885001
885048 885717
885517 893271
885601 885928
885650 886005
885813 886228
885958 893836
886493 886334
886619 894047
886765 886427
886807 886485
887019 894155
887432 894689
887894 894792
888301 886822
888447 895067
888510 887101
888599 887386
888604 896206
888759 887650
888933 887658
888976 887940
889130 896213
889156 888058
889167 896284
889514 888059
889799 888471
890312 896874
890360 889776
890669 897690
890939 889982
891138 890510
891322 890916
891421 891114
891433 898329
891466 891336
891551 892418
891660 899636
891857 893111
891949 900135
892319 893146
893050 893299
893146 893620
893158 894266
893405 900464
893420 900554
893573 894371
893621 894834
893706 894918
893738 895031
894078 900587
894267 895858
894424 895866
894504 900831
895842 901090
896034 901452
896186 901600
896395 896083
896652 896374
896691 901675
897166 896555
897554 896585
897690 897293
898452 901681
898476 897399
898536 897823
898580 897910
898667 897972
898729 898010
898894 902018
899049 902331
899251 902480
899811 898777
900203 898862
900968 899096
901282 902742
901286 899547
901455 903691
901759 899625
901940 904288
901959 904399
902017 904731
902037 900480
902167 900641
902516 901407
903315 905026
903346 901556
903681 901957
904091 902700
904153 902856
904260 905530
904680 903095
904858 906555
905371 903470
905440 907049
905586 908133
906352 908248
906489 904311
906497 904567
906513 908952
906619 904603
906755 905053
907277 909058
907471 906438
907603 909155
907650 910164
907720 910652
908169 906593
908211 907071
908323 910762
908392 907123
908651 910870
910114 910972
910492 907714
911186 907764
911557 907960
911891 908294
912015 911391
912075 909383
912912 909550
913208 911547
913300 909870
913813 910470
914297 910545
914381 912001
914395 911315
914399 912068
914404 911701
914926 913089
915096 913405
915248 913820
915332 914236
915462 913338
915831 913687
916057 915687
916287 915891
916381 913841
917214 914043
917866 916051
917982 917157
918283 914846
918525 914922
919020 917180
919056 917209
919108 917303
919412 916079
919492 917467
919648 917678
920117 918048
920423 916382
920433 918067
920576 916426
921183 919152
921184 916486
921246 919249
921287 916944
921438 917460
921813 919269
922675 917859
922678 918131
923093 918988
923216 920278
923359 920451
923381 920522
923559 920785
923802 921502
923984 920505
923998 922367
924118 920627
924348 922486
924398 923333
924781 920793
924807 921078
925723 923386
925961 921554
926239 923528
926493 921668
926520 921899
926567 923530
926577 924407
926710 922423
927010 924411
927053 922922
927089 924525
927339 924538
928110 924565
928155 924574
928236 924959
928557 925223
928584 926103
928709 925225
928898 926434
929020 928135
929913 928567
930535 925511
930690 928724
931009 925583
931153 928837
931354 926959
931423 927001
931690 930135
931757 927087
931900 930862
931991 927189
932139 927601
932283 931671
932361 931787
932379 932976
932456 933348
932578 933948
932636 934041
932755 935148
932889 935398
932945 935410
933403 935760
933457 928159
933864 936462
933919 928532
934216 928997
934256 937394
934339 937545
934369 937738
934683 937969
934759 938283
935396 929560
935561 938575
935685 930033
935859 930939
936015 938647
936056 930991
936185 932014
936201 938653
936279 933563
936417 933728
936436 934510
936481 934899
936723 935562
936777 935721
936840 938956
936880 939819
937358 940833
937370 936066
937381 941527
937962 941533
938144 941568
938241 936167
938298 942009
938322 942024
938426 936345
938676 942555
938829 936614
938836 942726
938983 943289
939094 943371
939147 937150
939224 937436
939970 937659
940024 937886
940152 938028
940323 943529
940482 938445
940534 943795
940839 943977
940912 938777
941619 943979
942011 938908
942264 944099
942413 944126
942506 944173
943018 944410
943133 944829
943427 945147
943506 946646
943588 938962
943612 938985
943644 938988
943921 939552
944127 939997
944581 946961
944794 948156
944914 940015
945034 940234
945104 940405
945182 940538
945549 940660
945602 949706
945763 949838
945842 949901
945858 949980
946086 942266
946177 943304
946187 950584
946251 943406
946290 943967
946474 950896
946512 944010
946541 951339
946676 951564
946843 944859
946867 945610
946963 951618
947448 952403
947540 946210
948234 952866
948605 946416
948681 946876
948706 953050
948882 953385
949107 954208
949170 947718
949180 947920
949244 948309
949407 954884
949528 949444
949565 955847
949624 956190
949628 949464
949919 949483
950466 956687
950581 957131
950803 957298
951179 950254
951588 950445
951760 950445
951818 950784
951861 950785
952045 957424
952049 957492
952262 958043
952394 958120
952548 958512
952702 959000
953443 950952
953536 959393
953702 960253
953742 950980
953778 951360
954040 960567
954164 960568
954310 952688
954467 952714
954575 961618
954613 962007
954844 953215
955567 962377
955973 953283
956105 953349
956187 953934
956290 953978
956788 962542
956930 962643
957120 962666
957242 954114
957452 955024
957614 955402
957746 963016
957758 963360
957871 955467
958125 963969
958202 965127
958273 956003
958411 956735
958455 965581
958490 957604
958538 958006
958688 965666
958772 958190
959026 959669
959563 965890
959896 959993
960079 966539
960160 960009
960767 960605
960953 961349
961251 966622
962252 961579
962335 962111
962537 962495
962926 962618
963058 967462
963502 963083
963957 963268
964204 963336
964354 967585
964380 963377
964480 968002
964528 968119
964604 968167
964899 963610
965448 968594
965586 963650
965589 964494
965649 965287
965861 968841
965882 969437
965925 965713
966213 966054
966476 966735
966653 969839
966788 970357
966826 970689
966900 967083
966921 971074
966922 971195
966927 967100
967065 969586
967144 971266
967331 970946
967730 970966
967946 971470
968332 971702
969009 971722
969074 971370
969622 972619
969766 973596
970156 974260
970594 974290
971373 976238
971516 971814
971837 972122
971947 976473
971949 972730
972088 972763
972475 973474
972779 976615
972907 976699
973597 973657
973810 974151
973978 976780
974756 974635
974946 977058
975065 977394
975121 974888
975250 977687
975374 978362
975911 975066
975989 975067
976316 975172
976456 975182
976719 975232
976792 978719
976939 975263
977008 978819
977174 975380
977302 978895
977320 975465
977610 975976
977883 976173
978090 977581
978326 978231
978329 978452
978549 978529
978874 978888
978919 978896
978978 978980
979020 979129
979200 979296
979242 979309
979331 979766
979377 980362
979511 979800
979619 980804
979750 981079
979832 981274
980027 981333
980706 981534
980810 981528
981285 982288
981648 981771
981970 982417
982249 982673
982345 984495
982377 984585
982717 983061
982737 984716
982859 985325
982869 983685
983129 985401
983231 984094
983461 985501
983617 985601
983630 985841
983745 984207
983841 984278
984167 984797
984338 985022
984462 986074
984805 986076
984956 985241
985247 987546
985450 985289
985579 987857
985753 986058
985852 986411
986124 986430
986138 988229
986262 986768
986442 988663
986582 986860
986734 987402
986760 987609
987152 988341
987439 988714
987658 988965
988575 989342
988904 990600
988961 990713
989218 989343
989764 990740
990189 989397
990332 990090
990523 990904
990773 991021
991356 991960
991362 992445
991573 990917
991586 990922
991643 991283
992049 992455
992058 992385
992263 992715
992376 992663
992682 993071
992786 992923
992900 993168
993081 993540
993264 993377
993400 994635
993406 994817
993503 994976
993587 993420
994099 993793
994649 994062
994760 995557
994804 995074
994901 995452
995012 995609
995125 995657
995343 996063
995418 995645
995442 996036
995443 996078
995559 996520
995606 997156
995840 996695
996188 997367
996291 996888
996583 996913
996634 997138
997023 998095
997125 997479
997335 998228
997339 998425
997377 998445
997541 997583
997555 997734
997730 997748
997861 998425
998120 999075
998809 998841
999155 999238
999271 998877
999298 998887
999541 999537
999649 999732
999730 999637
999790 999928
