3
7 1000000 4910
1 1
1 294
1 364
1 470
1 779
1 859
1 1010
1 1224
1 1272
1 1318
1 1584
1 1974
1 2002
1 2346
1 2532
1 2698
1 2875
1 2960
1 3133
1 3138
1 3302
1 3438
1 3483
1 3634
1 3687
1 3725
1 3779
1 4374
1 4451
1 4568
1 4860
1 4986
1 5252
1 5415
1 5428
1 5488
1 5673
1 5767
1 5869
1 5874
1 6336
1 6339
1 6665
1 6857
1 6925
1 7048
1 7329
1 7340
1 7406
1 7501
1 7570
1 8008
1 8356
1 8493
1 8592
1 8604
1 8616
1 8726
1 9117
1 9589
1 9919
1 10225
1 10343
1 10450
1 10455
1 10485
1 10630
1 10724
1 10930
1 10997
1 11122
1 11167
1 11620
1 11980
1 12235
1 12946
1 13169
1 13430
1 13579
1 13580
1 13849
1 14536
1 15068
1 15424
1 15566
1 15973
1 16024
1 16371
1 16380
1 17191
1 17323
1 17720
1 17730
1 18489
1 18542
1 18662
1 18952
1 19228
1 19548
1 19649
1 19961
1 20012
1 20131
1 20387
1 20419
1 20482
1 20517
1 20565
1 20685
1 20718
1 20779
1 20837
1 20885
1 20960
1 21223
1 21539
1 21726
1 21885
1 21999
1 22021
1 22551
1 22578
1 22614
1 22932
1 23035
1 23168
1 23438
1 23444
1 24003
1 24060
1 24177
1 24299
1 24391
1 24410
1 24541
1 24687
1 24971
1 25010
1 25141
1 25964
1 26100
1 26209
1 26327
1 27160
1 27385
1 27514
1 27836
1 28105
1 28150
1 28173
1 29239
1 29451
1 29772
1 29844
1 30044
1 30148
1 30234
1 30533
1 30800
1 31209
1 31398
1 31431
1 31522
1 31574
1 31818
1 32122
1 32263
1 32800
1 33139
1 33189
1 33563
1 33723
1 33732
1 33825
1 33895
1 34064
1 35090
1 35153
1 35431
1 35438
1 35650
1 35766
1 36455
1 36485
1 36560
1 36811
1 36945
1 37169
1 37388
1 38037
1 38566
1 38640
1 38959
1 39151
1 39424
1 39610
1 39896
1 39949
1 40328
1 41139
1 41317
1 41482
1 41502
1 41605
1 41677
1 41694
1 41933
1 42118
1 42315
1 42384
1 42668
1 42747
1 43020
1 43055
1 43096
1 43352
1 43518
1 43637
1 43977
1 44082
1 44303
1 44573
1 44926
1 44942
1 45294
1 45674
1 45881
1 45960
1 46585
1 46598
1 46658
1 46785
1 46954
1 47309
1 47342
1 47450
1 47724
1 48393
1 48394
1 48948
1 49258
1 50075
1 50222
1 50508
1 50630
1 50741
1 50935
1 51065
1 51098
1 51259
1 51514
1 51552
1 51570
1 52415
1 52488
1 52719
1 52915
1 53478
1 53659
1 53849
1 54126
1 54131
1 54177
1 54257
1 54272
1 54277
1 54300
1 54858
1 54905
1 54949
1 55025
1 55116
1 55176
1 55398
1 55472
1 55738
1 55815
1 56118
1 56142
1 56460
1 56761
1 56924
1 57017
1 57099
1 57111
1 57200
1 57351
1 57502
1 57547
1 57628
1 57652
1 57718
1 58097
1 58218
1 58443
1 58743
1 59084
1 59588
1 59879
1 59910
1 60078
1 60192
1 60245
1 60403
1 60432
1 60529
1 60590
1 60866
1 60969
1 61049
1 61055
1 61125
1 61362
1 61514
1 61561
1 61740
1 61886
1 62296
1 62331
1 62722
1 63259
1 63277
1 63305
1 63568
1 63900
1 64270
1 64515
1 64936
1 65321
1 65766
1 65923
1 65963
1 66073
1 66410
1 66438
1 67524
1 67895
1 68013
1 68143
1 68569
1 68680
1 69001
1 69014
1 69034
1 69099
1 69203
1 69246
1 70188
1 70328
1 70487
1 70749
1 71287
1 71343
1 71355
1 71786
1 71991
1 72163
1 72340
1 72675
1 72713
1 72749
1 73062
1 73115
1 73153
1 73305
1 73339
1 73342
1 73376
1 73849
1 74677
1 74691
1 74965
1 75799
1 75943
1 75973
1 76402
1 76430
1 76945
1 77016
1 77149
1 77294
1 77335
1 77460
1 77555
1 77635
1 77797
1 77867
1 77903
1 78202
1 78372
1 78464
1 78747
1 79237
1 79357
1 79515
1 79644
1 79826
1 80112
1 80204
1 80234
1 80691
1 80707
1 81249
1 81250
1 81338
1 81379
1 81420
1 81700
1 81878
1 82238
1 82281
1 83009
1 83156
1 83202
1 83576
1 83678
1 84171
1 84584
1 85101
1 85399
1 85932
1 86167
1 87023
1 87102
1 87527
1 87558
1 87724
1 87796
1 88104
1 88222
1 88237
1 88266
1 88325
1 88436
1 88742
1 88784
1 89051
1 89197
1 89234
1 89524
1 89886
1 90256
1 90266
1 90504
1 90521
1 90624
1 90694
1 90847
1 91737
1 91751
1 91904
1 92065
1 92085
1 92231
1 92298
1 92798
1 93059
1 93659
1 94061
1 94081
1 94207
1 94509
1 94978
1 95801
1 95849
1 96182
1 96436
1 96773
1 97128
1 97137
1 97158
1 97493
1 97662
1 97800
1 97827
1 97923
1 97978
1 98050
1 98290
1 98491
1 98639
1 98673
1 98749
1 98796
1 99058
1 99106
1 99178
1 99672
1 99877
1 99882
1 99907
1 100071
1 100647
1 101049
1 101109
1 102199
1 102293
1 102399
1 102486
1 102629
1 102927
1 103222
1 103266
1 103451
1 103579
1 103693
1 103775
1 103818
1 104065
1 104446
1 104519
1 104794
1 105545
1 105962
1 106031
1 106061
1 106812
1 107054
1 107146
1 107196
1 107245
1 107488
1 107583
1 108598
1 108844
1 108866
1 109060
1 109314
1 109321
1 109329
1 109491
1 109699
1 109702
1 110162
1 111200
1 111463
1 111540
1 111674
1 111876
1 111938
1 111969
1 112080
1 112210
1 112211
1 112322
1 112360
1 112440
1 113077
1 113150
1 113272
1 113629
1 113690
1 113874
1 114327
1 115123
1 115311
1 115453
1 115690
1 115799
1 115970
1 116128
1 116224
1 116556
1 116795
1 117002
1 117144
1 117164
1 117450
1 117459
1 118234
1 118560
1 118793
1 119054
1 119073
1 119092
1 119102
1 119336
1 119507
1 119636
1 119782
1 119971
1 119977
1 120015
1 120044
1 120310
1 120415
1 120467
1 120581
1 120679
1 120693
1 121057
1 121451
1 121568
1 121860
1 122490
1 122590
1 122730
1 123641
1 123767
1 123842
1 124111
1 124407
1 124565
1 124696
1 125091
1 125500
1 125847
1 126028
1 126136
1 126302
1 126440
1 126887
1 127045
1 127098
1 127190
1 127320
1 127365
1 127695
1 127699
1 127965
1 128553
1 128640
1 128882
1 129470
1 129602
1 129835
1 129884
1 130069
1 131122
1 131475
1 131748
1 132037
1 132321
1 132527
1 133611
1 133923
1 134155
1 134249
1 134450
1 134668
1 134947
1 135323
1 135372
1 135430
1 135569
1 135677
1 135759
1 135947
1 136135
1 136151
1 136366
1 136390
1 136653
1 136752
1 136822
1 136849
1 137366
1 137458
1 137824
1 137860
1 138251
1 138269
1 138310
1 138897
1 139006
1 139220
1 139354
1 139541
1 139910
1 140292
1 140684
1 140982
1 141225
1 141487
1 142235
1 142419
1 142576
1 143137
1 143193
1 143542
1 144143
1 144218
1 144283
1 144304
1 144318
1 144321
1 144812
1 146236
1 146286
1 147039
1 147719
1 147771
1 148378
1 149478
2 138821
2 138864
2 139172
2 140304
2 141098
2 141101
2 141373
2 141426
2 142236
2 142483
2 143662
2 144591
2 144601
2 145667
2 146159
2 146306
2 146380
2 148610
2 148861
2 148955
2 149109
2 149708
2 149739
2 149943
2 150005
2 150051
2 150478
2 150630
2 150992
2 151082
2 151124
2 151383
2 151516
2 151568
2 152224
2 152445
2 152468
2 152572
2 152893
2 153394
2 153533
2 153855
2 153902
2 154028
2 154993
2 155103
2 155138
2 155303
2 155311
2 155436
2 155483
2 155578
2 155608
2 156203
2 156261
2 156337
2 157014
2 157369
2 157428
2 157543
2 157746
2 157879
2 158113
2 158200
2 158327
2 158542
2 158740
2 158790
2 158796
2 159064
2 159077
2 159168
2 159333
2 159347
2 159656
2 159760
2 159953
2 160159
2 160259
2 160522
2 160598
2 160742
2 160764
2 160811
2 160894
2 161017
2 161091
2 161286
2 161303
2 161311
2 161407
2 162185
2 162417
2 162788
2 163232
2 163339
2 163362
2 163538
2 163903
2 164019
2 164427
2 164485
2 164496
2 164777
2 165199
2 165269
2 165288
2 165395
2 165485
2 166159
2 166417
2 166454
2 166502
2 166565
2 166884
2 166984
2 167327
2 167364
2 167636
2 167652
2 167796
2 167870
2 168183
2 168726
2 168812
2 168973
2 169156
2 169250
2 169348
2 169389
2 169766
2 170079
2 170080
2 170217
2 170437
2 170903
2 171127
2 171247
2 171386
2 171594
2 172134
2 172192
2 172216
2 172222
2 172346
2 172523
2 172946
2 173232
2 173793
2 173814
2 173836
2 173905
2 173992
2 174428
2 175177
2 175379
2 175449
2 175509
2 175605
2 175994
2 176080
2 176288
2 176332
2 176577
2 176692
2 176743
2 177321
2 177365
2 177476
2 177776
2 178266
2 178297
2 178507
2 178563
2 178636
2 178669
2 178753
2 178783
2 179121
2 179361
2 179470
2 179575
2 180418
2 180498
2 181039
2 181224
2 181227
2 181247
2 181342
2 181381
2 181490
2 181759
2 181970
2 182096
2 182184
2 182380
2 182913
2 183344
2 183469
2 183638
2 183696
2 183791
2 183867
2 183905
2 184306
2 184417
2 184883
2 184900
2 184933
2 185420
2 185515
2 186010
2 186252
2 186328
2 186439
2 186625
2 186825
2 186873
2 187271
2 187342
2 187424
2 187520
2 187806
2 188109
2 188206
2 188297
2 188338
2 188439
2 188547
2 188598
2 188650
2 188708
2 189172
2 189222
2 189258
2 189262
2 189265
2 189452
2 189945
2 190171
2 190200
2 190854
2 190868
2 191063
2 191174
2 191258
2 191416
2 191526
2 191830
2 192130
2 192498
2 192635
2 192961
2 193309
2 194027
2 194088
2 194312
2 194466
2 194504
2 194658
2 194821
2 195175
2 195425
2 195553
2 195841
2 196030
2 196255
2 196271
2 196332
2 196593
2 196919
2 197456
2 197623
2 197642
2 197660
2 197722
2 198143
2 198541
2 198638
2 199360
2 199473
2 199620
2 199628
2 199677
2 200051
2 200081
2 200238
2 200336
2 200411
2 200474
2 200672
2 200725
2 200752
2 200763
2 200786
2 200846
2 200949
2 200991
2 201070
2 201409
2 202640
2 202748
2 203173
2 203231
2 203337
2 203476
2 203663
2 203901
2 204214
2 204576
2 204819
2 205080
2 205289
2 205315
2 205505
2 206081
2 206201
2 206430
2 206438
2 206621
2 206751
2 206996
2 207240
2 207247
2 207276
2 207319
2 208049
2 208077
2 208296
2 208699
2 208759
2 209100
2 209174
2 209211
2 209279
2 209364
2 209412
2 209451
2 209779
2 209879
2 210227
2 210284
2 210364
2 210796
2 210985
2 211471
2 211928
2 212793
2 212874
2 212980
2 212994
2 212996
2 213412
2 213585
2 213915
2 213999
2 214292
2 214315
2 214488
2 214563
2 214584
2 214721
2 214780
2 215013
2 215078
2 215559
2 216053
2 216703
2 216705
2 216831
2 216950
2 216968
2 217000
2 217023
2 217140
2 217319
2 217369
2 217868
2 218355
2 218707
2 218878
2 219132
2 219985
2 220112
2 220265
2 220298
2 220344
2 220507
2 220726
2 220878
2 220945
2 221157
2 221431
2 221919
2 221947
2 222078
2 222219
2 222751
2 222764
2 222868
2 223022
2 223160
2 223221
2 223964
2 224185
2 224365
2 224375
2 224454
2 224719
2 224774
2 224783
2 224887
2 224930
2 225050
2 225104
2 225371
2 225433
2 225523
2 225671
2 225813
2 226215
2 226650
2 227346
2 227393
2 227711
2 228040
2 228410
2 228991
2 229030
2 229139
2 229494
2 229636
2 230045
2 230353
2 230364
2 230467
2 230660
2 230732
2 230866
2 230905
2 231415
2 231527
2 231689
2 231836
2 231869
2 231941
2 231947
2 232160
2 232320
2 233029
2 233140
2 233593
2 233663
2 233910
2 234614
2 234695
2 235194
2 235234
2 235258
2 235515
2 235847
2 236417
2 236463
2 236634
2 236850
2 236920
2 237632
2 237697
2 237879
2 237910
2 238106
2 238247
2 238418
2 238697
2 238736
2 238905
2 239072
2 239147
2 239150
2 239160
2 239361
2 239393
2 239877
2 239883
2 240101
2 240284
2 240311
2 240865
2 241060
2 241232
2 241284
2 241404
2 241411
2 241768
2 241844
2 241931
2 241950
2 242044
2 242493
2 242547
2 242585
2 242668
2 242905
2 243137
2 243222
2 243249
2 243348
2 243443
2 243531
2 243563
2 243566
2 243598
2 244154
2 244422
2 244560
2 244954
2 244967
2 244995
2 245142
2 245475
2 245511
2 245840
2 245900
2 245957
2 246212
2 246880
2 246905
2 246946
2 247176
2 247224
2 247249
2 247329
2 247562
2 247764
2 247906
2 248026
2 248100
2 248239
2 248895
2 249306
2 249542
2 249787
2 250096
2 250930
2 251652
2 251791
2 252196
2 252202
2 252409
2 252621
2 252802
2 252960
2 253254
2 253434
2 253967
2 254505
2 254618
2 255303
2 255342
2 255493
2 255853
2 255987
2 256341
2 256863
2 256873
2 257382
2 257588
2 258226
2 258607
2 258763
2 259117
2 259317
2 259594
2 259713
2 259730
2 260212
2 261002
2 261090
2 261198
2 261503
2 261634
2 262292
2 262343
2 262626
2 262886
2 263101
2 263282
2 263455
2 263486
2 263650
2 263964
2 263980
2 264353
2 264356
2 264387
2 264496
2 264596
2 264958
2 264993
2 265093
2 265157
2 265165
2 265172
2 265182
2 265277
2 265589
2 265817
2 265921
2 266127
2 266561
2 266581
2 266745
2 267052
2 267262
2 267521
2 267598
2 267691
2 267915
2 268723
2 268910
2 269455
2 269550
2 269744
2 269938
2 269987
2 270463
2 270592
2 270634
2 270701
2 270740
2 270771
2 270902
2 270944
2 271535
2 271699
2 271876
2 272265
2 272472
2 272648
2 272829
2 272982
2 273503
2 273988
2 274392
2 275467
2 275792
2 275877
2 276165
2 276737
2 276757
2 277444
2 278291
2 278762
2 279094
2 280833
2 281511
2 282267
2 282520
2 282542
2 283131
2 283683
2 283996
2 284413
2 284465
2 284516
2 284535
2 284649
2 284667
2 285027
2 286202
2 286328
2 286593
2 286648
2 287043
2 287109
2 287119
2 287450
2 287892
2 287991
2 288126
2 288749
2 289015
2 289049
2 290320
2 290855
2 292066
2 292553
2 292762
2 294460
2 294690
2 295054
2 295650
2 296049
2 296424
2 296992
2 297040
2 297066
2 297092
2 297373
2 297406
2 297520
2 298135
2 298376
2 298816
2 298917
2 300257
2 300505
2 301414
2 301662
2 301688
2 302188
2 302502
2 302824
2 302897
2 303235
2 303567
2 303582
2 303833
2 304521
2 304794
2 305143
2 305171
2 305253
2 305623
2 305730
2 305887
2 306160
2 306581
2 306657
2 306782
2 307296
2 308019
2 308302
2 308303
2 308334
3 273279
3 273621
3 273693
3 273740
3 274756
3 275071
3 275483
3 275663
3 275686
3 276621
3 276664
3 276717
3 277374
3 277468
3 277863
3 278050
3 279155
3 279161
3 279548
3 280704
3 280849
3 280890
3 281713
3 282632
3 282774
3 283291
3 283546
3 283583
3 283672
3 283701
3 284024
3 284532
3 285068
3 285877
3 285979
3 286459
3 286581
3 288156
3 288253
3 288398
3 288906
3 289869
3 290119
3 290693
3 290895
3 290932
3 291273
3 291336
3 291609
3 292034
3 292867
3 294415
3 294418
3 294924
3 295187
3 295662
3 296143
3 296212
3 296499
3 296793
3 297068
3 297100
3 298107
3 298252
3 298817
3 299251
3 299352
3 299773
3 300588
3 300808
3 301173
3 301547
3 301868
3 301929
3 303302
3 303772
3 304216
3 305074
3 305137
3 305246
3 305460
3 305529
3 305580
3 305689
3 305745
3 305958
3 306308
3 306927
3 307387
3 307511
3 308731
3 309169
3 309199
3 309425
3 309683
3 309856
3 309906
3 310337
3 310707
3 311052
3 311060
3 311238
3 311452
3 311587
3 311839
3 311927
3 312149
3 312587
3 312660
3 312717
3 312960
3 313209
3 313431
3 313457
3 313725
3 313872
3 314001
3 314031
3 314280
3 314295
3 314401
3 314459
3 314567
3 314642
3 314881
3 314923
3 315005
3 315237
3 315519
3 315616
3 315805
3 315986
3 315996
3 316305
3 316750
3 317052
3 317232
3 317335
3 318356
3 318671
3 318927
3 319049
3 319057
3 319429
3 319522
3 320033
3 320040
3 320184
3 320291
3 320782
3 320921
3 321113
3 321429
3 321646
3 321796
3 321890
3 321907
3 322290
3 322581
3 322660
3 323128
3 323400
3 324008
3 324021
3 324412
3 324756
3 324811
3 324851
3 324869
3 324962
3 325189
3 325662
3 326405
3 326483
3 326506
3 327075
3 327283
3 327853
3 328068
3 328132
3 328383
3 328811
3 328869
3 329713
3 329846
3 329998
3 330091
3 330691
3 330873
3 331215
3 331502
3 331710
3 331987
3 332054
3 332634
3 332766
3 332981
3 333980
3 334005
3 334006
3 334616
3 334994
3 335300
3 335657
3 335991
3 336100
3 336658
3 337398
3 337705
3 337867
3 337982
3 338056
3 338176
3 338294
3 338305
3 338484
3 338564
3 338581
3 338586
3 338910
3 339098
3 339171
3 339650
3 339692
3 339751
3 339986
3 340608
3 340669
3 341194
3 341303
3 341312
3 341577
3 341962
3 342300
3 342558
3 342839
3 343170
3 343453
3 343777
3 343886
3 343900
3 344251
3 344576
3 344604
3 345229
3 345265
3 345419
3 345568
3 345641
3 345852
3 346476
3 346600
3 346757
3 347376
3 347440
3 347754
3 347763
3 348770
3 348798
3 348861
3 349270
3 349527
3 349734
3 349817
3 350242
3 350419
3 350598
3 350667
3 350860
3 351061
3 351080
3 351314
3 351587
3 351788
3 352143
3 352216
3 352425
3 352517
3 352531
3 352613
3 352810
3 353056
3 353394
3 353528
3 353535
3 353752
3 353941
3 354018
3 354244
3 354261
3 354293
3 354319
3 354598
3 354708
3 354983
3 355368
3 356385
3 356480
3 356559
3 356839
3 356929
3 357230
3 357642
3 357841
3 358136
3 358416
3 358597
3 358928
3 359469
3 359659
3 359734
3 359788
3 359971
3 360090
3 360216
3 360276
3 360375
3 360447
3 360507
3 360931
3 361186
3 361337
3 361394
3 361534
3 361634
3 361983
3 362040
3 362043
3 362052
3 362121
3 362236
3 362276
3 362379
3 362511
3 362732
3 362970
3 363189
3 363428
3 363536
3 363622
3 364011
3 364230
3 364346
3 364367
3 364425
3 364456
3 364758
3 364802
3 364895
3 364949
3 365079
3 365206
3 365348
3 365586
3 365611
3 365731
3 365772
3 365923
3 365944
3 366045
3 366192
3 366251
3 366405
3 366452
3 366490
3 366532
3 366548
3 366981
3 367008
3 367295
3 367339
3 367967
3 368104
3 368181
3 368188
3 368262
3 368591
3 368614
3 369184
3 369270
3 369422
3 369549
3 369878
3 370046
3 370380
3 370787
3 371137
3 371224
3 371400
3 371457
3 371487
3 371671
3 371888
3 371908
3 372077
3 372168
3 372270
3 372304
3 372462
3 372545
3 372938
3 373361
3 373640
3 373896
3 373906
3 374012
3 374265
3 374582
3 374704
3 374765
3 374876
3 374949
3 375139
3 375160
3 375589
3 376118
3 376382
3 376483
3 376614
3 376640
3 377051
3 377060
3 377239
3 377254
3 377352
3 377426
3 377447
3 377942
3 378022
3 378041
3 378571
3 378712
3 379066
3 379517
3 379866
3 379957
3 379984
3 379988
3 380479
3 380808
3 381152
3 381343
3 381346
3 381350
3 381461
3 381851
3 382029
3 382538
3 382884
3 383175
3 383556
3 383805
3 383822
3 384452
3 384631
3 384636
3 384677
3 384919
3 385374
3 385483
3 385493
3 386312
3 386892
3 387218
3 387366
3 387634
3 387653
3 387842
3 388014
3 388204
3 388446
3 388717
3 389179
3 389357
3 389969
3 390104
3 390195
3 390951
3 390965
3 391071
3 391154
3 391459
3 391601
3 391688
3 392710
3 392787
3 392794
3 393529
3 394111
3 394607
3 394829
3 394879
3 395126
3 395247
3 395500
3 395707
3 395749
3 395757
3 395994
3 396085
3 397295
3 397350
3 397708
3 398034
3 398179
3 398209
3 398386
3 398515
3 398566
3 398659
3 399021
3 399188
3 399223
3 399506
3 400173
3 400350
3 400550
3 400664
3 400941
3 401148
3 401229
3 401274
3 401285
3 401560
3 401882
3 401904
3 401916
3 402040
3 402297
3 402351
3 402535
3 402610
3 402938
3 403206
3 403335
3 403565
3 403670
3 403688
3 404135
3 404348
3 404352
3 404366
3 404386
3 405152
3 405212
3 405296
3 405420
3 405633
3 406104
3 406563
3 406659
3 406695
3 406918
3 407118
3 407295
3 407870
3 408189
3 408250
3 408304
3 408520
3 408542
3 408548
3 408828
3 409064
3 409304
3 409394
3 409454
3 409498
3 409585
3 410223
3 410262
3 410404
3 410737
3 410944
3 410948
3 411083
3 411525
3 411754
3 411920
3 412692
3 412837
3 412942
3 413124
3 413150
3 413333
3 413459
3 413556
3 413612
3 414013
3 414110
3 414521
3 414555
3 414663
3 414839
3 414909
3 414912
3 415138
3 415642
3 415707
3 415885
3 415918
3 416329
3 416521
3 416651
3 417174
3 417586
3 417599
3 417779
3 418175
3 418235
3 418305
3 418372
3 418668
3 419078
3 419294
3 419389
3 419501
3 419782
3 419932
3 420743
3 420980
3 420997
3 421148
3 421796
3 422817
3 423031
3 423506
3 423671
3 425337
3 425876
3 426494
3 426656
3 426966
3 427524
3 427684
3 427841
3 428006
3 428195
3 428840
3 429324
3 429488
3 430278
3 430981
3 431214
3 431490
3 431657
3 432344
3 433534
3 433669
3 434896
3 434994
3 435437
3 435525
3 435579
3 436126
3 436718
3 436756
3 436910
3 436991
3 437071
3 437629
3 437756
3 437924
3 438840
3 440472
3 440775
3 441615
3 441776
3 442311
3 442352
3 442417
3 442511
3 443072
3 443256
3 444621
3 445239
3 445402
3 446995
3 447001
3 447029
3 447085
3 447115
3 447350
3 447617
3 447981
3 448047
3 448052
3 448088
3 448412
3 448540
4 417011
4 417145
4 418186
4 418305
4 418920
4 419725
4 420067
4 420118
4 421635
4 421857
4 421881
4 422029
4 422156
4 422522
4 422601
4 422632
4 422777
4 423365
4 423366
4 423394
4 423978
4 425416
4 425512
4 426083
4 426621
4 426740
4 427246
4 427914
4 428224
4 429196
4 429491
4 429506
4 430840
4 431186
4 431262
4 431892
4 432793
4 432822
4 435454
4 435866
4 436054
4 436371
4 436546
4 436775
4 437368
4 437792
4 438218
4 438571
4 439037
4 439542
4 440002
4 440099
4 441413
4 441574
4 442435
4 442546
4 443666
4 443861
4 444942
4 445359
4 445732
4 445866
4 445962
4 446317
4 447600
4 447876
4 448021
4 448056
4 448148
4 448353
4 448398
4 448683
4 448952
4 448958
4 449211
4 449756
4 450049
4 450101
4 450354
4 450569
4 450667
4 450688
4 450848
4 451094
4 451249
4 451588
4 452415
4 452539
4 452559
4 452640
4 452664
4 452712
4 453097
4 453308
4 453460
4 453473
4 453549
4 453591
4 453828
4 454139
4 454351
4 454357
4 454376
4 454412
4 454459
4 454599
4 454674
4 454704
4 454783
4 454964
4 455112
4 455267
4 455867
4 455891
4 456095
4 456194
4 456322
4 456468
4 456742
4 456757
4 456957
4 457504
4 457601
4 457959
4 457964
4 458282
4 458385
4 459357
4 459605
4 459668
4 459677
4 459751
4 459790
4 460433
4 460493
4 460702
4 460973
4 461060
4 461063
4 462454
4 462834
4 462908
4 463082
4 463103
4 463259
4 463706
4 463931
4 464173
4 464204
4 464293
4 464328
4 464489
4 465109
4 465141
4 465373
4 465530
4 465783
4 466196
4 466612
4 466774
4 466830
4 467138
4 467290
4 467293
4 467595
4 467741
4 467882
4 467913
4 468167
4 468475
4 468511
4 468535
4 468934
4 468964
4 469071
4 469193
4 469213
4 469337
4 469393
4 469406
4 470065
4 470383
4 470441
4 470836
4 471052
4 471509
4 471712
4 471942
4 472017
4 472071
4 472079
4 472190
4 472768
4 472886
4 473201
4 473282
4 473392
4 473972
4 474511
4 474766
4 475183
4 475480
4 475551
4 475849
4 475927
4 476156
4 476423
4 476860
4 476977
4 477125
4 477468
4 477580
4 477739
4 477802
4 478154
4 478216
4 478405
4 478443
4 478787
4 478962
4 479139
4 479171
4 479420
4 479832
4 479882
4 479884
4 480047
4 480521
4 480650
4 481585
4 481673
4 481835
4 481851
4 481915
4 482025
4 482281
4 482476
4 482860
4 482941
4 482965
4 483038
4 483304
4 483331
4 483520
4 483625
4 483723
4 484139
4 484230
4 484568
4 484719
4 484974
4 485347
4 485767
4 485804
4 485862
4 486355
4 486388
4 486419
4 486681
4 486787
4 486845
4 486961
4 486988
4 487282
4 487287
4 487400
4 487539
4 487817
4 487853
4 487965
4 488071
4 488362
4 488759
4 489100
4 489493
4 489534
4 489916
4 490096
4 490283
4 490367
4 490413
4 490504
4 490572
4 490733
4 490942
4 491023
4 491257
4 491276
4 491564
4 491653
4 492273
4 492484
4 492564
4 492874
4 493212
4 493305
4 493610
4 493628
4 493669
4 493705
4 493719
4 493921
4 494540
4 494578
4 494843
4 494911
4 495177
4 495183
4 495412
4 495722
4 495807
4 495929
4 496119
4 496746
4 497035
4 497108
4 497282
4 498011
4 498325
4 498859
4 498949
4 499178
4 499466
4 499679
4 499942
4 500302
4 500646
4 500732
4 500925
4 501044
4 501045
4 501783
4 501900
4 502008
4 502573
4 502581
4 503093
4 503504
4 503713
4 503797
4 503979
4 504273
4 504303
4 504361
4 504480
4 504578
4 504605
4 504799
4 504813
4 504927
4 504951
4 505840
4 506199
4 506210
4 506375
4 506388
4 506424
4 506514
4 506709
4 506719
4 506763
4 506928
4 507250
4 508309
4 508447
4 508474
4 508532
4 510201
4 510675
4 511296
4 511305
4 511344
4 511387
4 511748
4 512121
4 512245
4 512712
4 512814
4 512847
4 513731
4 513875
4 514092
4 514264
4 514404
4 514878
4 515143
4 515649
4 515681
4 515694
4 515750
4 515931
4 516179
4 516286
4 516299
4 516560
4 516669
4 516763
4 517625
4 518033
4 518120
4 518569
4 518930
4 519141
4 519480
4 519607
4 519819
4 519921
4 520302
4 520408
4 521114
4 521470
4 521782
4 522069
4 522515
4 523129
4 523630
4 523789
4 523891
4 524117
4 524580
4 524799
4 525022
4 525060
4 525246
4 525357
4 525381
4 526108
4 526343
4 526443
4 526494
4 526632
4 526859
4 526869
4 526889
4 527038
4 527104
4 527345
4 527451
4 527569
4 527715
4 527722
4 528253
4 528258
4 528709
4 528804
4 529194
4 529282
4 529338
4 529597
4 530280
4 530775
4 531817
4 531887
4 532225
4 532247
4 532571
4 532590
4 532763
4 532959
4 533237
4 533548
4 533652
4 533690
4 534304
4 534743
4 534883
4 535128
4 535532
4 535566
4 535584
4 536254
4 536393
4 536434
4 536492
4 536888
4 537880
4 537980
4 538071
4 538173
4 538490
4 538951
4 538976
4 539004
4 540110
4 540163
4 540247
4 540928
4 540951
4 541029
4 541049
4 541249
4 541459
4 541618
4 541640
4 541815
4 541871
4 541932
4 541985
4 542066
4 542097
4 542275
4 542410
4 542464
4 542697
4 543098
4 543346
4 543779
4 545377
4 545952
4 546094
4 546758
4 546915
4 547061
4 547106
4 547326
4 547407
4 547794
4 547884
4 548010
4 548040
4 548447
4 548594
4 548704
4 548918
4 549004
4 549678
4 549824
4 549953
4 550796
4 550886
4 550904
4 551202
4 551361
4 552404
4 552619
4 552777
4 552879
4 553259
4 553586
4 553773
4 553870
4 553944
4 554020
4 554148
4 554390
4 554473
4 554651
4 554948
4 555308
4 555781
4 555903
4 556149
4 556215
4 556530
4 556540
4 556584
4 557073
4 557117
4 557178
4 557598
4 557807
4 557936
4 557986
4 558203
4 558379
4 558448
4 558482
4 558509
4 558522
4 558533
4 558639
4 558642
4 559174
4 559219
4 559540
4 559843
4 560110
4 560122
4 560210
4 560455
4 560472
4 560719
4 561296
4 561367
4 561416
4 561777
4 562008
4 562095
4 562124
4 562192
4 562215
4 562238
4 562327
4 562342
4 562386
4 562416
4 563087
4 563103
4 563252
4 563295
4 563647
4 564609
4 564776
4 565217
4 565420
4 565613
4 566234
4 567084
4 567209
4 567550
4 567957
4 567984
4 568210
4 568224
4 568262
4 568434
4 568598
4 568619
4 568652
4 569081
4 569761
4 570214
4 570269
4 570380
4 570523
4 570549
4 570665
4 571087
4 571159
4 571270
4 571319
4 571361
4 571656
4 571707
4 571956
4 572037
4 572134
4 572200
4 572330
4 572332
4 572626
4 572642
4 572777
4 572912
4 573188
4 573490
4 573494
4 573920
4 574062
4 574082
4 574886
4 574937
4 576101
4 576174
4 576293
4 576549
4 577101
4 577213
4 577307
4 577391
4 578310
4 578995
4 579098
4 579300
4 579321
4 579394
4 579414
4 579495
4 580058
4 580098
4 580155
4 580194
4 580403
4 580636
4 581120
4 582136
4 582171
4 582278
4 582288
4 582983
4 582988
4 583023
4 583029
4 584047
4 584585
4 585345
4 585389
4 585671
4 585966
4 586270
4 586578
4 586959
4 587204
4 587301
4 587619
4 587984
4 588096
4 588108
4 588187
4 588326
4 588462
4 589137
4 589269
4 589455
4 590651
4 591259
4 591704
4 592729
4 592775
4 593456
4 594050
4 594357
4 594748
4 595045
4 595081
4 595673
4 596000
4 596168
4 596186
4 596535
4 596542
4 596607
4 597493
4 597570
4 598101
4 598225
4 598342
4 599869
4 599929
4 600489
4 600550
4 601028
5 580387
5 580905
5 581281
5 582221
5 582670
5 582744
5 582757
5 582849
5 583156
5 584104
5 584249
5 585072
5 585235
5 586135
5 586247
5 587666
5 587774
5 588619
5 589243
5 591919
5 593695
5 593699
5 594330
5 594953
5 596140
5 596379
5 596632
5 596663
5 596782
5 597553
5 597691
5 597733
5 597939
5 599461
5 599576
5 599892
5 600171
5 600481
5 600506
5 600732
5 600858
5 601209
5 601210
5 601511
5 601745
5 602027
5 602191
5 602696
5 602794
5 602919
5 603494
5 603706
5 603773
5 603847
5 604046
5 604336
5 604407
5 604553
5 604575
5 604620
5 604683
5 604810
5 604869
5 604981
5 605110
5 605206
5 605293
5 605413
5 605697
5 606507
5 606547
5 606681
5 606727
5 606841
5 607064
5 607284
5 607323
5 607335
5 607351
5 607507
5 607519
5 607689
5 607797
5 607827
5 608035
5 608073
5 608158
5 608525
5 608896
5 608922
5 608937
5 609336
5 609374
5 609508
5 609772
5 610057
5 610198
5 610358
5 610762
5 610842
5 611513
5 611697
5 611849
5 611857
5 611876
5 611881
5 611916
5 612671
5 612776
5 612985
5 613016
5 613194
5 613389
5 613566
5 613872
5 614103
5 614156
5 614246
5 614474
5 614635
5 615106
5 615128
5 615453
5 616020
5 616471
5 616577
5 616681
5 616911
5 617113
5 617149
5 617583
5 617704
5 618150
5 618208
5 618338
5 618366
5 618379
5 618869
5 618948
5 619441
5 619754
5 619924
5 619927
5 619938
5 620391
5 620832
5 621290
5 621323
5 621820
5 621864
5 622126
5 622262
5 622364
5 622444
5 622446
5 622580
5 622847
5 622854
5 622898
5 623139
5 623170
5 623228
5 623336
5 623390
5 623522
5 623908
5 623995
5 624509
5 624928
5 625077
5 625125
5 625252
5 625466
5 625514
5 625518
5 626557
5 626620
5 626773
5 626990
5 627067
5 627200
5 627862
5 628044
5 628218
5 628253
5 628290
5 628722
5 628908
5 629656
5 629883
5 629948
5 630092
5 630460
5 630717
5 630769
5 630837
5 630990
5 631239
5 631260
5 631333
5 631422
5 631627
5 631688
5 631843
5 631882
5 631925
5 632008
5 632078
5 632123
5 632160
5 632290
5 632338
5 632937
5 633201
5 633355
5 633549
5 633559
5 633655
5 633664
5 633891
5 633992
5 634064
5 634087
5 634232
5 634344
5 634401
5 634438
5 634513
5 634577
5 634578
5 634761
5 634910
5 635020
5 635182
5 635200
5 635266
5 635327
5 635645
5 635727
5 635742
5 635843
5 636858
5 637138
5 638153
5 638197
5 638362
5 638441
5 638502
5 638792
5 638828
5 638991
5 639148
5 639230
5 639250
5 639313
5 639379
5 639537
5 639715
5 639884
5 640219
5 640257
5 640375
5 640459
5 640477
5 640842
5 641378
5 641443
5 641624
5 641676
5 641781
5 641883
5 642009
5 642010
5 642124
5 642267
5 642380
5 642583
5 642791
5 642924
5 643342
5 643507
5 643648
5 643892
5 644145
5 644935
5 645644
5 645654
5 645810
5 645904
5 646105
5 646138
5 646250
5 646263
5 646420
5 646493
5 647008
5 647029
5 647080
5 647112
5 647203
5 647233
5 647305
5 647561
5 647952
5 647987
5 648287
5 648360
5 648803
5 648856
5 649227
5 649608
5 649661
5 649880
5 649966
5 649981
5 650023
5 650208
5 650692
5 650771
5 651414
5 651508
5 651540
5 651574
5 652523
5 652718
5 652795
5 653366
5 653534
5 654433
5 654609
5 655256
5 655352
5 655484
5 655547
5 655934
5 656037
5 656324
5 656474
5 656686
5 656755
5 656812
5 656887
5 657042
5 657383
5 657426
5 657672
5 657937
5 658193
5 659340
5 659385
5 659483
5 659875
5 659978
5 660158
5 660847
5 661038
5 661125
5 661242
5 661247
5 661714
5 661990
5 662037
5 662088
5 662111
5 662270
5 662776
5 662860
5 663453
5 663518
5 663585
5 663655
5 663705
5 663944
5 664093
5 664260
5 664394
5 664918
5 664971
5 665137
5 665245
5 666337
5 666378
5 666656
5 666808
5 666844
5 667205
5 667624
5 667717
5 667844
5 668506
5 668527
5 668757
5 668819
5 669212
5 669362
5 669818
5 670025
5 670053
5 670251
5 670325
5 670338
5 670425
5 670431
5 671000
5 671315
5 671619
5 671681
5 671983
5 672085
5 672190
5 672207
5 672422
5 672575
5 672854
5 672882
5 672967
5 673122
5 673625
5 674379
5 674621
5 674949
5 675088
5 675178
5 675380
5 675383
5 675576
5 675700
5 676099
5 676151
5 676392
5 676616
5 676853
5 676950
5 676960
5 677043
5 677166
5 677398
5 677579
5 677803
5 677834
5 678116
5 678813
5 678887
5 679068
5 679334
5 679457
5 679461
5 679687
5 679973
5 680024
5 680146
5 680312
5 680324
5 680334
5 681403
5 681956
5 682247
5 682295
5 682456
5 682570
5 682849
5 683037
5 683810
5 684037
5 684733
5 684759
5 684879
5 684915
5 684993
5 685253
5 685471
5 685495
5 685550
5 685901
5 686025
5 686374
5 686657
5 686680
5 686816
5 686824
5 687425
5 687542
5 687555
5 687685
5 687801
5 688278
5 688432
5 688483
5 688550
5 689338
5 689358
5 689740
5 690087
5 690275
5 690570
5 690704
5 691565
5 691601
5 691654
5 691818
5 692070
5 692756
5 692790
5 692885
5 693101
5 693177
5 693713
5 694280
5 694306
5 694309
5 694900
5 694902
5 694982
5 695148
5 695176
5 695303
5 695345
5 695425
5 695766
5 695794
5 696052
5 696066
5 696466
5 697335
5 697485
5 697645
5 697801
5 697876
5 697926
5 697996
5 698434
5 698621
5 698683
5 698690
5 698789
5 699109
5 699214
5 699755
5 699785
5 699798
5 699861
5 699954
5 700047
5 700368
5 700558
5 700601
5 700954
5 701074
5 701125
5 701414
5 701760
5 701839
5 701989
5 702058
5 702102
5 702303
5 702423
5 702923
5 703213
5 703294
5 703768
5 704111
5 704346
5 704683
5 704790
5 705519
5 706502
5 706821
5 706918
5 707310
5 707640
5 707791
5 707810
5 708006
5 708388
5 708446
5 708979
5 709181
5 709250
5 709508
5 709870
5 709958
5 710147
5 710383
5 710515
5 710528
5 710560
5 710903
5 711039
5 711239
5 711313
5 711353
5 711361
5 711977
5 711988
5 712075
5 712203
5 712223
5 712395
5 712414
5 712522
5 712876
5 712913
5 713016
5 713045
5 713582
5 714061
5 714099
5 714224
5 714229
5 714434
5 714469
5 714646
5 715155
5 715386
5 715489
5 715561
5 715605
5 716129
5 716300
5 716416
5 716647
5 716698
5 716795
5 717334
5 717477
5 717694
5 717948
5 718274
5 718501
5 718513
5 718708
5 719248
5 719412
5 719616
5 720028
5 720029
5 720371
5 720398
5 720544
5 721034
5 721041
5 721133
5 721413
5 721612
5 721707
5 721861
5 722166
5 722362
5 723300
5 723582
5 725899
5 726001
5 726582
5 726769
5 727075
5 727218
5 727748
5 727911
5 727921
5 729977
5 730451
5 730516
5 730606
5 731741
5 731786
5 731998
5 732463
5 732752
5 732799
5 733126
5 733237
5 733425
5 733665
5 733811
5 733958
5 734606
5 735040
5 735953
5 736175
5 736385
5 736456
5 736571
5 737057
5 737250
5 737351
5 737470
5 738100
5 738470
5 738718
5 739863
5 739958
5 740227
6 721711
6 722829
6 723723
6 724543
6 725180
6 725586
6 725750
6 725874
6 726414
6 726647
6 726858
6 727223
6 729193
6 729351
6 729389
6 729788
6 730285
6 730397
6 730581
6 730650
6 731200
6 731872
6 732548
6 732577
6 733317
6 733495
6 733722
6 734052
6 734163
6 734179
6 734295
6 734360
6 734587
6 735311
6 736021
6 736124
6 736341
6 736445
6 736734
6 737554
6 738217
6 738391
6 738663
6 739631
6 739764
6 740019
6 740367
6 740436
6 740472
6 740887
6 741001
6 741338
6 741854
6 742128
6 742138
6 742260
6 742319
6 742331
6 742501
6 742586
6 742664
6 742838
6 742910
6 743130
6 743160
6 743282
6 743468
6 743598
6 743760
6 743846
6 743898
6 743977
6 744081
6 744272
6 744278
6 744303
6 744305
6 744348
6 744591
6 744625
6 744684
6 744818
6 745117
6 745517
6 745826
6 745879
6 745921
6 746047
6 746102
6 746249
6 746718
6 746869
6 746909
6 747074
6 747146
6 747264
6 747320
6 747324
6 747572
6 747675
6 748412
6 748897
6 748929
6 749164
6 749340
6 749423
6 749475
6 749822
6 749823
6 750220
6 750234
6 750299
6 750467
6 750882
6 750983
6 751048
6 751231
6 751293
6 751563
6 751589
6 751620
6 751665
6 752356
6 752477
6 752943
6 753122
6 753177
6 753627
6 753937
6 754150
6 754177
6 755158
6 755225
6 755374
6 755516
6 755563
6 757022
6 757343
6 757372
6 757393
6 757396
6 757425
6 757437
6 757584
6 757762
6 757807
6 757988
6 758022
6 758364
6 758713
6 759069
6 759088
6 759325
6 759498
6 759665
6 759675
6 759834
6 759859
6 759906
6 760136
6 760199
6 760294
6 760478
6 760683
6 760740
6 760901
6 761006
6 761072
6 761190
6 761508
6 761890
6 762242
6 762894
6 763032
6 763057
6 763197
6 763345
6 763656
6 763679
6 763704
6 763814
6 763994
6 764318
6 764367
6 765220
6 765435
6 765570
6 766027
6 766109
6 766218
6 766458
6 766470
6 766504
6 766518
6 766633
6 766648
6 766766
6 766810
6 767174
6 767185
6 767200
6 767229
6 767489
6 767769
6 768273
6 768370
6 768741
6 768800
6 769166
6 769280
6 769378
6 769440
6 769625
6 769913
6 769979
6 770179
6 770420
6 770930
6 771110
6 771533
6 771560
6 771636
6 772222
6 772349
6 772875
6 773084
6 773279
6 773339
6 773831
6 774043
6 774070
6 774095
6 774258
6 774436
6 774759
6 774812
6 775040
6 775519
6 775552
6 776165
6 776274
6 776408
6 776580
6 776618
6 776783
6 776975
6 777097
6 777224
6 777486
6 777807
6 777815
6 777856
6 778575
6 778712
6 778735
6 778788
6 778888
6 779194
6 779239
6 779289
6 779505
6 779601
6 779932
6 780176
6 780314
6 780778
6 780822
6 781003
6 781206
6 781373
6 781456
6 781467
6 781590
6 781657
6 781776
6 781899
6 781929
6 782005
6 782050
6 782092
6 782099
6 782269
6 782278
6 782388
6 782389
6 782442
6 782538
6 782614
6 783267
6 783302
6 783549
6 783939
6 783949
6 784286
6 784584
6 784810
6 784991
6 785035
6 785472
6 786296
6 786620
6 787125
6 787704
6 787850
6 787935
6 788117
6 788634
6 788692
6 789560
6 789781
6 789919
6 790065
6 790148
6 790470
6 790878
6 791292
6 791387
6 791748
6 791825
6 791949
6 792257
6 792690
6 792710
6 792867
6 792938
6 793098
6 793919
6 794141
6 794214
6 794231
6 794522
6 794656
6 794660
6 794752
6 794803
6 795164
6 795252
6 795624
6 795737
6 795955
6 796596
6 796852
6 796971
6 797001
6 797137
6 797157
6 797165
6 797451
6 797579
6 797767
6 798141
6 798385
6 798726
6 798800
6 799398
6 799540
6 799836
6 800220
6 800314
6 800385
6 800640
6 800655
6 800668
6 801340
6 801752
6 801773
6 801831
6 802056
6 802423
6 802515
6 802529
6 802708
6 802784
6 802791
6 802827
6 803042
6 803131
6 803817
6 804001
6 804379
6 804516
6 804993
6 805023
6 805135
6 805215
6 805869
6 806028
6 806442
6 806661
6 806734
6 807825
6 808737
6 808883
6 808960
6 809134
6 809459
6 809861
6 809884
6 809933
6 809982
6 810086
6 810269
6 810289
6 810360
6 810549
6 810569
6 810846
6 811129
6 811429
6 811714
6 811770
6 811992
6 812129
6 812285
6 812329
6 812527
6 812636
6 812659
6 812838
6 813378
6 813402
6 813657
6 814468
6 814474
6 814492
6 814499
6 814558
6 814755
6 815884
6 816085
6 816193
6 816205
6 816399
6 816410
6 816893
6 816989
6 817216
6 817316
6 817469
6 817492
6 817722
6 818434
6 818544
6 818600
6 818721
6 818961
6 819450
6 819466
6 819551
6 819824
6 819847
6 820083
6 820144
6 820208
6 820270
6 820645
6 820720
6 820842
6 820925
6 821144
6 821198
6 821288
6 821458
6 821643
6 822024
6 822814
6 822966
6 823042
6 823207
6 823282
6 823409
6 823425
6 823727
6 823755
6 823776
6 823819
6 823967
6 824136
6 824293
6 824347
6 824944
6 825144
6 826047
6 826348
6 826451
6 826791
6 826922
6 827417
6 827613
6 828249
6 828725
6 829006
6 829163
6 829314
6 829375
6 829659
6 829938
6 829952
6 830048
6 830064
6 830099
6 830126
6 830315
6 830645
6 831029
6 831419
6 831661
6 832526
6 832678
6 833273
6 833324
6 833362
6 833380
6 833470
6 833545
6 833674
6 833844
6 834296
6 834352
6 834356
6 834361
6 834424
6 834609
6 834906
6 835128
6 835130
6 835230
6 835297
6 835613
6 835777
6 835964
6 836072
6 836167
6 836253
6 836273
6 836299
6 836370
6 836388
6 836466
6 836745
6 837043
6 837130
6 837217
6 837308
6 837492
6 837501
6 837609
6 837753
6 838093
6 838157
6 838655
6 838722
6 838903
6 838921
6 838955
6 839200
6 839647
6 839657
6 839665
6 839698
6 839929
6 840522
6 840552
6 840613
6 840641
6 841204
6 841214
6 842229
6 842447
6 843045
6 843049
6 843639
6 843907
6 844075
6 844085
6 844143
6 844370
6 844760
6 844811
6 845000
6 845011
6 845219
6 845220
6 845287
6 845315
6 845586
6 845694
6 845814
6 845923
6 845943
6 845979
6 846222
6 846406
6 846440
6 846659
6 846660
6 846768
6 847046
6 847361
6 847399
6 847437
6 847710
6 847891
6 848093
6 848337
6 848407
6 848710
6 848739
6 848921
6 848966
6 849187
6 849244
6 849591
6 850206
6 850366
6 850524
6 850544
6 850919
6 851052
6 851448
6 851461
6 851889
6 852305
6 852662
6 852956
6 853103
6 853284
6 853655
6 853824
6 853895
6 854130
6 854273
6 854377
6 854451
6 854753
6 854920
6 855444
6 855526
6 855775
6 855824
6 855952
6 856368
6 856420
6 856764
6 856902
6 856933
6 857009
6 857016
6 857110
6 857208
6 857681
6 857816
6 857850
6 857851
6 858334
6 858820
6 858941
6 859162
6 859164
6 859514
6 859903
6 860012
6 860620
6 860962
6 861048
6 861068
6 861331
6 861489
6 861711
6 861971
6 862604
6 862607
6 862653
6 862663
6 862732
6 862984
6 863256
6 863461
6 864198
6 864249
6 864400
6 864848
6 865270
6 866083
6 866184
6 866772
6 868500
7 861937
7 862113
7 862348
7 863599
7 863837
7 864244
7 864289
7 864423
7 865223
7 867229
7 867751
7 868268
7 868356
7 868712
7 868748
7 868807
7 868947
7 868950
7 869213
7 869323
7 869836
7 869987
7 870044
7 870189
7 870443
7 870492
7 870623
7 870671
7 870686
7 871013
7 871114
7 871123
7 871325
7 871383
7 871887
7 871974
7 871989
7 872255
7 872544
7 872615
7 872784
7 872819
7 872887
7 873068
7 873298
7 873457
7 873732
7 874570
7 874705
7 874895
7 875101
7 875111
7 875215
7 875338
7 875404
7 875409
7 875421
7 875537
7 875638
7 876319
7 876561
7 876572
7 876838
7 876968
7 876969
7 877504
7 877626
7 878088
7 878125
7 878397
7 879788
7 879857
7 879914
7 880369
7 881063
7 881408
7 881553
7 881615
7 881731
7 882173
7 882466
7 882797
7 883605
7 883823
7 884145
7 884203
7 884745
7 884906
7 884961
7 885069
7 885631
7 886101
7 886494
7 886723
7 887220
7 887266
7 887274
7 887425
7 887518
7 887627
7 887991
7 888017
7 888047
7 888049
7 888060
7 888144
7 888316
7 888387
7 888822
7 889146
7 889191
7 889430
7 889726
7 889818
7 890880
7 890966
7 890998
7 891031
7 891101
7 891432
7 891454
7 891530
7 891745
7 891786
7 891871
7 892028
7 892414
7 892692
7 893018
7 893353
7 893446
7 893459
7 893491
7 893877
7 893948
7 894329
7 895022
7 895046
7 895171
7 895305
7 895308
7 895532
7 895585
7 895788
7 895891
7 896465
7 896525
7 896851
7 897039
7 897332
7 897586
7 897688
7 897694
7 897794
7 897855
7 898013
7 898111
7 898118
7 898167
7 898458
7 898519
7 898544
7 898648
7 898960
7 899162
7 899591
7 899862
7 900001
7 900221
7 900483
7 901566
7 901570
7 901936
7 902074
7 902145
7 902295
7 902377
7 902386
7 903003
7 903052
7 903470
7 903549
7 903624
7 903709
7 903745
7 904006
7 904189
7 904415
7 904750
7 904800
7 904825
7 904903
7 904927
7 904980
7 905204
7 905226
7 905469
7 905496
7 905861
7 906051
7 906222
7 906502
7 906679
7 907367
7 907397
7 907511
7 907620
7 907652
7 907678
7 908011
7 908315
7 908425
7 908877
7 908933
7 908968
7 909001
7 909068
7 909087
7 909154
7 909294
7 909404
7 909499
7 909648
7 910615
7 910714
7 910750
7 910751
7 911171
7 911192
7 911300
7 912642
7 912663
7 912694
7 912710
7 912726
7 912819
7 913132
7 913202
7 913439
7 913691
7 913719
7 913976
7 914107
7 914129
7 914560
7 914613
7 914932
7 915299
7 915602
7 915611
7 915747
7 915757
7 916055
7 916700
7 916907
7 916945
7 916985
7 917724
7 917849
7 917852
7 917860
7 917865
7 917994
7 918230
7 918241
7 918447
7 918875
7 918912
7 919248
7 919451
7 919499
7 920096
7 920331
7 920358
7 920643
7 921302
7 921501
7 921655
7 921690
7 921747
7 922460
7 922806
7 922890
7 922930
7 923070
7 923327
7 923358
7 923502
7 923604
7 924028
7 924369
7 924671
7 925495
7 926068
7 926095
7 926910
7 927461
7 927487
7 927665
7 927922
7 928331
7 928389
7 928934
7 928953
7 929027
7 929234
7 929454
7 929575
7 929794
7 929866
7 929918
7 929944
7 929974
7 930048
7 930300
7 930569
7 930721
7 931159
7 931531
7 931576
7 931700
7 931718
7 931832
7 932420
7 932553
7 932975
7 933006
7 933166
7 933189
7 933348
7 933526
7 933972
7 934058
7 934059
7 934268
7 934273
7 934363
7 934507
7 934740
7 935309
7 935544
7 935566
7 935765
7 935959
7 936146
7 936345
7 936654
7 937592
7 937789
7 938106
7 938411
7 938491
7 938504
7 939006
7 939077
7 939120
7 939126
7 939138
7 939161
7 939174
7 939463
7 939583
7 939664
7 939667
7 939889
7 939890
7 939943
7 940032
7 940121
7 940142
7 940449
7 940623
7 940675
7 940788
7 941044
7 941263
7 941388
7 941441
7 941491
7 941624
7 941727
7 941753
7 941859
7 942028
7 942104
7 942194
7 942273
7 942371
7 942759
7 942788
7 942858
7 942957
7 943208
7 943411
7 943510
7 943782
7 944023
7 944365
7 944744
7 944873
7 944952
7 945307
7 945764
7 945918
7 945935
7 946031
7 946084
7 946183
7 946324
7 946668
7 946747
7 946890
7 946994
7 947047
7 947069
7 947450
7 947614
7 947828
7 948078
7 948084
7 948458
7 948593
7 948903
7 948919
7 949179
7 949322
7 949446
7 949843
7 949915
7 950020
7 950301
7 950319
7 950468
7 951204
7 951240
7 951477
7 951646
7 951945
7 952053
7 952283
7 952536
7 952677
7 952699
7 953371
7 953566
7 953583
7 953807
7 953819
7 954477
7 954526
7 954527
7 955307
7 955351
7 955429
7 956002
7 956451
7 956537
7 956780
7 957124
7 957373
7 957380
7 957773
7 958092
7 958098
7 958286
7 958530
7 958557
7 959355
7 959492
7 959493
7 959541
7 960414
7 960541
7 961168
7 961441
7 961517
7 961565
7 961677
7 961721
7 962309
7 962843
7 963397
7 963524
7 963605
7 963765
7 963767
7 963789
7 963804
7 964262
7 964346
7 964375
7 964415
7 964489
7 964940
7 965011
7 965073
7 965200
7 965246
7 965285
7 965295
7 965472
7 965620
7 965697
7 965936
7 966142
7 966477
7 966488
7 966786
7 966983
7 967032
7 967104
7 967378
7 967638
7 967705
7 967737
7 967887
7 967914
7 968266
7 968280
7 968683
7 969023
7 969088
7 969288
7 969505
7 969510
7 969899
7 969905
7 970237
7 970362
7 970545
7 970898
7 971468
7 971749
7 971863
7 971895
7 972061
7 972074
7 972226
7 972248
7 972260
7 972398
7 972736
7 972885
7 973025
7 973032
7 973232
7 973309
7 973479
7 973501
7 973583
7 973658
7 973936
7 974216
7 974533
7 974546
7 974574
7 974664
7 974932
7 975601
7 975771
7 975814
7 975828
7 976078
7 976165
7 976258
7 976268
7 976289
7 976297
7 976655
7 977009
7 977515
7 977644
7 977763
7 977769
7 977950
7 977987
7 978279
7 978369
7 978696
7 978766
7 979117
7 979600
7 979683
7 979797
7 979823
7 979839
7 979906
7 980741
7 980962
7 981172
7 981290
7 981618
7 981686
7 981749
7 981959
7 982286
7 982373
7 982882
7 983102
7 983396
7 983443
7 983597
7 983997
7 984030
7 984127
7 984221
7 984556
7 984600
7 984754
7 984812
7 984902
7 985073
7 985336
7 985430
7 985482
7 985520
7 985863
7 986102
7 986441
7 986793
7 987267
7 987825
7 987844
7 987884
7 988015
7 988213
7 988534
7 988555
7 988941
7 989702
7 990154
7 990272
7 990292
7 990306
7 991100
7 991170
7 991328
7 991358
7 991431
7 991482
7 991605
7 991727
7 992685
7 992696
7 992798
7 993072
7 993196
7 993402
7 993583
7 993622
7 993832
7 993883
7 994290
7 994450
7 994590
7 994638
7 994873
7 994990
7 995205
7 995281
7 995351
7 995818
7 995853
7 996141
7 996429
7 996495
7 996610
7 997132
7 997161
7 997467
7 997681
7 997746
7 997811
7 997946
7 998231
7 998258
7 998600
7 998809
7 999678
