457 458 200
1 45
45 381
381 393
393 420
420 424
424 436
436 443
443 448
448 451
451 452
452 455
455 457
224 389
294 387
92 163
116 242
14 303
122 220
148 340
125 219
27 237
365 436
126 203
192 268
117 443
100 305
150 154
155 402
29 280
51 151
239 446
44 336
108 414
302 441
266 311
72 320
284 340
93 403
292 360
152 304
262 377
46 71
211 217
5 12
81 250
14 173
280 329
46 165
198 338
16 99
74 419
235 440
112 253
230 296
284 331
223 255
106 146
178 330
243 310
102 132
142 219
42 247
296 355
6 73
27 325
305 325
234 434
226 439
167 415
93 150
184 388
45 73
92 97
126 427
183 352
289 380
22 404
137 320
25 443
25 457
247 271
58 241
25 41
218 273
84 145
237 417
17 239
33 181
334 404
307 361
46 449
173 405
395 424
226 321
162 380
211 313
170 355
57 87
296 320
226 302
350 394
242 411
79 290
139 277
118 182
115 212
166 337
48 347
29 255
130 181
102 310
162 359
193 285
93 387
157 432
262 290
160 256
67 97
242 385
95 131
323 325
156 260
111 144
187 188
268 283
7 155
255 395
191 339
211 439
152 261
68 247
219 396
121 446
30 339
60 158
99 131
71 106
339 373
24 327
197 381
24 38
74 140
265 319
17 219
419 457
74 123
248 393
106 443
65 309
10 139
295 445
19 437
2 99
202 369
261 402
350 404
111 227
188 416
120 235
136 398
16 114
59 206
391 413
283 400
241 303
19 29
279 385
26 290
16 182
175 277
21 79
7 355
108 252
110 414
318 427
83 328
227 280
302 431
342 419
237 260
152 379
245 251
199 220
68 248
24 118
87 385
153 439
123 320
265 416
344 401
166 334
84 374
18 189
82 197
151 221
147 356
5 287
242 366
8 230
152 443
112 126
138 223
18 167
369 406
5 291
364 401
55 452
1 327
17 137
143 221
118 241
281 312
56 409
148 264
67 363
6 152
200 284
266 323
147 336
100 144
158 256
277 294
95 363
194 365
15 344
34 436
95 362
26 279
42 283
138 268
383 386
269 329
110 203
22 225
262 323
117 342
50 195
201 431
238 281
13 77
419 435
52 290
55 408
53 113
200 203
14 325
273 412
398 446
257 443
249 278
21 272
245 417
321 391
80 133
55 299
79 311
153 294
200 384
375 417
313 379
220 253
31 123
190 270
84 343
411 455
114 387
113 152
262 369
45 122
152 382
393 420
149 176
154 211
115 132
71 79
103 403
13 450
346 361
360 424
372 377
109 281
18 266
36 303
91 441
157 225
360 405
186 283
173 344
180 449
134 148
110 293
179 298
37 154
69 219
254 295
30 79
353 448
155 440
240 292
136 177
143 363
39 447
130 310
48 203
51 163
1 414
87 184
184 298
140 219
185 438
334 351
58 273
116 434
56 149
160 173
145 376
162 385
18 23
259 367
135 392
57 122
44 240
367 438
110 374
124 171
147 194
305 402
207 301
183 248
168 253
14 33
57 127
299 321
193 210
132 335
108 449
15 265
77 143
205 226
256 426
86 207
311 314
26 430
48 249
223 438
53 374
167 340
7 393
33 183
263 362
29 393
105 164
33 54
168 206
16 324
113 426
144 418
197 451
152 328
22 244
31 384
289 307
20 251
106 325
54 318
179 191
35 347
232 312
182 326
248 442
116 131
354 413
141 373
24 386
167 301
260 348
62 439
52 140
40 162
3 181
88 298
11 190
352 423
14 149
108 200
34 66
128 146
169 233
128 320
169 452
209 299
213 293
163 187
267 363
162 328
95 444
121 189
121 442
182 200
262 274
140 189
44 332
71 380
267 282
39 310
19 125
151 281
180 452
403 455
204 391
153 242
29 359
243 265
329 398
210 315
30 96
155 417
60 223
55 293
75 350
120 175
8 116
193 269
84 445
49 441
349 364
88 291
102 158
338 416
83 380
395 432
234 244
81 387
312 346
60 239
218 308
236 377
133 181
3 255
48 152
302 397
115 332
54 150
394 438
113 125
6 451
297 376
116 239
189 356
284 404
82 321
113 333
362 451
361 455
153 456
82 360
120 419
25 118
