444 989 200
1 444
200 272
205 439
155 365
127 332
82 320
118 436
139 354
65 160
177 247
99 425
62 103
210 258
160 356
111 345
16 410
240 267
53 264
299 416
16 340
20 392
13 228
162 238
186 419
137 243
311 433
20 386
5 285
2 137
155 218
17 20
70 239
240 269
134 153
163 266
214 362
285 385
130 304
307 352
258 332
115 129
32 289
158 252
122 317
203 411
19 429
4 174
287 426
240 440
5 278
313 341
263 278
16 216
328 426
94 204
37 236
24 32
375 418
81 376
82 216
335 399
123 285
167 295
160 258
161 288
78 368
395 409
354 364
178 230
117 371
116 391
207 436
83 251
234 389
93 267
66 292
59 240
61 277
356 395
103 425
322 359
131 172
192 315
84 129
250 332
250 381
160 382
246 332
97 104
195 372
16 242
103 194
277 444
86 330
104 149
73 441
386 428
34 134
236 330
179 432
31 119
171 276
210 426
251 429
211 272
40 257
153 168
53 221
268 414
175 232
271 404
177 437
7 345
94 355
99 254
412 438
20 378
65 222
252 304
5 312
76 134
63 340
118 392
203 395
75 118
220 237
164 213
29 263
215 430
26 351
115 211
116 177
216 332
403 411
264 359
163 277
127 266
255 403
174 364
255 354
81 432
308 406
238 350
44 265
260 409
26 134
111 315
260 294
76 158
88 211
121 162
53 380
26 151
220 400
228 419
4 134
158 367
147 391
9 110
99 442
224 423
242 247
268 337
343 372
84 101
158 168
215 377
79 281
133 258
132 194
50 405
137 193
91 377
126 347
87 253
168 223
177 241
130 188
193 303
276 358
224 272
151 247
346 430
168 364
255 437
55 188
12 363
67 228
151 325
37 109
344 432
294 312
146 303
375 431
248 288
293 354
57 107
125 235
175 186
115 230
277 414
187 344
370 397
43 412
256 346
24 112
102 289
75 331
2 282
35 96
30 174
110 256
296 347
108 208
10 177
126 177
191 325
107 128
43 429
202 417
222 386
127 267
133 178
188 312
228 361
249 272
376 379
242 382
64 132
18 382
72 310
212 263
102 352
72 298
207 397
225 309
300 397
214 227
191 224
384 417
172 221
269 315
158 354
93 227
140 277
230 316
150 246
152 347
155 254
349 373
256 397
224 293
54 334
172 189
106 317
174 389
155 276
107 272
8 440
193 385
27 204
45 302
186 392
21 393
351 417
122 392
170 278
13 149
31 66
398 407
103 377
295 390
59 63
177 323
64 99
172 202
191 244
20 102
12 328
84 130
123 378
54 219
11 179
254 262
142 279
389 442
78 164
172 228
171 239
79 220
4 339
69 249
205 330
90 441
29 211
298 408
124 406
101 406
73 300
321 431
143 440
235 267
105 212
85 222
29 231
4 236
15 105
232 394
28 429
168 435
19 268
47 256
142 382
261 430
10 249
225 395
46 126
195 237
186 214
274 426
110 268
267 439
120 262
356 409
341 354
89 137
123 430
173 364
4 47
241 430
145 378
139 214
74 223
14 228
410 426
38 80
274 364
150 190
333 435
87 102
256 361
144 286
76 313
125 190
13 173
259 429
219 362
129 229
392 430
215 410
43 355
137 274
299 442
45 209
196 202
254 363
157 429
74 359
109 146
132 187
35 274
185 419
200 429
45 320
49 146
41 46
142 433
370 371
92 184
244 260
312 385
300 434
157 412
200 372
53 426
336 404
414 426
386 405
366 371
152 175
125 331
252 430
23 378
167 175
17 424
163 318
292 354
61 268
236 343
253 430
18 53
185 349
352 413
133 336
140 218
178 368
58 75
34 385
11 327
136 390
179 264
23 43
93 419
47 306
105 359
109 216
108 235
308 358
62 323
20 427
266 299
162 330
77 439
359 412
264 300
310 388
215 255
251 290
25 176
95 305
223 435
371 443
15 428
300 337
9 221
148 218
241 441
1 316
81 370
252 440
124 205
188 332
157 330
42 169
327 423
243 247
137 392
82 357
149 332
261 272
167 255
84 302
232 372
165 341
133 262
46 315
18 362
230 284
121 145
225 375
49 274
16 116
33 428
198 249
173 179
280 345
100 240
116 396
183 266
64 281
75 383
153 183
127 395
71 225
29 366
75 444
242 303
280 344
59 336
266 298
140 224
140 334
168 236
138 348
116 215
5 236
424 425
160 234
200 316
166 303
204 250
76 116
241 251
259 285
193 356
364 371
184 419
346 417
279 434
262 300
169 393
114 216
41 441
75 166
37 89
100 214
279 398
176 272
22 107
122 127
386 399
134 444
6 142
339 429
255 435
36 269
220 230
26 371
131 356
408 441
212 263
106 401
34 43
182 311
19 261
222 424
35 124
179 355
165 423
25 96
2 14
90 209
180 387
3 277
57 378
158 433
90 442
54 347
44 301
175 442
318 327
165 188
46 138
38 163
70 372
289 408
11 195
70 339
400 420
80 179
112 155
291 308
111 208
28 370
50 58
155 338
152 277
15 63
397 442
146 266
224 262
18 87
187 426
104 185
199 212
185 285
146 430
124 384
86 152
270 393
41 152
7 230
292 397
79 373
14 399
269 315
146 354
175 178
70 341
50 169
134 286
315 392
139 404
55 192
331 355
18 235
310 374
144 171
137 327
129 323
59 289
164 442
119 356
62 306
280 304
43 268
77 127
138 265
137 341
190 374
318 397
107 229
325 444
369 389
189 286
60 146
285 399
39 320
48 360
183 195
52 298
95 235
20 422
288 346
105 116
271 334
280 420
307 315
302 308
37 82
47 70
131 151
251 418
223 296
76 128
260 320
3 297
152 193
76 221
62 426
306 376
20 416
22 434
389 393
179 319
189 223
279 347
43 279
125 151
61 354
248 299
40 415
169 197
217 306
15 372
140 412
172 287
40 70
227 267
48 177
5 320
168 224
249 326
206 351
63 439
186 248
11 434
183 380
21 347
115 172
210 432
201 208
111 115
98 276
94 265
188 330
62 183
118 190
383 416
219 224
47 72
23 108
45 407
180 357
24 441
37 40
26 275
279 389
57 377
274 359
125 164
368 370
109 365
106 342
273 315
7 299
7 215
66 393
117 339
47 204
8 147
40 428
106 388
48 109
187 345
159 414
41 257
72 220
186 290
263 408
430 435
20 61
19 126
127 376
53 426
77 101
205 429
104 107
107 427
162 368
199 437
339 394
274 380
102 197
22 285
15 334
292 295
237 334
22 416
113 131
46 113
15 233
56 68
144 181
32 435
395 432
212 374
196 431
52 301
45 328
161 408
183 292
114 153
293 439
51 434
129 235
172 408
274 362
4 349
150 173
56 223
63 338
52 54
70 443
120 270
217 367
78 393
13 444
92 417
7 212
38 43
82 368
344 384
17 435
178 260
174 296
114 156
167 266
37 369
328 365
159 275
43 294
69 81
75 410
309 383
60 152
90 117
35 258
187 256
56 70
232 291
45 399
321 338
240 351
115 284
3 137
158 289
63 99
2 430
412 429
160 195
18 286
97 389
148 223
58 233
190 394
277 304
327 381
100 224
11 312
271 399
238 242
73 440
127 295
7 315
101 316
67 341
348 372
151 204
81 140
91 127
45 167
299 435
156 271
388 395
177 256
83 326
75 298
309 417
157 223
65 79
359 360
100 374
360 385
130 259
35 286
49 201
294 437
36 62
131 158
102 378
190 293
9 389
201 341
129 183
239 329
184 240
83 92
226 352
81 306
42 160
100 328
88 286
96 105
68 231
28 355
177 282
354 443
144 175
39 435
74 419
24 308
57 267
67 115
276 394
140 303
144 433
222 353
2 239
120 336
150 206
17 341
9 13
52 351
44 95
332 347
54 211
323 406
279 346
63 188
299 344
289 324
249 372
382 404
156 256
54 168
187 260
22 48
102 348
115 416
10 379
156 406
14 391
240 333
319 374
268 435
294 394
41 226
339 352
340 431
302 348
26 420
25 223
263 304
12 69
62 396
61 211
229 340
191 320
170 360
74 353
150 337
249 389
162 184
63 88
31 339
209 218
299 350
158 231
136 244
257 333
94 120
196 392
56 98
181 212
173 322
283 375
45 107
325 339
185 397
217 259
268 283
44 147
166 414
13 369
173 174
10 252
161 301
287 300
241 253
11 245
32 409
124 252
132 406
189 345
7 291
40 165
191 393
31 360
266 278
95 335
219 395
23 361
243 325
328 408
155 193
46 259
159 308
274 303
39 420
253 313
45 92
115 140
71 421
150 238
134 340
109 275
259 401
150 424
119 159
4 427
102 409
38 362
97 307
30 137
71 156
166 375
59 376
68 440
134 274
71 127
187 384
111 324
169 212
57 355
136 211
261 360
246 255
15 29
150 298
11 245
334 351
73 265
177 391
12 411
165 331
345 397
328 377
71 142
132 349
214 314
98 283
141 336
244 270
146 172
23 444
53 64
231 357
61 435
29 220
75 292
193 424
247 320
199 422
97 137
270 442
71 319
124 149
116 412
