499 1000 200
1 51
51 224
224 331
331 367
367 469
469 489
489 497
497 498
498 499
19 370
33 107
79 303
121 159
116 314
12 122
185 470
167 441
211 346
153 283
165 326
223 402
168 330
274 480
325 387
368 445
89 392
154 171
57 430
53 400
366 417
180 261
66 128
222 443
66 360
138 264
190 418
145 403
232 349
132 278
225 246
188 309
199 230
315 432
77 252
296 438
236 357
216 343
101 191
169 284
6 285
315 463
187 203
384 492
61 304
340 345
109 365
159 332
9 327
111 192
144 294
400 469
46 137
19 369
21 464
179 189
176 229
119 171
287 408
157 364
80 373
335 338
345 432
57 115
142 216
100 305
21 373
332 378
216 436
196 317
164 320
393 459
32 279
65 470
265 431
228 364
175 456
191 239
294 481
344 377
226 471
152 192
26 303
169 264
154 328
182 379
205 246
290 400
262 288
61 296
68 422
66 252
163 357
63 111
431 445
174 430
150 463
24 478
124 186
243 250
66 369
21 112
39 184
59 455
77 370
95 233
118 381
438 477
163 310
31 344
230 432
36 139
103 261
199 368
217 379
59 367
67 496
290 399
438 478
51 307
58 184
154 197
227 454
10 185
138 252
60 125
239 348
48 269
275 396
214 295
291 367
20 307
104 208
61 372
335 394
281 335
222 313
225 480
40 491
425 455
363 445
90 291
141 397
199 399
371 486
11 195
135 479
63 315
87 364
64 78
86 217
237 271
31 301
141 203
83 156
220 296
297 345
146 320
326 371
241 387
360 395
287 446
165 172
185 337
24 240
239 440
285 420
8 204
104 446
18 424
348 410
23 93
102 308
69 214
281 440
83 135
48 231
100 108
172 334
273 421
85 325
26 486
314 491
99 314
9 359
113 170
458 463
462 474
116 442
269 382
319 492
88 480
132 287
276 339
185 493
50 250
184 493
92 282
204 209
48 57
45 227
392 499
145 373
242 247
339 347
5 344
36 78
32 493
340 376
193 469
152 205
320 459
64 399
101 203
346 477
203 395
124 143
229 340
311 477
302 334
52 319
48 83
279 295
75 316
37 163
343 367
41 86
66 406
225 482
346 447
50 345
27 312
99 463
14 117
198 207
61 364
237 483
348 378
33 347
137 201
132 147
58 304
82 367
172 225
284 491
346 461
236 374
61 416
51 161
3 28
137 255
79 123
220 266
53 79
142 264
183 396
257 470
441 489
9 237
54 475
384 394
165 452
193 326
282 470
15 125
124 183
163 240
106 465
132 439
175 385
434 458
34 317
47 152
49 231
10 357
11 29
147 159
330 393
2 145
24 222
188 449
150 393
83 414
75 456
164 412
124 374
51 412
217 336
373 383
13 423
14 476
100 398
72 121
324 414
140 462
107 195
363 414
410 447
212 239
333 341
2 356
157 446
92 372
45 389
231 305
97 481
15 422
61 164
34 97
54 153
289 411
250 478
43 370
370 407
134 302
313 491
114 433
130 380
210 458
148 277
354 390
180 492
86 233
248 321
221 259
244 364
272 485
272 479
162 316
36 218
337 475
360 420
221 387
162 367
305 446
247 407
116 283
120 250
2 455
297 341
189 304
194 233
60 98
218 477
167 296
307 452
404 427
190 360
209 440
61 336
30 488
237 261
185 194
88 348
297 425
178 390
207 256
75 189
224 427
231 463
125 486
119 302
268 439
265 336
92 314
43 407
55 56
293 390
256 378
8 492
266 426
120 175
347 425
359 403
92 162
62 441
24 498
200 498
247 292
231 488
252 333
75 484
2 375
465 484
133 318
13 41
233 251
202 349
139 347
486 498
286 365
35 402
67 462
80 471
33 51
300 466
2 423
105 205
45 440
116 291
195 498
213 306
132 303
29 260
252 482
200 278
482 491
133 157
161 322
174 207
288 493
444 476
29 318
4 103
129 132
13 447
363 386
330 378
7 275
236 488
64 371
280 340
59 466
301 310
139 399
84 483
6 137
32 135
134 389
31 140
206 407
69 323
5 116
187 204
8 146
60 341
22 353
390 400
460 466
338 440
255 330
305 424
39 105
268 318
226 468
109 271
70 150
155 280
176 240
210 399
105 244
89 331
73 475
340 496
273 294
140 418
233 435
299 371
222 357
340 466
1 224
198 296
236 242
17 257
29 250
412 441
78 483
429 434
111 228
65 459
427 448
171 260
109 187
43 454
111 494
138 247
125 162
131 234
92 214
205 347
334 492
343 439
424 471
2 129
17 351
26 226
168 419
248 346
39 346
26 111
141 331
90 327
57 208
34 247
77 278
60 366
98 245
337 494
126 423
303 310
353 476
81 245
218 260
319 474
184 426
150 153
26 200
164 329
71 459
110 217
394 455
65 172
206 334
134 456
35 256
139 283
73 412
219 312
399 499
112 323
302 461
232 489
154 224
66 451
1 225
210 474
309 443
195 338
192 359
105 384
118 305
38 238
101 452
275 439
98 171
211 303
346 415
20 193
4 425
106 136
68 373
53 178
411 487
155 468
3 92
84 328
19 187
396 465
53 88
111 316
50 421
212 352
364 395
31 477
359 434
179 222
80 419
25 165
35 461
89 499
15 142
346 396
193 301
23 81
48 434
235 413
353 383
324 459
352 406
302 356
139 208
36 337
307 365
90 98
130 356
51 291
175 198
39 480
362 428
76 172
34 387
66 428
191 448
210 480
259 270
284 464
184 441
57 295
316 319
128 167
62 239
120 207
92 147
94 446
42 344
319 382
30 467
204 422
111 285
375 400
46 77
177 285
159 307
59 316
8 199
289 382
417 462
240 262
60 481
280 497
53 366
42 84
31 394
107 415
102 358
107 180
350 405
175 359
179 292
325 492
210 342
115 126
43 118
315 345
147 184
139 189
155 218
56 236
52 129
219 434
365 448
374 471
138 313
441 464
152 351
91 96
156 373
309 413
18 482
262 411
34 127
180 255
69 133
29 487
228 494
101 321
454 492
78 200
33 65
57 332
433 459
6 13
125 217
243 376
161 392
306 362
126 391
75 343
57 444
80 263
203 340
423 456
79 378
92 181
160 458
252 444
60 331
332 359
217 414
422 481
264 343
3 268
83 193
162 349
282 326
243 397
117 244
202 317
119 207
5 235
431 481
294 476
154 452
17 170
57 289
244 283
229 349
169 241
100 267
179 218
153 457
170 366
248 424
31 441
69 123
201 339
312 475
469 472
300 378
169 398
38 363
327 354
70 103
81 153
304 354
236 324
141 289
221 398
41 473
290 469
409 488
103 167
49 485
359 439
37 417
106 358
109 280
383 420
270 497
233 282
145 482
91 148
118 351
474 482
195 478
179 246
390 457
300 349
89 190
119 283
489 491
89 370
128 309
72 137
53 187
65 212
27 132
228 398
91 100
225 283
238 281
1 40
465 483
201 227
345 394
160 482
197 382
198 201
253 330
415 464
96 369
148 178
69 472
158 321
162 183
166 354
177 261
284 402
21 139
409 438
120 320
91 162
106 117
149 227
348 369
122 205
147 377
52 192
146 266
28 445
77 227
200 228
125 436
398 432
71 424
77 415
161 233
30 77
75 404
90 467
218 297
97 251
128 447
28 265
106 488
15 279
187 368
115 282
368 425
300 323
128 232
146 179
155 195
177 354
285 316
224 490
121 311
92 150
403 452
366 454
86 393
333 347
132 379
79 275
312 427
70 197
47 252
151 223
284 290
179 414
305 382
313 407
204 244
273 369
51 207
49 333
328 329
82 326
105 224
43 336
143 269
117 212
211 312
210 300
32 177
147 188
335 347
201 390
333 498
182 287
28 166
70 89
169 234
39 496
384 417
315 383
13 156
154 191
283 337
177 325
51 364
303 399
284 401
217 292
199 253
78 216
84 449
33 154
32 472
53 375
173 340
24 66
188 387
150 378
68 368
32 389
250 288
367 414
347 472
469 493
266 400
158 345
302 330
88 236
212 253
57 472
219 320
114 367
190 230
60 445
17 292
91 354
466 499
243 373
146 351
129 474
249 482
140 226
59 487
97 222
100 176
199 437
245 339
54 448
55 377
75 405
130 450
110 444
148 213
163 378
68 350
209 300
230 365
130 188
149 327
247 346
149 176
225 245
50 439
274 448
146 473
110 291
380 455
90 395
240 303
157 497
8 241
31 158
156 410
37 162
39 166
445 470
276 468
59 394
33 219
6 335
116 442
43 279
333 336
113 121
239 271
86 237
110 328
240 336
44 457
180 490
135 237
316 408
382 400
382 404
170 364
21 90
302 480
143 413
356 412
376 464
95 412
339 361
141 235
55 466
223 409
113 316
245 265
191 199
206 366
34 136
120 354
178 476
352 379
97 258
152 464
131 476
11 259
150 183
283 404
5 312
191 388
203 486
58 124
244 459
367 463
267 431
432 465
280 473
41 396
53 421
272 358
295 458
51 205
428 438
48 497
244 437
114 307
87 260
142 167
33 213
6 235
68 374
43 463
66 146
316 465
63 356
384 494
336 368
3 207
83 328
186 328
98 267
98 455
145 166
125 395
