112 128
96 128
128 128
88 128
64 128
112 128
120 128
112 128
112 128
88 128
88 128
112 128
128 128
128 128
128 128
128 128
96 128
96 128
112 128
112 128
120 128
128 128
128 128
128 128
128 128
128 128
128 128
128 128
128 128
128 128
128 128
128 128
128 128
128 128
128 128
128 128
128 128
128 128
128 128
128 128
128 128
128 128
128 128
128 128
128 128
128 128
128 128
128 128
128 128
128 128
128 128
128 128
128 128
128 128
128 128
128 128
128 128
128 128
128 128
128 128
128 128
128 128
128 128
128 128
128 128
128 128
128 128
128 128
128 128
128 128
128 128
128 128
128 128
128 128
128 128
128 128
128 128
128 128
128 128
128 128
128 128
128 128
128 128
128 128
128 128
128 128
128 128
128 128
128 128
128 128
128 128
128 128
128 128
128 128
128 128
128 128
128 128
128 128
128 128
128 128
64
4000 4800
4560 4896
4752 4896
3600 4896
4400 4896
4160 4896
3424 4896
4640 4896
4640 4896
4640 4896
4832 4896
4784 4896
4752 4896
4352 4896
4784 4896
4640 4896
4800 4896
4880 4896
4896 4896
4896 4896
4880 4896
4880 4896
4880 4896
4880 4896
4880 4896
4880 4896
4880 4896
4880 4896
4880 4896
4880 4896
4880 4896
4880 4896
4880 4896
4880 4896
4880 4896
4880 4896
4880 4896
4880 4896
4880 4896
4880 4896
4880 4896
4880 4896
4880 4896
4880 4896
4880 4896
4880 4896
4880 4896
4880 4896
4880 4896
4880 4896
4880 4896
4880 4896
4880 4896
4880 4896
4880 4896
4880 4896
4880 4896
4880 4896
4880 4896
4880 4896
4880 4896
4880 4896
4880 4896
4880 4896
4880 4896
4880 4896
4880 4896
4880 4896
4880 4896
4880 4896
4880 4896
4880 4896
4880 4896
4880 4896
4880 4896
4880 4896
4880 4896
4880 4896
4880 4896
4880 4896
4880 4896
4880 4896
4880 4896
4880 4896
4880 4896
4880 4896
4880 4896
4880 4896
4880 4896
4880 4896
4880 4896
4880 4896
4880 4896
4880 4896
4880 4896
4880 4896
4880 4896
4880 4896
4880 4896
4880 4896
2448
