203024581
406049162
564896556
635389576
505977477
928606751
536465236
9138148
75882144
186918879
955271435
859654539
625017395
284616591
933301660
824209759
54036347
569464991
811510274
96122245
339624998
247782314
95107546
709220533
838460730
815609177
125163910
367566082
489410719
206851856
292988689
736016255
79636933
850056596
650360579
863493729
347952386
551565652
154185873
671949882
108101805
974603532
308616058
244211697
88788565
821179901
914764308
55032673
32717824
504562543
188861331
634222942
468031396
248322055
876571361
903880944
883160877
518013229
892314006
950671005
826234004
350362167
42038907
78940742
322970108
631487650
777121560
852100337
501865612
872037050
838915716
800781397
55530939
129789185
736646492
358323839
616773741
992707682
404172790
119963109
752039035
960846425
629006677
402102786
847087312
348447534
860319307
540070546
841647952
794523940
775805143
733720376
529847258
424509528
788735214
451693943
106568183
298221005
863253165
435323303
862987427
873762062
601595404
701054383
254479339
238948905
696342582
690035394
948971140
138246240
334281080
993296932
334464307
221602988
811262184
392307088
936100866
822417141
359215292
721915018
484021190
117182481
485899864
555929341
599995462
185878070
827801983
974439496
284396823
772018080
887648822
480114089
731853619
805149318
920886811
237952332
55366602
495294729
977655943
196873922
238012862
63999700
400510435
161983707
388435794
384029466
984667534
566554943
285589559
667788131
80512817
123854322
686135891
859565972
471532841
752352075
218006806
676175615
874166867
893193358
974267809
143616759
243850124
932734966
738981523
218552175
634461211
369073065
26153407
187577897
26426828
279561311
528759070
424010794
611191227
792889805
139344025
21794537
767499661
537418097
733456446
295752650
677991463
193483086
657195272
69112062
42873043
113805360
974261857
856361039
751742476
650840556
585756727
477458171
467840348
683275630
900044258
911335410
685880658
171957815
945698897
575101157
962487226
489847044
743212567
855421435
455033081
787840210
683505398
477140771
727134887
421772286
804004429
65936701
479969353
552378565
575214554
225351242
532187679
528711664
167430634
67613235
714059766
371543969
604966918
558625592
216245930
799802800
240492681
205471605
748340721
258581507
347376512
895781084
637597312
450659032
127113877
406021780
56941424
229830572
421140000
967650253
299588481
590957895
706452169
303266797
103049043
574393061
296115662
408498811
339928772
703258443
630233386
868361475
803407836
158069624
110751934
927264823
986597246
736220328
66295880
587501960
190583180
980488857
75738711
781682905
34129102
488445865
199995936
545278177
12353321
767460845
505228
767101587
693423521
386982629
121046423
997844344
518175549
806264138
937299320
401487195
455536851
824497543
468229183
15091957
97051151
839441198
931895337
159665378
286374002
770059245
192460220
257951865
795779612
581040691
765191062
91265650
43277840
546031705
241127228
215853534
748763439
96904353
800280720
553164240
530374755
120370959
440060393
483592586
788733119
362216388
663541517
435911054
637470985
131973288
667495046
130103138
825177885
406130862
577649261
414914394
210564929
576753745
475945668
781761176
689141262
4268672
330238675
172593999
830513259
399360536
579000681
729824539
471984863
994023087
186652911
496340885
877973100
462572472
187769597
346040260
67461274
707929280
72847553
374395507
436752661
300800463
673455416
185170053
676899264
638627861
583139662
711040927
545244179
486120116
457488992
603230625
204870282
841705762
743997614
33208419
850519636
917061880
755823627
155574967
764257181
166651006
929896712
480093296
353038431
74513544
417660959
167300349
676136221
823584769
21592185
41814354
840250397
132585178
846001202
879555378
421632980
158904727
397336953
349325291
399044646
281943673
515050744
200908449
783895090
749172991
646408568
390641547
216608929
415308753
538376285
601476508
733905825
933485842
897251972
845134429
906489721
660037107
443469772
743906992
916266157
875913866
103930541
897141449
85871040
83051273
635721121
709836111
316414914
699869204
610316560
195716088
960607257
654422512
443360942
586447970
873078364
799294610
862220172
659978791
680532700
31160715
607509243
500835761
836558981
653723810
985042336
231697708
322821926
136308072
384466006
291238251
234784016
796641421
498029729
198999025
870187489
492367053
98303707
346993049
308761389
888119456
434845985
693933807
455280702
996295521
695925830
431856966
940025383
77166772
352035211
975094674
985277053
252887130
454407883
207989269
34650080
824675513
56694478
254554757
402193166
465559873
40801463
695910455
691597999
268897901
801413951
604457825
54876661
965933719
52539955
516927027
311690784
273136142
103663195
87117097
15293917
732380721
410464152
926341659
120319681
507675177
879014813
912604914
819577463
568881565
847841780
44985984
525127517
153539452
645274009
472434288
749865814
872550334
472640773
584215654
379277357
539254070
106016496
907602874
195775102
706441124
761369034
551623364
376637670
260291078
124810291
82035253
270764129
360991885
431026200
401307844
416802981
441772128
184387137
819511514
688668448
574704992
23054389
535618807
974315506
675524526
109732456
677274325
474352252
353185872
23400376
359719161
337715154
683485113
986354210
417676698
809543521
996518725
690114473
907091136
808970123
557805333
358316289
18765648
9440534
476435810
706163956
747514845
713151797
627120941
164128614
742122221
507726735
367907021
705789336
480432859
249776271
592194561
630833113
856817311
909727226
279613338
153325663
840625429
703408198
939824166
234430193
28530760
640404591
89536539
811648131
445742458
379492503
863485066
635594215
904448186
508945678
874392244
875111643
411348988
807521442
986091389
710223434
698194049
991687866
42065753
805080005
889373134
638489477
158712075
264940618
550969262
931429518
951556052
154523371
298082089
406794430
112980702
773838109
994593447
635072195
339329188
7810053
364799596
897329323
159794083
155378232
405069366
678620435
388770720
395684317
709905026
184356423
990927446
636983527
227675229
666011294
526729250
627961776
424528894
208771962
883976191
301213033
360786229
334809205
578610499
610850319
937763456
891400752
885623967
383775951
666103885
849694297
109716567
882117219
873837129
267096511
569263143
334903395
711539118
545119675
629133961
877794663
696085856
438935072
269803126
836316545
530843815
947508669
102909563
374251137
667214292
590227463
323155971
26327691
172153739
314740863
874971219
204741430
823142020
876231373
719435141
518752766
460342453
368236869
591446068
818123462
801948892
474971887
608757037
953200876
109356568
251654968
588426572
834502989
856220946
221551262
491436189
254466623
298895361
974126827
136967633
456386705
810731206
281935381
723443412
274764814
767598640
393724075
558577725
585088516
245053416
447711387
679891860
8318818
918477246
960762922
423710706
113561590
404682106
453620596
954400028
906619209
171058514
614771231
874346051
316122457
88495791
394976798
54024254
295793435
460247436
709881061
423007293
57556187
187023655
771036261
177390533
733146914
536614128
843328619
610522729
79289149
957642908
139613082
271036378
947609502
953546492
673453349
793757859
929562117
221189418
642792350
259921713
47788932
112184149
634451095
940144974
398253305
588155883
773294927
451060967
318839820
546330912
573408934
401477337
395158448
459637183
392712054
523797249
742338617
783497458
119974215
698381908
91944717
179554860
563571967
700922540
961342850
206102777
942810116
153374080
879090553
268751699
235507555
329414742
49498758
708733067
382176026
122715069
825202004
866104179
484035804
207549495
293857760
397920610
267411031
313612537
790394767
690970448
483992804
906440130
271230922
417848245
44197232
709193878
342868855
190957498
987108217
486652256
666129646
302771049
227239997
556948257
50019533
458233081
325760842
702704360
38314572
238409514
343661415
620396778
905099482
505613910
455063143
43605557
150151660
693064753
834915660
891387186
698922640
429096368
527602873
192580236
902380097
455397240
121356959
70172313
885686272
197461479
331270411
4219905
831369223
538044374
929413090
659066753
459493857
113350968
689568774
940952788
752998362
279507341
385084142
655961113
761176856
701914432
170332814
349518178
78713275
184580113
319901454
620476725
787702718
805585048
554092750
172399557
507124542
993095947
380664671
67584695
744170954
738557383
970004073
371878318
765092146
559764119
853364542
858597188
509409260
61313265
864631278
180862933
796874880
499866952
984370277
486374352
761871526
714569923
934480656
275701152
724798853
299234155
870005366
312385933
952729541
409171098
871881670
908090390
511358526
172089670
392836562
399410187
997854401
357365991
38106126
621385428
145435666
940094962
708853131
532744184
696218561
881479127
979065578
564892754
885744732
438081338
861596331
440815980
26151646
382542579
632503740
499494944
141003142
279377915
746392870
582004479
804372542
3946873
855426004
308984162
647994285
675292621
173322280
778346443
965086806
923802854
851111149
585407499
242768757
465040532
7653600
942869808
479084919
661182548
83439679
990799810
344101873
537778798
877260549
166335096
189590860
386033599
476083294
893355691
731965541
135905035
457787154
795828871
40074168
516221577
201549037
222285331
423772689
561034918
958930546
273944226
954309172
59280028
917160898
232058196
873474301
509051486
274677405
3191347
90031753
153557666
484945078
302568303
705918380
263737728
285858205
618957370
202462884
513005192
688699604
293851829
543160086
149553491
621581731
828702099
594286861
96419085
333480562
397039046
585727505
660328420
416051232
727099174
293471684
702992485
278683116
485961290
174421706
586309678
742819231
95480999
786355959
90832802
331968565
472035025
581249447
747373088
733589409
161718822
588377185
182714822
722330836
201007063
335130017
989796006
392579488
300588926
199482313
605464034
390764731
513127499
627842973
472720282
883325772
836368434
845013520
594514384
207892018
563001044
261348304
296545829
80315683
19862308
834014826
419566108
575391607
482793011
65952224
494679706
12064047
212362047
139298162
739163369
127197692
551009130
549943120
488172848
963673572
696449180
622771170
708689592
246557598
360729684
504565883
111184657
464907821
349844348
245056052
631610478
837457482
919569915
240156382
76694100
96401981
785561753
904369930
982980192
364573393
520485253
779015919
155568918
82884687
54703560
150300024
883092586
595291508
743606243
853325898
247256870
146559800
866377212
556723156
907323126
751907476
208886863
256625864
199833242
38634527
44942924
269734233
247970610
457598585
271174954
382494180
958012909
461699545
44074078
879783891
886006585
947470726
675209250
957165171
764812442
455123611
525023610
287867350
52791129
934903426
575285574
358050971
679043461
206823466
119228694
40811199
530411062
901041944
3277462
141172575
672958214
980777645
519294235
400172427
955146603
646553735
869317520
799876069
237167259
976951642
198600796
333890364
700282511
704418222
668365927
557045367
654815582
530600006
941541417
352380109
390642364
324862412
785747345
861313173
108990499
834899212
194054558
411215453
744954090
470738745
61196875
823082800
348634994
370720964
723445336
502437797
912666441
587681377
905574455
99071657
821864583
420564920
128251268
525202373
990864414
613658848
426778685
988410634
207313566
537312785
131006580
655578053
141805118
530062801
876051069
553186237
958408661
914598055
996175755
733876116
643868100
105645679
287786911
843297293
485894281
776082668
150118536
336447140
943196295
964907029
661094719
173637678
933407101
35283018
986434692
433024113
22764957
896869398
41706551
954043457
153971521
903465044
849104039
387302581
253430093
932375279
477122432
922623628
944451684
115506823
232547761
969200890
518285390
654261205
731558499
313783274
281320548
137863459
811359355
678383309
575299473
547319031
979206479
478523672
607469579
46243757
726119526
429564064
212707807
439335131
604902264
329437756
195208526
872316514
40396966
783085964
410874861
605116617
894633378
756094816
530701299
829432355
294498169
293093905
216181886
322651585
867463329
854738271
323106347
711499681
695353554
407879853
268894338
39394844
341826015
241477713
654291227
775645667
932197929
482193164
235444539
50866052
54269620
160855408
682528142
291683916
683813497
280321092
506516951
329969978
114771239
541839977
474910191
180442181
839709419
362890973
737806811
630005858
152543580
446395964
446086205
258006553
176567231
237947655
684083948
501958140
120268477
551750569
72328744
70048065
884664298
913629433
366627810
666766184
26123886
648462089
190905491
370724228
320436012
88394269
964026998
786065396
499244666
260132794
566388006
170181754
528490565
381166068
513120599
704063976
405436338
723223989
769276292
21798623
118713663
220710011
700691572
37289029
957612789
462564782
350528028
723584255
675028906
227538193
426167616
123653650
236839227
558831501
229681594
866714075
259483034
933025706
519547987
267698577
998235953
913634172
649630822
540579176
362628714
784015312
532665232
434423515
612591825
363123703
199786600
847527891
726938424
622296766
508600100
394156109
976076323
489569044
897845502
72745193
895566196
804813626
697294934
526979636
685324127
935339990
798083490
433849121
17118091
384233785
78341552
422433641
54218777
565136041
467534319
223345577
787769327
514751957
523063594
83147759
937589630
708307260
40424658
292356668
50208410
487067479
31599757
214395368
766982777
931820881
178630321
435493430
687345538
79479241
193771690
972505265
284358636
275691377
520956315
806118729
273328019
229235476
226140579
261288386
848207535
866112157
519212433
495839623
139649785
512255697
625771717
49549569
187525888
599827642
111447127
373162908
278883901
605726749
871658191
815856804
883446715
981013369
395030848
636923754
633124003
864081706
235701745
296211935
61954957
819790398
499203465
824294898
574041441
689816060
19336859
391343681
894564600
824109987
125070083
445735378
998185905
273217577
263814321
268147139
251233383
861626464
309922015
536374767
671295065
174569100
958855996
413633119
166767715
173089491
683783311
178636868
251653116
971011622
317687595
144761429
285711922
953002801
96161045
612535277
767312419
940717392
364569764
736926731
168568034
355925124
279555594
285180693
585875258
786916871
406286499
632279509
689972422
712211831
645933799
37889489
367490365
581972594
446805794
800031020
855765406
141958940
422749835
69121221
345982644
364446121
112914855
26605161
391630587
320868714
400264558
99502050
176281482
655381880
506763478
542832988
750947580
535470575
416356624
935148780
372682872
987613596
52007324
583838038
808850831
767583902
325537109
160318825
116231126
95321896
16915044
908541836
273693503
214753672
726789294
734981905
734899285
991426039
676331013
495443312
132808208
953726761
512699776
668458597
372714022
960380859
242810311
270423791
395431303
24969261
616426350
719695901
67701703
957840665
878988300
563852313
692236589
846253327
981011267
152260237
986807029
131685709
873841016
178195810
8654997
33999473
231177735
486814092
533527186
118384757
737705538
105578195
856064648
195729951
263620563
367516682
339497512
264917571
682350346
34409667
285427340
57532197
959571058
201780658
779399442
258227206
136953279
468985459
703147504
554683396
83033233
234840899
507936762
110454014
636974868
723281783
28585109
712941291
67795373
4719457
917957844
646322216
625771847
567301225
514149823
164850379
682869593
282268066
307755139
857595623
509197406
331535727
156401518
613076511
550834614
694361573
803393467
309159535
945756428
637328394
506606604
934036279
431394888
622527497
714802771
371933960
186165250
6988390
247527491
21829162
501314610
495992481
799515730
638548122
180334446
611209520
39984786
336687488
853450786
520731361
901107255
452653414
553640050
614216775
604538232
265799668
384882889
767566770
16857845
926880855
766548883
610813392
676219865
526861109
64941340
498635373
211017680
171182337
278726959
502581388
711710340
358187857
501583935
758796242
369069142
174132941
28021402
756875368
617637924
379188331
928314555
745717
423839982
755880512
768880548
161119419
638436040
494577448
189863449
260251347
416563026
23134914
142484059
493707848
338030186
928754610
399968859
557455320
43270130
855078242
200270543
580521928
876827567
115599718
904341333
339621410
401391187
660277426
791260744
126858447
365424840
342759819
586968889
626371439
168596476
658481456
731474330
761311435
77845768
717929580
84493669
476098495
648270273
577110289
428885146
485746122
578681641
421930413
184738275
188839162
473215048
202385027
543499150
816155374
445693245
691100377
722163090
60665185
893310427
66230123
490245255
330635067
39578396
440446626
611783350
708734498
247118675
100575737
228643114
187062779
756640965
397158471
426626365
555209957
35578948
912572424
34411581
648151809
827224836
94082990
443876662
620729110
167006317
297623579
587688572
331245075
89928419
787384151
875082956
784756120
163502619
277398985
968317862
200523743
750178438
518760297
661450920
328723817
769911211
66589415
992279542
445906992
299062665
823573936
597112407
535548079
589267987
595151288
369254813
872437732
411486923
563132651
658589284
287743083
204820179
900142094
250943476
497345024
629213400
615852077
332156099
571618934
409064859
352079547
378006608
959750817
877068490
303255711
261129210
635851188
72352753
922238107
376446102
151823552
142220197
494128956
318778155
886532945
46381646
325346580
857516295
433283761
556404389
105041764
512041078
330313027
556602918
494461252
451186004
693378207
555519322
928613878
538301520
232505512
762555951
443597192
827952631
374226455
403760108
818192793
451637150
105583804
821841329
228814133
834184874
808598401
446952005
313934211
166267335
970543160
828002421
231150133
736818138
140218607
322889736
344591876
898433963
503142805
184849689
756416624
357853819
82342869
700781910
565870588
934030256
453496467
771320813
770781582
486193940
634487449
212012222
656753991
722209750
39138681
479497987
416965638
78761454
141291056
458657271
225277881
214450653
244945708
310974215
590584479
191238975
172487840
618629022
150950370
796378816
383870347
874059452
260627941
741380867
836043108
290306820
790848529
855746506
846758321
428287242
903202850
141837578
100323230
142902581
814842398
273474200
177065991
860375809
180026351
270793605
966561210
452240853
330189660
319894883
527754021
347383670
508400025
86899906
307953733
693320446
790808162
645413709
810608521
314436937
907966854
807092063
651535081
200634048
937539131
588179858
754340539
143730018
902648887
761232204
341027251
357429852
82296664
831240875
806224244
972307468
476765260
237289750
493160692
881008639
962017846
46074253
856436213
681400659
485468526
418311482
603727010
482052333
145465900
194193544
386632362
195057258
622281623
533051911
17531116
910344291
667022668
968521010
438113645
42882983
760278485
536478733
617365811
388503796
549263273
40781922
156457523
629352026
304139742
620956533
129184865
619854380
722672285
172352382
112962402
125667993
291117857
343675655
611251188
935496949
885855505
121373054
940016276
974790558
343430579
345307070
480265683
457253392
984262503
16507979
619183527
802197657
87205988
430078343
716336939
646019986
88178906
535294817
942158641
898259244
121087035
590217468
818044379
686426497
76290706
256338895
105708653
872652406
382984948
374309738
594665403
657391037
279508357
302942016
824205648
54199318
8734147
729893786
403850225
167253731
278576368
76099144
992189421
292094422
405385084
666009258
775717827
750586725
728901254
677449243
974048090
234689632
159492743
124770370
184021901
674430327
194006220
458148465
864766481
342588575
459660845
192268608
193008776
272222672
909533279
502496549
430112145
675015693
336766539
568038139
543506966
660411589
299961047
648503262
729130765
930825324
89198254
982553595
597025631
628825275
936398596
277027858
190735828
151977193
565610450
418229222
937556321
95682464
959798934
774007424
168637690
448483275
436061333
220842513
877688001
53987935
984735394
135781244
951495056
334294615
449879987
484549331
992969980
506828596
335134333
422874148
231589592
123823054
374948799
812521942
701528652
1419384
681621057
522568100
817645488
490944441
759126950
968600756
26603449
659886643
247949546
669209770
788829519
77474880
932787371
186586679
248893417
26213946
549794562
531181006
808135692
991925281
981260137
230706430
662907555
626321826
479176067
639164551
360811898
574708863
47617377
720179032
38840695
791139794
416369869
233207206
201865088
193076130
672244307
370883138
115448130
959157386
432095441
394014912
220779578
507475465
605527578
968522612
93345092
897473567
756890375
309194102
666474127
721813817
254241404
809471127
669201650
928197092
521572800
679424816
876798989
408707324
183909364
991366759
746683675
233209428
454035910
292499864
915712170
201142127
84230593
357783810
744633673
541360788
724934926
988585600
193305559
969660865
121643796
558015662
356859126
232281617
938321296
216302121
194324067
312226218
552380819
641446948
472140018
513910980
814544687
447074527
179497220
103786060
654385115
664945509
35791891
442485087
675568307
88326002
21925958
570021813
225691672
392256
504271286
957833501
583919384
723298311
168733313
774692964
685796593
115854241
214517263
971872043
18906496
937015371
148338834
154682158
502785761
695389621
107678992
321015876
20172518
412935264
359828285
144595889
257731906
23616462
815750287
395597107
111279216
46968810
10408827
403100832
288189309
947671146
502197210
228715092
663271625
274328382
560399179
559245357
732465127
494343102
432228805
247987821
488141738
675817993
478593278
615080439
561921212
718568037
409684395
186297345
62989857
149036723
803031880
185213407
636449883
262639554
334448286
289253496
630562628
643851116
485603145
770234165
243488791
245640085
663574347
200824974
440032297
822514397
152612693
217681337
377092439
219724325
208552578
996550993
330971242
737758360
111062427
379227814
482754045
892376253
329009584
821937905
870872145
69601139
318136380
515661611
714112307
658248770
275761733
186763305
647308664
346964627
137187138
345507852
84402498
107390439
520865766
474347332
973075719
825229416
671930293
876899048
565149326
506940407
345536959
551133334
332358200
541425241
527584503
227367701
727432360
172558167
904053089
96829723
889766078
165423330
549336646
341065064
116847878
958356521
144399701
13488050
951699096
492970200
513777277
60897127
721560057
422617411
759026754
529685622
902987856
481868708
794284917
51263379
375143813
517494188
243951611
854427489
942791778
603492038
555970118
886137064
78840303
754997927
525370429
305987354
537605372
653703960
748405567
717596794
701533465
692758017
738914507
928074805
6967666
537317247
517087928
967455399
162192785
805444755
408016687
584173329
5883727
414829760
529968593
136429673
149781180
599273239
659377072
108129672
622079847
77475761
351482387
724193206
764502183
302887670
215020687
909607158
471370386
510167407
486768450
530199112
228320952
357367722
797642681
514180601
718899131
855351540
88324883
829439121
376338880
677651061
538664255
774806586
973976845
361515814
439632980
653077897
303109600
379132223
684620575
884249111
269871659
507406707
691266655
247943847
643357174
625029001
833434625
173954795
223116010
548463489
662694598
379031158
253937407
563622494
224230227
309916644
512345958
528356501
182015834
760224207
262390054
276575330
207309210
170113623
380867197
465519301
941210941
587710940
843065762
152395752
64395511
659613313
420592696
706088724
342540487
503917704
889409576
590408425
699673436
623571086
813040614
495521810
478515830
273464824
661623832
595524210
244814546
429400826
831747105
588239165
480961398
941121855
123642015
840596209
430246353
695946248
753547585
942535345
990549933
16128237
83798318
247094936
10921342
388050372
71802325
667054391
695937848
955360672
100096155
984892818
294424893
952090794
144458622
236317658
863706142
351341895
442320613
925982737
826710755
695925092
14956512
228889166
814084427
813611551
62088628
803165269
546891710
520383259
566765763
904336499
481954150
685172994
411749554
54388227
938242911
594171503
491275891
378903515
32412498
656559180
750136655
416694241
518452353
710024557
41211648
312546618
508102712
942285482
286134264
366621330
301210072
242309674
366564580
734324091
690043942
887872994
16489810
550557583
783265611
319147199
913815002
736286646
218983356
781870110
884354592
65414383
725018487
177503640
883834174
305672426
801811724
697634559
149564560
836855882
163644805
780229621
811652171
926188244
325263261
815262420
946858595
619672991
326153910
243652559
906711939
450327627
990542450
836977151
679836600
257898051
219681100
157925288
368656436
145901155
835978778
879520211
285826497
582495616
531238946
301926538
531711010
464876793
344505767
431692598
779560510
343836315
735876690
597394515
187507587
449536177
844315798
685767370
224196540
237383558
392488982
223095932
954761722
457095656
526480265
665267658
822050296
790139770
824831789
750790232
258529743
345654815
663297448
126152758
629749228
787557017
778793490
994971959
200000421
376985461
66756279
876262548
577931412
113099113
757382788
552570361
237759566
345806032
131304661
524881324
925565236
391107396
173720439
811542781
88178780
710576715
700711428
593859662
170234609
546359122
520740596
640898646
914492561
568654529
865862081
122634965
758736886
885492483
345314228
786115801
67752253
960266619
30737981
849513789
181146710
207645624
444948675
7557011
794765345
945573969
41990470
408747449
907756048
172381193
724161558
843491625
462788831
559501469
974530605
417833388
266220852
768657746
147485420
217073065
531482170
158733244
714888203
752396047
110945185
228663837
737316850
528870911
5700879
868342136
462694912
169266315
102471384
153337474
694319501
942185730
321126389
173694172
693199380
355861585
768973134
238192243
863392658
453289650
288996917
488903686
936726682
440419464
703958493
449643734
231837468
925492872
494401841
2809094
315084820
471000956
822506474
268356066
766817177
554157405
214766007
544502911
174082536
643077310
772171597
209689941
207229755
732344455
446382059
213615330
438228023
455452983
240113312
427532606
425509773
149309662
644626913
551924381
364894610
298536763
953235980
525563997
521657387
788635013
685143082
31378227
848735849
32343742
164241969
481266268
984769855
730743107
754880057
907510439
54420880
942032700
259703333
635661600
71499873
735784310
743696361
565719116
906330044
771945302
136349449
696684714
593952103
978465141
425914305
717934080
497152907
414526358
646087997
731467566
826993301
325720981
143362341
371292501
129211308
773226248
281776333
1781935
200494972
749511405
517407093
74410117
821269672
488608799
891843316
618746710
484006387
1716911
949188462
413703497
575204142
133166017
478972766
660653251
716571088
829162172
962971433
710604683
380911588
535704273
545529362
838956407
605817134
763442674
837594341
351460371
803856023
594658851
228755211
954832939
423292601
574568382
175284655
333717159
794928154
14987014
536454691
418867214
658732140
759412904
918440929
598587148
524805779
583886009
285934668
747819570
791407955
296488372
130599486
505761145
207864579
945425030
678747866
787369384
769678308
437374253
565032570
33917600
617030302
557153882
963584681
489852944
14199500
508151984
953456821
607908759
534959123
57960640
54155370
74180826
878967466
928490498
11179657
360849220
316290953
668186760
682771414
819693437
103562706
402216286
189660352
473984552
480753468
670775588
613585295
609976097
868555565
837567413
445873929
65376133
822602917
776305607
437699637
589076776
35997372
774581840
55024217
114854138
63364079
806580249
543544524
10195426
12921435
330646068
483081181
103027539
329464666
373511529
458790821
531841555
318908104
962060319
748990268
89852000
798787919
216299733
664611320
465880469
882661955
298501533
322978219
855049514
492209317
182828116
726452383
619549446
798393404
596903751
195204263
763609043
475134928
826316214
933571283
799537053
211326821
865584327
121745476
47611633
69439798
301613701
870390344
776064675
604908608
897190520
665298485
520992005
769527014
738093588
822902762
354042642
894791193
945226113
360666488
840072467
108313828
497543867
608943689
239883823
502604223
500300121
50294440
194601154
26661988
493112388
880536594
732548846
26343564
830533035
19335824
407476998
58013654
215375288
168559054
465431822
744859393
58323141
856807967
29341602
104200485
48963631
951115279
342480724
954709283
165092857
398548165
151962847
384648442
331032025
524169644
64011853
167974845
245548470
363622740
870546133
180021934
689684394
648843391
270499192
152459830
531778377
223704944
739689242
704905530
85619865
920168059
365197469
926413908
836284635
74001074
462265177
782046958
939152692
604007758
893424734
289356040
337269440
592213991
335126707
166010320
647303075
318798765
946103290
490336052
550984482
555780882
244527679
959845136
280586328
233146554
373739388
267088147
964799872
505177607
404713143
71907619
83018522
860048053
729801910
243275824
650216381
206848735
928519819
932854310
778316310
245313343
951443084
960317073
871383972
477711598
639731288
85774567
7839577
664781614
843646737
244847750
207998650
449207578
21907131
677518967
816430696
842764946
640970229
435394215
330350667
471000283
503998776
187031103
610340258
995359444
771721096
317051102
291867978
691541844
593229644
141941212
821503837
250235640
786328510
394547447
123300489
103129092
551828554
416751763
880238640
884215244
154406333
487218485
21785907
504920716
896579800
703732996
295105312
64216555
854142066
163273628
193317658
650992698
30149747
425479711
152675312
835466286
43286588
256868468
954504468
609803416
508702320
415630920
460193208
854778103
679423060
496914545
801182114
877493963
97399228
158888475
753513755
878538521
507953719
767047358
450466123
926680067
640369499
986568711
649577337
608781130
29775003
231565405
713514070
595468774
238470662
224739536
647178744
618352840
204859184
345699683
78030189
271383955
424792613
112293866
785752784
313873492
304394784
907103501
361571054
792375881
127187682
76267869
625476464
330267931
257017119
685052100
522403449
677905044
497489946
234818458
893442527
14023777
695194302
803331166
727981937
719035285
294348173
564293729
997011961
254060632
532601192
531368793
823791672
322160903
914230796
52172031
22927239
658591937
472882401
176192298
682577771
264019504
152891742
445308071
482080530
323785158
549126093
99800632
842629423
763410146
759289029
23964240
910329759
781383400
357878770
304252742
292426728
966361975
859575379
91496005
365313687
63710576
796383881
542663457
880388796
698116344
47367709
523875471
865045148
893623068
716403390
805678800
762348534
620151323
632648019
654216403
216376584
695852241
87026027
454063326
617071852
183569127
25446470
164254244
442996909
647577263
718756318
711375560
320300739
683921667
108444163
505525059
915961066
777392405
107740844
908456635
561872931
422337028
630953349
475571245
842032275
598714261
829706073
472304142
962933573
465390076
248543606
354057507
664497946
614835033
109333145
54376028
30597488
794215226
673704841
406543999
962256372
306074602
778846312
992594893
619019059
340228826
946033052
566309902
19310708
815195955
178708779
864098875
173592850
914808599
168034995
874119932
988163575
888665007
589544928
519136241
855949774
245593766
671447564
344385152
733005998
246841516
169235593
603106297
950154407
506824821
201501673
928427156
111166653
496153043
173918361
793567188
636761797
346380304
191660832
25084574
974823712
708924516
892109733
177232784
940008734
723311596
830354840
579705428
292507376
179001723
15453740
735357893
952998532
591839917
241212475
539891615
940908002
449744808
833238200
118464259
994451020
865264014
936173673
943229817
83775527
661142713
903092653
290467849
901630829
342804185
625353541
636134554
7583264
208781014
301458705
347353364
383223086
310946707
929258207
319135829
258323522
947343337
893794497
416981741
741104421
698344227
668047406
281454048
480966543
235808875
502307811
99999137
46190100
476874036
449567808
848934040
961035500
183126864
638527034
892690936
587942473
986315572
171293561
804696236
270390281
740893621
461200987
772890069
696773684
265777765
580739582
289172002
813619008
425455690
854205820
433944605
394068249
706500381
100237204
616773195
823773143
757733206
908472483
844915025
409820412
201598248
75762668
81980884
301309082
597213252
421095739
618151250
47841155
757795301
289186576
333106390
753993887
991056634
245362331
656555328
666920565
836213040
635191633
309560635
85134646
936098937
730649616
946106602
230348992
956058305
22092407
853338996
713091239
828851272
418728749
831303131
43797602
276970997
476005002
472922241
562928346
652050376
486741737
987583234
82996910
829930944
252684663
760730926
339121734
402612818
117582831
475658146
436726156
861337541
106906668
853283293
620522106
982821574
144413897
473030845
991368074
763770340
137028968
860093723
324631164
135027808
147403152
235480196
277798069
852717182
511393383
799999875
310443989
524269853
337251331
82908914
65709610
848592295
595344557
42415449
804433999
234776991
540870727
935011861
539431545
766930264
803552714
848427923
727069428
876596034
745408514
511677363
594930621
70721782
194738492
542465559
985364386
281720650
386271021
549773675
349675660
48702136
605640376
99385628
255865335
569290206
55059886
278244926
381847075
550786916
44525942
920330041
983163485
863171335
266286246
722075588
609349795
243806680
624019784
376433751
8858477
745426718
72594842
320037952
166522763
383777970
185562949
294831412
696250136
685117259
980846048
181206058
293641451
505041278
114132324
842420687
59362227
205913593
994561586
264446297
845199564
473297027
1656114
904731099
631841906
721911534
311652575
473722108
305986205
804549668
94896410
875027086
664359696
313687765
310166932
334895920
498906171
899288268
641025102
301468736
861349795
107780818
120327557
984594119
477035586
40970503
254218696
119576240
395918092
737478692
221673208
502919227
334704811
284434125
222267218
524031024
990259304
531039915
7850883
947437577
918913380
727724395
63400700
97948272
843392662
449940755
380477019
606097370
199769663
419008406
583260279
752780816
706460031
973531965
207156124
821137484
648443197
358710677
655589529
837498615
161894856
38709960
134626890
48398390
712817441
882587067
848848705
600262191
517697822
971579134
122658258
231403634
936361737
410802930
224078018
423534565
444890057
549026031
328005875
450559872
274851595
309040296
924145508
868034458
695939384
219293482
15685837
958501290
567067697
691606512
609846538
444058767
183067275
22760103
800369253
603201282
810456866
992734872
399047908
367320161
687097980
423919227
807131365
489312667
713305454
2668387
424647098
470131728
889086378
438930183
581244685
395903052
110439890
130282551
566318474
33865313
234959185
984942099
541401975
794678332
130825506
425339675
38571524
957828417
527383747
840038849
798044263
415145756
958563608
961003654
635724965
92863748
344567673
33624058
649786221
358590420
933250199
26954733
672168524
468186973
447726433
343557070
853816955
602414855
852860890
440830928
561820972
911272934
568703759
315109442
87031103
606165160
617735813
486836848
122526084
540937172
65524463
767130290
256251061
833699883
362512515
674354994
156873796
470123297
478715648
694468054
960871876
231071465
388623160
103445283
37713390
104805588
852160234
599741857
882997858
856724647
924673199
188285874
818782965
819317021
383207934
108115016
482640543
869376702
654875233
831513305
161046867
811016790
648527838
58332154
150118220
812869733
463385343
468262442
146848565
275236120
843252195
440864995
511342862
816371282
430120088
357453981
923810289
463088171
248830169
638441890
790173588
69069701
377768128
212737820
693893691
438999745
698073124
443143370
656694770
229922567
809751875
648562572
134943232
963279947
535504695
251934620
839649468
489605937
939560552
543999892
680744546
778671670
282963141
642901157
544728494
329828084
329968169
78328784
80542725
50839335
496895614
504413547
208870344
609738938
259648234
144498390
201872492
135168155
212442952
499405485
444589769
118140556
189498708
36562374
752930165
515767864
301852797
559929527
505472149
4424535
555526159
839406517
994130213
379573532
571527317
194907350
598785256
778668755
924929196
326854797
607038647
218389890
475844819
76834823
452567706
710927971
827087713
646827645
298853424
11617410
315300695
345250706
603512742
314236253
266615419
385283897
120793521
329769514
43576087
116292819
105509849
532331900
408900189
422577147
275202335
493566973
681171338
569437315
38980282
259223683
504798511
499653133
120990779
45625461
277586154
574409220
561658839
915064435
181038297
239065124
338588390
694250362
79280098
320482198
353908928
30701585
199625721
486894827
527633950
917886324
234120370
444878667
794486234
79245165
979132994
29731374
963552786
93762851
76225635
180214379
251895293
167313844
759428126
834294090
707453734
981429616
675896633
199841045
3637238
802675010
385794008
148902026
831433439
111277757
803148814
273720044
565851994
881659864
751708491
114049344
714509986
850086272
507744302
120562561
755476831
868631343
949885732
896248974
811507357
399514043
983216750
348444524
112417589
648838560
414663282
194032125
215110427
416451725
699091805
144168620
947244898
162173102
507326532
53373590
665392260
263090445
189375001
218845305
802825471
156235788
834867880
658357646
562234024
112739258
125206788
611971206
656860982
497862027
671876353
819233723
41469292
202299674
995955607
813755841
126601238
19986340
708932024
708431931
431957071
850560833
939598240
865568489
633916810
19286801
262618448
705045318
993576778
863210171
681510224
995639877
977548315
28776163
839245959
171623425
966900633
253474403
90908495
320869339
199702089
691155002
720091013
853031977
478022797
849722914
699707759
171325223
158664745
46314646
544619273
271277777
833815699
150800555
357010428
173370368
203993987
559527920
306801408
356893971
658241564
959812768
329929130
197113044
68883994
327092079
632918274
585776210
318550844
532284278
748545141
239815604
217810
290382997
583090942
168776319
550442572
2195991
155023079
669327554
776152284
977569416
840553255
134493824
741189544
339204796
526865824
38864903
434294129
888467884
458672016
563710460
574553678
20764674
85860471
896658686
946212650
680632746
707595563
469571732
586111332
898560671
87986799
929330695
671205322
199763053
977317235
321245166
739844560
269766760
369704680
88824957
24566381
711429903
977585030
911148894
504077528
106243103
354236592
373186201
877143065
165483467
752726630
942056243
404086954
991973667
131949216
491212734
411352853
707708232
711620545
643945558
344756310
899164141
966131686
202538392
457806863
719561894
245828823
736011170
117962936
499011251
395724162
61566713
145974968
140612209
519458595
690929345
794391090
96011252
954562608
219904963
422268032
277334342
700829312
853844528
25014579
464905867
141654913
884288611
624768314
818731258
258778137
963607045
606394199
836605223
12431924
302575826
825712763
169178040
841089648
857491028
154266099
465163304
348535074
871575012
182611531
18670260
587206099
395365916
356584967
992941747
304214996
426846095
773232340
196428609
108609990
832619333
781721056
772890375
892519988
864357632
26172677
763525843
383222977
209653943
986833072
211162725
223051341
81807362
984949536
12589931
48009556
357961794
198536560
864486431
765158457
524247672
963148646
478159222
383161653
573744255
978692940
957526103
288581080
94275657
988575137
332502021
812066336
913521725
192410351
586259898
424918509
603955248
282446886
524665194
360250386
110727547
138722793
527258409
48273333
461723500
756731343
978156518
736617578
487189708
376103308
540722441
560730841
754130319
621877752
965801454
377041105
920540722
489903258
794487630
274418940
70380460
408682534
397426039
910394807
139851990
699844441
417307507
184193130
895967110
663960361
83550293
406280614
635815239
676118502
594386898
792654243
783508781
390999072
671323767
951440842
561366033
855030608
599257188
404538144
680809311
907194847
305719575
379240395
519688649
693159302
881920389
690194106
305198703
731154353
200231667
132580280
154053434
655528609
164502154
284365448
251570801
261424988
503304659
682106399
544368435
86136631
790367695
631639706
838308312
730707308
936377822
723403966
659366273
360987487
369967089
474362115
280266061
715422000
824842650
37217837
239315921
336487781
695401755
119583613
17392562
336600884
386551132
895602607
879482690
993725465
117880123
246907990
306964032
232240093
557289650
600042076
298428444
770835292
307480669
843067536
911056541
490253026
871777802
20940387
283286960
104970215
787092893
161521496
922385470
171111864
628461864
292411582
398290983
789556310
402806626
585878625
343922744
37434372
544406359
964376083
755761220
402735590
710283498
407944846
524609009
190808246
584137758
451456784
405552248
921360650
22525324
530386881
180113077
364019228
738336732
723737576
531396587
187681944
262382791
796291801
816978162
410042881
364239322
43973149
470629018
644582926
745801231
678741072
913145534
85545706
400913265
471618307
587856963
108993275
281728859
749697108
986597631
244803172
390100895
604981749
567998271
656926983
449733685
317723801
651794344
602466023
63560517
729248395
969153943
518759713
386345297
568819312
257291149
94668622
677006809
553058683
324073092
178592344
843441000
498586427
14134686
683241207
984629209
934723787
866462532
489802625
564003639
330982742
129257185
764336472
410535682
448470033
878581781
407754916
244021713
451034601
491220508
162149807
820608659
440537654
918387787
942148558
993917068
52590016
594067408
672347016
979851037
353336524
962557074
397580181
157212099
939453796
325090019
681611289
677332750
25612184
97829151
837497068
24917530
46523344
84357184
75648634
958375635
520244847
72362599
851398389
324171078
504821526
925920952
23430702
546693712
821940887
693815232
8334409
247122524
969579415
853542663
750612443
257808100
443656917
548563765
583198576
404274629
936521150
980040326
493777504
923908014
291936627
728184093
363783097
697895887
579640833
267940969
243035329
499218236
238707633
570418620
220696889
779971668
52225380
47179018
812515082
588252845
153755684
863049249
675939301
990291107
419560809
744174105
196843710
600203939
525869499
781448994
107492261
425587425
291393088
369063809
66880734
179134120
876865855
543939672
170665913
698334525
298484006
917966965
116381918
751735293
147498631
835533155
372809060
951210326
796380445
101219747
576809378
167087802
514665201
886592521
493151222
910236634
552432815
223489290
232605667
441215267
195702827
149437524
359842681
908936907
386556003
178955755
7167211
81577783
954712392
821226781
125840616
57504195
498512921
691707495
464603701
214308137
153309978
728536012
39329849
782382213
489741019
338146542
366439555
326872476
284683122
201068280
903300386
386557683
572119825
373123484
228598481
676936436
939668045
752281030
260583876
997992334
745266458
561801063
805785417
358270361
51323031
498967675
470995983
139864332
908418971
721116143
270219063
234165210
181758325
707918064
605192515
518167106
538451591
987713152
162914941
72915253
379117374
919666880
175199584
150951013
143657793
743049382
899214659
869329993
301762276
314523652
517859978
690523258
704639723
595638543
313105958
984720564
840276582
547279539
667219785
180522532
836247392
171231652
489778917
311383533
327238732
365095224
98784716
358017412
378949214
24240686
387246742
224048683
885687534
957914413
792784301
909081807
497887844
41172262
17436188
920211929
963841105
932142467
840196132
359120463
661059190
359592851
78029646
362446035
674126396
742344811
365340483
24847638
872374717
998171868
587029096
18066869
24480785
241889018
57941638
4698541
367004087
274994450
130144452
21993166
347598347
551738463
833470073
84027496
31204161
535626869
94444995
600094195
561829997
404335029
269977268
545296008
692340889
571089940
879371376
584877840
525628187
921734843
20415003
124549745
512547176
326206680
13806408
685991711
603432219
105148864
147954979
537741060
804324313
573710541
362273737
54262979
109909540
819920400
131476607
683943271
265270101
269705516
154700644
704807890
671468936
731133302
601676717
226776338
883956427
457984546
734102521
124274550
97098377
940263387
61351179
582059660
628461066
288542942
87925676
801990657
131479301
883543081
931990394
254287125
896722963
643650517
210745107
433062236
424905924
97644503
282006660
772800872
640574423
149579211
98597661
190429980
689341670
147881588
918555198
594383975
372301107
887161318
449666840
308751899
80647419
992863
178769498
917025118
838049862
458804045
940154264
484251863
743608342
719500142
182153449
216248662
597357520
117821599
163733703
159404803
136761833
983066177
358025562
433488225
175750306
755932233
189394781
218469022
698395230
618014813
814437391
138247297
158137252
704059062
524274367
788398186
755594138
819239416
412119980
244965419
974653663
34315385
655786534
753231856
216333200
222569870
265191976
760169836
454949109
106552978
807538819
634646992
206535221
569614478
120522431
429477506
21488822
240993380
971699448
873393678
343193803
227887375
315724908
699911713
136658509
15768156
371230159
492576260
578762908
961730097
757185396
893239348
760041381
865721695
616422121
358367198
635132708
589859233
131588226
835844703
647104589
339166829
394486840
742719189
171082941
590568374
150990599
491977725
806216205
729360765
311516769
202361908
2342992
298285433
593078716
7148761
320184620
246433984
770894395
656341921
412520795
160011625
891573432
368329496
311361069
228340218
372736311
122271133
726812484
756083688
87443854
299302595
259625402
31313004
964086487
321650964
415855559
704440279
597147655
461972569
428987335
998170236
57076742
746769258
780328277
77755396
254157900
571409320
440534197
211061759
524420050
88093979
948705605
911281753
896301567
637581254
982772129
143848288
304984708
168228118
830175891
172944181
458838660
404874403
39103811
131752399
942372826
542931218
336594528
180798095
310938970
713226111
480907654
310578963
783575200
19013907
286062722
197961123
129626563
505727460
960870905
692720637
413160100
108508316
889230748
577923395
16615962
372629110
677142316
585853272
156022916
124024181
801817522
239752583
63301216
155065713
455719965
428056747
451474391
615485943
961597934
514378929
745779958
326774974
783187263
935873612
507376222
170644887
213874634
451998903
612200485
599481745
484893205
705759989
155377294
392749319
750958450
502605445
398382212
82194975
546153536
898402342
784722860
332921823
543370389
511702811
72171124
381977169
511056440
5240
195773366
190500960
947591766
523261051
621904379
811771971
324155050
587841088
104076006
867106226
619024331
92891072
738751696
743998192
456681973
209406608
968719708
485844208
849426226
415904471
131992353
975128254
752615110
136056151
740251568
707634951
738006799
525835213
745178736
751787886
727244354
224465612
20223918
78340740
610391852
316292340
87519090
852624224
172889124
660951426
80658711
387989597
172051755
744893568
61302399
638237335
774301891
573750835
922265533
42635530
140440120
748555366
551671325
25409306
43145145
371466725
103365759
364114614
762379687
967967140
568381104
73388
242194729
1248888
866318906
577823568
139764519
375637241
253044704
519466537
371615101
607328616
833049000
340403903
39092088
969499497
402952735
487546514
835524217
987867685
565493825
947871949
145871216
965719110
428030264
612637320
313896262
266730693
955277277
284900352
796234123
971299767
47788445
525038648
307881695
368121797
681356697
870571086
802602909
206901614
876096188
337280269
377301546
218027665
933998644
757590356
453441221
603602465
714902192
131997176
664359182
534155583
909257329
858973555
710297403
559257626
624102975
335873979
93483280
228469869
273793251
162211665
713326949
66099887
781375067
319261802
944455060
888414881
661626175
175511248
888242039
376757422
619555001
961466751
679392855
375406431
812913058
513997141
157411664
872044822
222515299
977444872
124343685
173003911
547114019
272139175
167904605
966084972
726821990
142272943
180020995
199213148
954975993
594383053
707758399
610234637
566934858
339005571
886565674
233192051
662820791
301937163
151000762
948906752
799568191
155876918
299249091
857589735
726544063
342231127
56326174
353863993
968344386
283791053
106303458
60734738
445268809
673016626
164479455
62174227
675116194
311566540
634655621
855066017
995890500
258739550
784018753
894370541
247938891
507038558
73887970
442342083
460201013
189907460
678535386
265450872
784739134
410098943
583122781
960814508
304600228
616928037
943301957
46329234
536196272
308903169
468214651
949873201
600331766
798013766
862486661
34550334
345718565
198595600
607205794
294367554
644667604
740041551
349457572
234615128
772425058
469029231
309497852
315365413
252517437
109606728
575087171
63075628
493114567
60815459
600664676
486876450
