869622647
581557290
527298137
814818181
409781451
276176937
331496572
416391217
970523901
644737110
701766429
947154317
364889257
223142112
560035135
631155245
931757195
893219074
619836425
510345154
34133750
25900270
458727370
826005345
403259668
890232741
104314987
186837090
952403472
932824104
728054391
995471418
177639164
29198070
36486148
96346477
10529074
211871890
293392231
598172253
634306505
808781158
109663713
656681841
317458090
976644561
441073500
252731475
872440583
644526621
905560112
66658132
780605989
697003040
855479989
514936165
736834121
77699082
47448082
159983857
849968013
993159417
361289704
332171995
367443566
25432576
23717367
38346221
737906608
731757221
383858334
315516222
158478738
225386392
241029983
570960245
135898964
304006508
700464654
628474349
553264761
750177538
555063537
401703605
903376807
563926613
427364441
829629858
163943132
388790926
529780182
538379358
997418820
873551974
118244092
806866343
280223742
282363732
801150367
309880804
319377090
585677665
987810703
80318067
20511524
558409582
955190073
963711685
994465392
983582157
672339628
819312207
23873662
843047672
916404856
763783292
629886330
761858003
788607317
325288120
693043279
915868823
551108410
553519166
588511358
174603586
287857026
919616775
630731753
339394728
886391765
432685830
516235088
557436496
674193968
729740644
712218746
137002668
812085161
151747072
554551046
40850411
943791049
594052444
543786599
662203074
260132664
781535751
80114854
665894346
730559283
917761207
55023065
371851287
531145184
41261860
831461570
176680755
396401039
854870079
798276784
152814172
473796824
448149513
195650175
711002216
583183010
982672802
310268646
527058796
526991437
399510782
935349845
975992224
18932143
153039072
153418305
210448699
377118216
923545280
540471353
621388148
783647156
699404507
251906856
779715002
747374735
424242187
124753605
775889407
594343937
177169170
123483671
144541401
868004704
70626338
928489274
245103271
620478104
105672547
421147074
574872673
721041567
269270579
4321017
375429428
352946382
990243988
124632568
240171137
778146658
865721225
846971953
774682538
535042465
278290055
547063101
105408172
341081783
692326766
771900046
189805719
874094669
500062771
117207690
726255253
487067358
771997615
449326527
602833472
127199418
267342567
174400499
759024919
991420161
156582023
114332994
615440551
687471022
544259627
416227571
751898702
25008544
969802354
530196764
890630410
472290562
590254611
129513645
448172602
480067757
120934009
86976929
76691096
581386902
737344391
118415035
650015572
934240358
970064492
57043909
960529295
809360712
429060689
939152759
269655605
578701174
659286408
776873192
136850693
233800114
872737031
575964721
286116133
855037751
444332646
992910528
820697248
688158129
529066440
132621740
932406176
719704484
706099014
172752659
728757608
271300229
177196632
369244605
439283685
66017111
881978104
622339047
562293771
889138543
726474389
41038034
757275477
819850326
224212733
796259917
658021642
871604075
709833001
344865176
960233149
831481564
114757580
241832275
47338049
289319640
463820052
743593688
746907135
555590625
940074651
25802565
732319475
914316177
223321843
864270958
602457623
368620071
773928984
110860433
952348837
944996284
571150247
981471874
462216257
773559961
892279644
181650965
850453202
333873467
703596682
862915942
52228957
653289367
788265970
84981140
248246992
927151
818422978
104089335
445270149
711123200
553384811
526444189
205085327
982216732
837994527
199689233
772556392
402494302
96206234
419771861
21084889
56975097
634081140
576530124
905273186
422546031
487003179
234929254
973615001
358289880
984992214
783990894
680331679
495163741
539928710
365530699
194014217
687339855
914225706
572779995
867877129
607414882
287258122
408069865
826409431
446804582
512952594
171286893
655771351
70003638
225897158
496323750
263581814
357292155
354948109
827157339
338975580
187169128
241857770
258343466
714609353
839877523
283760665
970894772
750196339
967205306
190187816
933047382
508312886
409538261
562937110
681055781
403115515
579416977
303794924
345448137
921444015
155178016
162868420
608451971
2406810
510266318
230145722
972071733
905063215
166432487
79563202
500237096
639734392
834565108
720988691
344278133
531445362
190053807
103456391
541038907
374352935
256561058
798935310
25870731
473161614
978991383
278865823
209970592
721793556
229998365
122432067
369362607
649769155
71840079
6081607
848191534
119827300
979481477
673807106
894271564
926728462
934449341
453537669
194877405
712596330
426188694
25586683
178002101
929068338
34502191
343752893
878944275
792017258
797229185
705105622
231858231
972348405
330522302
940502060
151079592
217268206
708573771
361440945
284742995
161796355
185419953
958469912
552428192
761480329
664986097
914062211
909950534
50275634
936680483
31382240
164174748
506536706
268582134
849999177
766905291
922076557
61700870
202201778
226373082
88290564
261662637
5465963
548940699
764317918
292837115
161207917
262595706
979421956
142359186
995667797
548780925
540728673
382115485
239074731
402755688
933411779
199156756
773976991
959143917
235439244
473249496
527111352
638421788
180704071
41394205
983106166
841725372
18061179
578025828
338218542
767478243
835463421
104064795
981625530
438814664
638201972
68432833
578034514
763643069
562278930
803172805
279992546
994047440
537726046
486251516
150371553
883003073
589818110
819800650
505705071
826980736
622809426
201244576
360360146
649352688
986802395
523426334
590281149
836018931
843767178
419037446
358230777
757862804
689830739
657149110
529296144
523596913
577893879
278261202
781293111
267484069
713059167
640299520
361053702
861701614
447569883
960545836
651536026
869531153
35726264
512145408
364041807
59017994
694259220
182961226
510473455
770281312
958480767
789302519
956349568
642051897
467129582
505967669
879524460
990149679
584074132
320877249
266984067
614896727
234315034
406162066
47625596
3388485
682011056
98529069
287643923
707873729
426518051
542940613
234319327
927637619
633699912
941694485
545712721
481840112
39702298
84917087
107409606
101398679
23940275
295036152
589496699
587075496
611181049
394191682
221819772
699891254
426651406
658626419
451421625
915635470
755220790
870052026
819943965
784727943
718246551
286032046
692026237
117411025
507358831
551932915
415185081
894139282
794466830
114120512
613170806
415475363
176432770
414495936
146779981
951385222
107215669
944342574
74344325
335056318
509472528
357528733
115772875
250970963
252759782
312291732
923315635
116576977
849953121
459246425
699764601
175641816
593488775
910756170
208469383
470040199
816059955
758796991
27170171
938479803
114069315
831674278
959796724
422186273
510046776
651456652
196309900
910365298
910815127
656831531
555644318
892382175
383129934
603554175
46452944
222267145
90064052
19966809
858024737
421935261
396433780
136349802
792952391
196820582
843041074
726651722
839694578
521473501
165967600
382990662
456806400
308756726
751276544
137078090
751847491
114947285
682906042
393932284
382988910
955000135
29295312
170270613
646212186
179601343
505436052
182938914
238694671
210238494
391737514
456729969
996256161
710992566
243608287
28617353
537005953
358888246
762732311
758137213
123967604
51718680
264581520
286160318
773132281
677630706
314286754
990946524
133081517
321308003
79543885
667651369
574894325
765517780
7086398
195145034
221643511
481961974
282223080
698718652
301550523
760624303
403032577
559381017
523249676
106598487
97090120
368053062
924316632
100495993
641545863
160493772
476101833
331163867
901595632
965496581
558753064
189328132
630586918
942889653
824940780
322345234
932351149
246673691
287658732
928326923
874628292
241974505
368565997
752020266
889571924
264102037
143924647
479277679
860174671
151625793
515012673
391487362
179801736
955121514
231128252
629841682
305721854
182459094
270664
884873532
777079557
421207412
165889243
210081645
463321678
951543866
376705173
984781972
98103513
835032511
793187724
925635711
804438972
193699560
683639861
100140662
848943970
953207088
275640846
747149907
816164051
320220297
987337176
420852790
623911302
465063589
534197251
523375643
867692716
112173471
819027854
62491187
425767933
831452893
129204005
821561468
706243160
843741145
492386072
873927932
841463925
451381908
688976879
470232243
525074281
519141103
693062220
763715109
635237445
616302504
395200496
368431160
279200191
850724590
642157875
730058335
463980127
114203985
760218257
517165528
691492799
615279876
154742907
388317537
280695479
722048622
812201106
995472717
670699059
702949292
905285923
601718772
79597734
383777466
622813067
881360357
316455982
801541754
190294985
820788743
569422313
914314014
727780436
140227510
919492086
568122173
819979910
132338723
45579462
349025740
91579669
354616560
759199643
658511200
624441762
801177650
537411216
95527207
741044814
968558193
583207422
49870032
939089683
292503140
297520757
912787987
580032077
657969858
551701453
425869267
32057002
855273788
962186955
503430591
607060544
730144715
954812032
867981323
773551426
61674844
6102492
444557260
375192168
745214222
583657014
986540720
34478740
30317029
956843683
848869518
249334037
968711524
4802370
269032651
103299712
647605927
978013826
626110527
280228017
590925086
868148275
407978980
384892219
981397580
812248063
344653797
841289724
783704935
214130459
132918424
747681692
87530382
697776105
332078185
772088674
531871172
259241926
40072358
991982894
783584636
944208292
68641730
48557353
870574235
485417009
914954489
357934448
938939720
794016932
745676592
760822813
768276668
130654367
482812112
733692096
740290731
259226061
445499239
441052314
397452565
939554313
567401404
518075122
294222553
787025284
541773940
277927624
939955930
604282527
302813968
370050503
985961137
824089586
120479003
13929838
884647316
686995038
9546967
709302396
773347766
970011485
344280843
795450576
798652442
668514962
980835211
904097781
172970502
739058595
434620312
237560165
263950490
694261301
781227032
356750183
870812993
664514576
167019910
701513263
598386516
69974281
77193101
709277726
153187684
334755227
621951846
205130416
199908757
599595437
634787580
346900031
968394442
756926130
209756013
210891315
888869035
323648547
210444104
164185110
647836668
747647852
469568628
385933132
512629871
543404866
663740487
868214119
362429448
199780088
910052832
198212081
222649767
456698829
797571094
174595825
231667436
582603828
590667847
462969597
569882768
330452413
99057821
568953177
747205502
226793083
375627215
943707745
581840137
763167221
575396386
109001314
464918819
816105464
426070373
472845660
762452647
773387251
91840803
709398996
889777030
751256075
353252633
764430744
598128135
966646630
422417640
68118119
915877778
148549933
844831983
340489078
939214210
938117498
52601801
643853766
297249351
427977532
20653652
725188470
958900030
498148818
730886880
198644370
768523021
510626584
840109050
121076806
688318777
193226593
238821836
617866479
410318631
727120783
543545823
600965295
962217569
275841824
418876578
249017840
912528275
443943220
446626786
272230477
150021773
787482330
88549540
736229658
941955985
886673224
583300213
375338445
135344902
489485090
238055956
714331215
194968880
548268826
243827504
758243757
309882659
165181021
593711244
966448953
122037339
721932168
462376991
242019821
965269629
770533170
466621574
340077144
740558465
961930242
50440938
307023144
236681675
10788627
442351496
252485610
985835481
195516822
517957016
503321937
572937937
753957971
871630819
524194037
347992772
241820479
835367258
702446657
150312044
420711385
634958788
324946052
79161009
471030331
988104389
70576856
995474597
619014477
126585399
152290895
882738460
895245121
46753144
555713651
759685916
718268954
886806929
879443411
989891963
845775522
728246797
12758502
946040659
441957914
311234458
428768491
208514200
110382313
980381090
494745957
718770710
631079773
383098437
263489821
584636856
248568160
614254206
297950089
357187746
269488125
56078091
640989547
863910786
115794406
861133289
808544471
419412237
410902811
727886069
446106877
8678343
140892397
643727501
807645860
627914667
745600612
512431229
622770368
789695831
788269595
200915418
284939716
501574351
346880117
338569073
790767089
15595519
967990893
909846066
405577659
852476092
688562465
157723495
70673294
911619598
334309048
683000259
837209265
195092092
906519087
253013489
404844327
41776937
953754867
983786753
563876337
910312446
877684444
816386029
911078887
891730579
869097845
681956843
72691705
545441138
593414273
983867491
442396195
541198308
472832422
689484831
869745491
612045010
73099401
859788059
410577688
680658966
550295388
883396587
374785102
755203601
615821748
565963614
6312580
439243740
85721322
236910301
119378424
512690692
832612166
896198179
424710165
522790505
931106312
350902502
601562406
743450736
227366718
973498691
131592876
855706414
407866200
982801546
453361141
546077035
955481573
881772053
371555402
832115106
709016210
286110935
753686484
239263221
36874463
990979800
625392145
337645128
484025977
194726544
727369549
354884368
214762809
279474760
673404005
540273750
78092203
881371893
792521219
11783111
250436189
957937221
318691399
33667713
569074707
89873173
822785751
996201218
59641535
756221733
661166511
369679956
871382037
171821575
628414582
318981572
322751636
535065561
829803601
570054914
63428455
523526978
125580163
546361664
711245532
845702973
279761648
520737830
153434897
469647804
508935720
492631437
830106685
514609973
257183623
228949459
747231933
685140473
28942712
474124723
681402726
629089894
74900993
392263931
762010465
491322451
129157241
433741953
337195319
589786137
220631369
640735679
39196746
68859550
45866154
550046396
624769074
457503579
889084985
89143411
946615732
255142858
346507724
580876351
613684464
533220409
855311759
78973105
888361398
391759232
294181378
340610259
974376010
387207071
511580713
694802123
669407853
424394799
66924444
818616753
927783891
645639990
229362013
529315577
230616246
922791262
327927569
555615792
424074712
629082709
622987995
10903482
740417703
997478013
656578568
973830652
10576686
984208775
88494452
754527435
958916719
452565145
756208166
754269070
818258353
335423076
177414258
709942114
196000372
554051916
412835055
330264580
323296192
476362993
411557467
894488075
579222871
280871305
203976534
168078266
416579602
943178361
809891553
994085905
609636803
684769052
97564076
537214819
825403036
465452290
171453063
296681401
733274976
353444186
422349746
6260154
39985306
379068953
609079346
934616782
144438195
630818032
1170845
637594589
873151987
617731494
704495996
87233174
116364010
511974075
309037761
795710488
15730480
185943639
601450750
196290996
779445169
445477734
55301363
329978545
299636273
213325633
487148022
234372373
137622587
78039285
280303587
442430163
258837528
861083195
388433263
297175005
291465293
214483216
126462109
972963325
320960585
400778088
308812804
811992133
848838998
877434735
911416175
211841312
698060460
547522086
654365100
316597638
600030147
190996239
172863675
23506555
114030798
411254281
996357584
392236748
838565613
178472855
283226269
262043703
79766361
100113504
526715392
109227106
125841536
339518037
74934632
533827249
564105547
224270655
223051098
574423082
632525271
938274726
628342159
601082043
131074241
82314852
521762788
632263402
685027544
714952203
342776321
981277317
501303010
621406305
348318691
896940203
628557811
150073939
819638843
712128550
233476658
903104502
585508457
629527470
175417407
859123209
551452252
808745161
715962812
216733022
942359555
195771395
522787760
104710108
887568674
251259216
608643647
45835969
492996209
276971376
719783865
579678866
991216269
775868063
631307491
133286284
866272241
457486179
927128047
705746277
394697655
235182898
886760998
153114387
543285338
210862161
730868178
145244669
163757649
505925182
151715558
650374862
584526920
83385153
313240070
159224265
397115978
20163023
545689047
928755791
323686914
291865853
574292605
865456416
684251929
160488611
82811004
326909867
342853467
4271021
888991542
461881946
178855825
264031144
605924147
958057086
540136178
851216270
491347944
655332756
557216081
943419101
201420407
486916135
189179406
886117396
639523204
880556982
990831101
936690782
800663600
896556511
349204186
907062484
877707362
611112878
199808777
317395563
878130036
896741560
921827661
889871612
530330807
174914798
44218211
553934736
381956173
786005033
147938615
602710374
745850392
749739988
436374865
181747497
879202267
967604951
57388704
610391259
327765239
719904206
503388321
232976818
451280181
390903610
618785865
773560144
501961673
862556255
655822313
701311552
637768138
851989360
318818861
114951591
168689383
298543846
384796619
323751001
910887783
153594423
273423929
917385290
827500121
61799435
385577757
857781533
933732834
688415380
288784821
539766079
791130331
507960122
209817113
329658701
580804480
937352449
331593637
232491400
733127539
104890484
130420761
796314226
401409958
37778462
399855190
230939593
67042272
400204774
182414091
250932476
95159808
319012600
926763784
532837656
393412273
605334284
521914171
691376592
429116489
315645389
470242992
722756129
789398544
390141833
126768645
850248926
559943090
272818687
552308033
612805522
559927827
947387468
944450880
525369229
879581761
672218016
46991479
510896524
626706855
767705890
968514332
650642143
191666050
818831539
108375879
37216147
856125060
646365996
715197378
323364288
806625426
323052250
82400286
547219987
184519615
985121475
295812217
301147971
83443183
444196394
732576443
513985131
888297724
462647049
403142029
481938737
233557089
193627899
61822028
152112646
274550791
686902491
498068336
780851946
214254616
285319224
638300062
898533061
995395310
620629804
358565217
373391708
234198242
901490145
701745926
399439729
126371973
175965603
28818356
335250698
899574090
548837602
116544062
560077540
405711287
719839153
885451096
803489199
417818248
379625595
512195051
202896664
45549489
63294906
233748285
318920510
484297920
104184714
1442853
540952673
348306423
489926306
810384338
293408975
468280609
649852139
273935756
199049708
949298447
375892565
923874986
452263936
522761862
272198583
679607090
630353331
719773942
551220667
69112927
77151875
239808601
602038665
698037455
368358093
494590812
254415997
386305421
249160584
729057187
103831962
634381523
500534115
262916027
200767825
700140790
165545347
775709970
578463146
504987787
268060404
162100634
554187750
265302357
846357047
232913438
765554293
13842995
593351384
831720415
860469996
616953568
133180961
698580650
733478490
276281887
875372834
899114168
828014993
387325418
189992388
993544838
992153096
376804630
308135214
98680499
915699782
297073065
256246288
501336138
80907568
269424888
551084209
323871088
23930742
220875157
691184693
926224172
410371516
832245233
557077457
372852892
566703613
207242343
290050055
958604441
685712800
801467724
211359239
119292607
881363921
915334848
669790886
613222100
905133706
16156372
568259740
204879884
393446738
406162258
543003421
890877431
583686888
749872628
195541403
421021759
422654727
198999546
498278679
385512790
657737637
232039625
584916944
77832824
645474480
455492086
843564047
720324006
183642811
997657047
875189194
175129023
702672446
652548760
291760136
400202042
136793913
935352993
804868465
469015800
44907040
163938240
375406037
280850802
984159830
71182201
772578021
984298295
758920791
330994869
751968423
371967298
601544642
416837616
883728228
289796709
129723902
268344139
711469632
871258375
35798720
602718273
475774440
880489654
53876463
179563146
147022283
775418997
353470243
803714875
841489773
3588512
682214242
181923814
152120763
655711010
236673223
111380151
462964331
952552508
725118431
907873255
688012645
39560311
208494041
259348986
727346427
916474874
824590418
121527237
357241575
761247964
994755106
234306528
700052965
549128017
479582764
336590587
274809321
819799734
923878029
742568627
273540723
790158384
829288142
964147296
452492159
178997101
457494383
413000520
427345820
134119064
419754992
723826957
115054772
100162974
698360558
501840186
830663728
713252491
821023618
183685110
901617928
474667301
241056106
513334160
892896911
522194279
919397112
933071779
549555284
116590507
99759261
96912492
46774313
48326039
428416928
170854357
714120267
385195263
803212147
565076031
614828130
34030912
99674453
873104300
957221391
6999853
854311381
591820159
69414471
802476192
483182112
630384552
123124840
429712816
97917233
703050163
716234442
208540719
226544294
129655886
207346444
923251418
166358399
592088548
706492653
514799666
229838034
692687995
180374768
727419982
988266297
39567366
742849358
442247158
189698024
55529676
858889266
350617261
541230918
6450976
400395575
57443745
168915476
389967719
189981600
143656990
947968105
206694571
495460113
908969326
882701967
18390844
838735204
43087213
362351022
504079770
666368704
403317110
328931791
380145548
776656124
542909459
221307813
509769541
115435032
630874455
802344907
340837923
797662432
641830344
775173479
84554962
522891528
764232008
564375944
850950695
442792145
240183920
273802753
110357700
776966798
836268408
728762084
62441519
510626133
890716315
139149654
288024320
274537091
662996168
519543251
406742638
833175081
688310474
529054481
627218978
506471732
443298149
228451333
545429121
424363760
624996696
240698332
56323802
392720941
583332035
293922724
527703651
474970455
635401800
990538423
188664235
362268352
990369186
254549913
504738728
33312786
527160735
887846696
939901929
206988595
17808475
98917610
525321906
578063878
426129077
465516675
902750569
103126823
928179497
876457556
320350891
318444879
557420917
584637522
250023441
775132489
114045936
720185582
527722889
241609971
412855440
20030602
117348246
446606109
983605647
348029527
221499178
336558170
981772826
159547252
136984287
59387481
18110142
190272592
662797990
686280394
664165730
672925283
53938660
857838816
144896950
392870974
954117351
109888026
6172105
850365425
788669066
618961001
846260883
258326093
829157663
961103652
947426736
730962494
728258182
387310112
983432402
369359467
485459714
561687112
477878089
772078798
526289836
591610779
712576944
945550575
916624443
222297805
977585745
409781275
562179226
737410407
154323807
670660441
294720823
472775864
645725403
175990050
799018761
119368630
613204540
219860884
243006562
662718385
910050987
524533141
242309945
313492792
680816890
739049981
933896055
105280177
904721311
699856244
785520758
823820035
183241454
811692088
524290717
38103491
309742265
406570695
704670309
725136306
722151767
656859179
178578712
54851588
468147155
336800629
928483637
671247625
804132419
878883753
389688713
853982344
730532767
513435026
586391914
274142637
306153677
307980895
258027792
807407390
255134481
904495661
507746143
157760239
784282972
150433625
667679185
821602710
414670499
476362123
895709055
848213412
161779468
688274283
762500005
831564419
956480162
161746682
413557711
846815611
279026307
967727632
169253946
447750361
152552647
710832789
872087494
200448238
93111763
630437830
533934325
680683983
107129298
336723627
472075985
972674247
348044647
688104159
111128618
174320139
128668206
484690504
880609259
679602772
741982490
385019588
513935187
165436607
420125708
315491258
207278711
979777214
548418278
199892400
919062119
660291820
834819186
585614556
8398865
336028241
278919655
902929995
455403464
552090066
687433969
4450865
602791704
690826366
408704877
851584433
36840897
701197030
633136951
387089837
586571615
173952560
82958681
181336928
324615631
904319115
259096405
877622660
16266961
875632159
764179602
661145810
318681821
64047105
558847276
275687991
815635606
570424339
831842742
963003359
307740084
641850080
747137909
545485414
705688473
924353973
976744651
746151136
659174881
249859919
104237619
599118640
747990730
395246874
990166774
400467115
74611874
199488443
783052846
701389541
567692635
591163437
431509691
705704587
962267016
928572039
989049527
962842665
351978945
15269457
595464244
99452904
294127307
828881242
205851932
283550767
186407296
705314728
28049437
829635068
367335246
16387455
706143824
971426020
168317184
833593606
256039376
442681648
987402566
880835526
468100044
749821999
670331067
131721333
194804561
630168005
474242294
237381215
909491645
339374166
986683187
946859320
606073414
281011729
225314042
105448020
509983621
208284927
307673528
486364710
394399662
41282920
744379453
180835784
48966415
489760566
72727285
616821732
249768361
648663021
937709009
134299314
147501585
854846519
450143550
503547015
73894174
188261497
527980775
894725697
682716839
57552301
142050391
775252895
165478772
435513909
815711781
925412097
436860630
573397908
900354140
69214854
40523068
369171650
322262730
119550189
843935037
114160742
158424247
981913191
723953644
637489123
416785558
31525126
983172499
946584009
973884394
153543665
731556771
202810706
851505172
744091450
390541435
534419106
449099353
906379426
555077659
428461532
398275992
660989164
594840916
825374636
354869975
101958521
527998354
412758766
241563264
465051668
768155722
186993257
788214327
950351597
264203671
955416682
113634686
766030237
971222904
268558796
266611235
97466470
268209349
946071820
108478611
73188945
384680317
177814411
90589287
925166491
437288644
557365700
123439948
675448790
334877002
178461516
61303549
105818823
198683846
410205137
306125020
330947556
233992370
180269469
354441033
168994699
929024399
930604644
90374092
119397068
459131062
17630774
942532046
223601274
403099181
576842541
212112187
582749617
782814239
797103862
318106409
303401886
94889256
655468532
374012760
676565933
996030647
663187189
166876939
473637597
414163083
22125366
786633029
615479121
733505926
264504147
257496611
526906392
721679150
207210782
94338776
501022151
437662053
566332653
110916804
347591341
688608155
36271526
265205796
6303673
37640902
419652095
369407399
697860530
861177974
286661422
110266830
627110888
686305367
264155746
889610374
830088568
658910473
130956264
985100939
943595405
613703430
414701818
281670348
200319888
815912874
510904107
616020774
51626061
762715417
380698309
759151266
111926328
908734043
754681076
237998819
10963240
172428599
453874284
865874441
85620397
306157546
423548951
335583196
640077910
824254193
388004301
288549353
195597795
609882486
357491946
683371528
98560453
583002408
563421977
638066286
574241202
387820746
831278188
426607346
239839394
264302423
33253950
145426554
876667951
638871742
422568429
940290290
241117460
499920027
575630529
288576230
259440751
404758212
620498063
675432104
16682826
656061411
188512715
150638100
497047535
221438300
942564058
221048521
964157477
469761337
402396106
730623210
570399729
877017433
773143801
736642566
526881192
865063542
563463784
33229392
280259705
651194868
255280283
664047186
142990434
787423296
955379667
139520974
178099755
988456129
177954691
418776408
254248044
524780222
16991077
142637957
267957583
95681771
315033079
410046824
816425338
883624445
753788129
384039156
631475805
361581313
758633724
517001632
642460945
469807996
743636591
544940154
707267239
839824973
419142526
246900257
77171577
52101628
489191986
826121930
222629128
948510475
691099005
836740009
398577345
594705641
413079166
292395666
371267274
496577339
861591681
161292586
693821647
961220733
548433763
464587234
426391755
494200318
604588280
850721612
8853959
567457042
401539434
686357409
404441611
324301193
145396715
837637660
284293095
678868940
27548767
675759887
174196474
365415201
364741086
3841281
345203801
215512235
505952309
162694482
989649898
729713931
177664227
104872754
229172982
972095971
972175398
45877889
755598109
71485196
800769366
92772098
857672606
54241933
183662998
496109890
608811319
911133326
295516824
828324763
440878702
696879145
891923412
3026003
967202248
270344510
892666201
869111975
59886432
718569867
485938637
411851243
119748181
713395552
443776387
262998158
290662155
514979480
571743468
700453580
591527968
780361090
259182358
152160899
698657802
930121573
268181316
649477123
748245056
108254680
658043549
969119738
692674579
53908236
127653430
323389995
459403798
680224265
77724693
373220191
873259492
142861655
547022104
937903945
549471216
321518889
341260289
782154043
656098536
137315082
386131759
35632759
401029613
126173412
455431973
835012221
193928509
251606607
609786420
747791300
707585019
246750935
697218481
384977382
58213084
506216451
447171035
946922621
108798861
45955174
803773366
647176681
699812792
324163582
645269156
145014235
641128125
277171921
755002484
50724094
363152804
161967835
50466414
971847673
643614514
224856796
86876791
618260188
648772752
53462344
138171164
195053368
209960857
656330571
305602081
99934539
702259152
60534916
489151232
119489433
233506913
365815732
337021167
218588494
396731983
878386773
508205508
458102356
487399796
276664175
8284431
730570421
586767131
58403001
135428126
151990603
904787359
508440400
694250195
482137695
640988906
244036144
626038791
373975263
233348785
943684373
365310054
680174478
358225762
116676706
751398004
64983271
745042134
196071014
109025781
750734366
254947801
12869314
78265023
446355873
762978173
981243010
894152502
991590383
780807900
921989738
690818711
619454512
490349220
367604550
382434810
427869715
766830826
762706528
571909025
909308781
527575157
822276956
387157452
504547915
802911804
170597055
337417339
235009543
950230994
699782393
927379184
628403305
768034265
422205201
455659674
886211880
794877849
436727326
188935420
721163361
875208044
48102747
309123171
505345275
450257911
564243340
528994759
707235844
555160358
80988837
319819223
593489087
52585561
767678750
887740378
812493880
278250684
608445775
681641015
515471885
692825764
330760208
108555790
444127363
348957203
322212540
457839384
961918285
66008844
668912682
785811583
380799794
815996341
86855751
740755594
365167016
359756410
398395881
912897153
134573886
132753792
796262714
806445342
212985089
31777557
748043755
649230866
387100868
891685636
242900698
954331501
498121305
32531770
808875707
154113495
310578309
72019617
129868633
579385328
875927885
804849905
445199196
477706825
587794964
78084969
971670004
918858544
700980028
145107831
198102091
789885702
792479069
787922039
813299478
411706275
169669435
320871358
486957565
333048563
382912596
992119579
53017934
938000659
582789544
441140128
825282514
366995178
153495554
203384596
602204952
638775482
715575775
801913720
328893286
203421626
298984882
255932057
125325004
901257486
684822376
886399807
21829755
762094496
565706342
104569066
377656049
356464424
479293196
67327506
804460510
866464373
495049655
762141844
347941298
144296301
590057730
393701602
354754397
893064255
787092077
492759229
441212215
811006696
394444350
718657288
97458157
672181664
588147375
54099283
591379736
856865678
382905300
72169418
231144083
611767376
546086942
431993073
122735819
400444355
832405444
320333017
733696452
150541306
352298467
901344192
472772115
132216790
994142370
466015514
889059528
721151943
417251938
665590305
58765670
761238370
837927623
826337515
51968047
325616685
432618632
534125353
56999332
840001280
186765178
177019116
350579060
639250647
346938343
113959163
423207202
215278719
521511772
202626524
483629504
56441785
281609487
179396517
405324957
87304463
150577841
372865747
298660026
975078273
265321722
145029454
959339750
434168237
634929275
753905771
689414636
716055497
568709530
944836769
366661123
667628835
617305399
471966539
905116514
168321275
532049353
267113831
587958404
274196353
690452416
387976072
217626483
671939661
600401791
972156817
694793800
438646823
185272014
805430211
76552866
985218814
542757326
23670117
353376353
29695871
923369231
846677814
391633792
347172855
252028614
451623003
501432147
889387269
83043753
142053608
74080203
483507227
43677656
92007104
35183252
654471851
65716847
756442007
69529029
757538938
718024032
212898659
39711793
542668819
695158571
624724266
459539525
160383956
746543653
644791579
487446141
445293778
163693550
733202720
274122914
487974243
905555935
913374963
333561200
403806913
284329553
157679486
833130997
556987805
968285591
473959731
505759975
434982951
135883118
233432473
713476380
778297292
859115714
381070331
297213793
434988012
460910820
92862044
862997901
818888092
927013106
121234680
146636266
895672373
974928357
835037578
641382783
39881787
360976378
245994667
91146126
731976193
328197069
183918137
120080613
653377779
347996656
766228250
736187813
591437533
248527148
634921767
843284982
940453138
817835066
510672602
200264964
221232993
655733942
433080679
53985699
804609650
631954102
691761194
706973513
744169741
856830705
930585270
391952934
26688779
749240296
803386889
982379209
55825632
306024458
387945577
965160453
584615712
390603794
525835264
28271291
25578203
651223731
3987830
216866562
651162886
275794526
824071713
94197575
847008895
378148785
132560113
710363144
28630940
527401378
296700419
955049141
841434131
552480592
48755420
741370161
858268693
120774234
479290907
26114915
311677558
877918552
446100203
705819341
626312086
830018613
413819201
359715
897659769
539832085
321005709
315213857
951369691
941348854
809769562
856510881
374585291
497046071
81397894
512927834
473470647
738796645
830373305
794993797
810143823
6149605
866264531
397962282
598349636
675919662
910649231
48059416
368594248
540543877
133064513
747105191
762504457
133636409
874430142
605874686
544678478
450819783
408157403
894153396
6311329
15922349
587439644
275008868
864836208
997236523
946042246
121998856
472560390
773056716
980061259
34973023
796077004
305047926
611300717
188291047
985067702
729920259
470333741
683418425
541281260
533197578
490734506
380758658
703591379
793117565
620932471
342869793
283995827
811867532
359941198
347142570
829634293
940857672
97430112
291960154
611180537
357107376
361249558
452715459
412524556
129832105
287114441
513409194
13363631
819631423
578459915
426073713
187848459
836290838
332146438
41127929
168062310
952128397
277934574
420655757
883999209
398157261
509417143
68824517
189819829
632969209
48119584
969489256
925681196
502514574
836433633
14624603
882228247
646363648
608768030
774397819
971149056
666581812
799348699
201789338
232382231
103805213
237742808
460100631
797931369
611436530
540300126
755308719
569686009
742458370
439587906
20451880
291580765
691164822
868664040
474272103
126351776
190744733
597575730
775138193
424078885
717823985
22920239
296610686
231484732
432673950
526744293
849396002
534022943
672015518
130681107
730813904
437300653
666387369
909199335
447459610
884613973
817875678
386025147
61573668
335775424
93864428
545099098
572168364
116951379
182783272
379435483
182709706
424136757
137768162
920510812
210013008
797897322
872206821
248936926
248119202
818200413
861671338
175537003
120062897
507474887
145370050
333802586
512962755
730630140
45598437
912353525
368413074
690335997
147258179
158575906
156780269
866075793
650034377
632397888
259593060
359526822
915290401
427606285
585043244
3613507
519449201
887092266
695290833
652000558
239368142
587900571
802190316
801721234
321640683
440544996
194447670
690126197
20156478
114842224
18882074
192570220
996635467
406201041
53945302
650461658
395527493
298400603
877104368
273798887
232967672
106394033
948067767
686850280
509604859
7879277
443595513
551348402
261815107
969110380
585209509
412229932
855929185
759041715
602128766
268803039
359009885
632037421
613420963
475998454
886630217
65885558
398370205
636959306
747527260
854142105
471130883
972184243
143439281
962837989
552080184
401835337
502362427
159721558
410513862
825784214
58974487
619289595
186309247
798373227
429705332
627706955
117989706
971964037
368024444
970682039
355406416
191253458
862629502
485227773
341786555
32046914
656890530
711634662
686824425
227671113
323544238
624046236
494884475
41846011
686459619
297541176
889694340
551056316
523389634
486670937
555461604
214208920
405447794
498114924
356491313
488536898
391734501
742421456
458776777
164721054
778269581
669649719
443249778
170495164
241928520
417896103
712347175
483085260
674724722
775715141
486494600
432953558
899123363
206873914
710812056
510223529
11298107
894231442
521100872
627437239
461108530
483753665
933648437
409137221
562269671
213498276
437813413
566348554
550593489
514946852
272218258
487393557
785824286
648879977
523354806
983656918
778072689
560996409
897141148
985137702
464214956
624645265
938140690
864760408
342731038
970083630
3103026
107782272
474110586
748109277
830451056
776121080
469678866
245780809
341567886
459962511
725025201
923887617
216312986
264867925
886007852
316942253
842257372
447860769
333443545
837922496
883967710
842986457
901849306
684981993
342733438
210874954
726859534
639948698
211747407
297149295
177045848
912793214
34443744
407370479
694411150
655043594
515786898
308863236
487471973
329764506
477436991
85406418
574636768
898065456
813263369
760032252
127839729
524218715
435558222
503726335
726183521
169242689
410480368
82495811
606921673
846474717
461382781
625213328
48149355
130070525
816994830
243333024
311527475
546839509
465423186
290747693
904746841
944551932
45630608
896937358
810996413
912260427
381635704
456243749
263686800
138856780
432620908
957274172
312666422
36573144
695659178
320562987
79695986
852895463
358509169
556795669
822025799
270278281
2679020
639288563
711302013
485790021
127772053
564463135
516637386
748597780
865958275
71495850
110018960
863735725
905208590
647845240
116295314
714738698
123289153
935730162
822569472
902824652
152818012
312060261
221939003
496560030
924714345
986766614
728800786
44291239
857735089
745309720
555624318
89725274
703478313
7372996
318801778
848385059
741924138
309095193
308543007
288145339
945184166
606151949
701204501
816380421
587142328
252519186
889352018
68636768
734781738
407477016
330949632
123349237
334929909
222315912
875114887
600379235
855265292
263147894
251053689
806177682
844916842
948339199
25459310
804719040
238526222
121803851
798379117
883438137
538971073
243143334
902126380
710226014
684435998
252561847
400467108
251358428
212530496
20382849
823852774
431944242
232086727
792243007
254095762
770742821
776388726
350353266
788087586
818767089
646895282
346687123
161440536
860047445
918127436
675782667
558142708
221029588
394504923
748490457
912770272
960786978
195303107
471853553
589518654
728806264
876704821
231058557
651717988
423366969
822776135
401617339
11472909
662935284
586276279
93634726
257156323
606469277
758086556
565266778
247272505
8337874
213604454
397142269
651736898
311312633
333631460
354564722
40290951
87552068
985554302
931200478
859918357
476811992
375564553
680638110
814399225
802569840
262058037
115355293
339316892
749980222
631300606
586294574
370552454
453925450
554208002
511116890
38322127
842410265
264444349
913847300
204119874
570204995
764502794
941647282
74923023
982897128
635504425
596873875
462298294
380780948
935139279
281421681
192267133
985720098
864599587
828880435
535159729
360755030
946106366
867379939
416947115
656497372
585358732
438995563
972725156
61741854
261059222
698001889
16010987
704414454
8725486
704285573
356215883
359990924
826524734
517884765
564055780
488113505
49139296
478417945
236540218
660132922
174473762
395510815
655695103
327473265
533192174
181685921
842170168
520842001
819956936
557410810
305274138
491319781
994884039
3813527
10989200
339470281
864017465
120047023
227630413
647314061
656145766
355631666
436773484
741463771
126369273
146008653
375488407
399315376
54485135
286580637
668651625
418920024
630946041
924051810
660653378
974336856
595380628
236861951
702434784
241279151
266091092
454369969
321679475
213406599
362176587
7074506
430796545
336366773
826104891
872284244
316461162
539806205
141382183
563173631
622076405
803722041
172017478
97952025
535923629
108664331
391443143
316540555
927553590
511576928
980102768
99713136
357921985
504601179
570905857
942205414
768634477
984024705
175919026
939576760
323677849
342851387
873713550
963531383
448777556
53477388
844395793
678322792
83404854
118638964
426624348
46849042
71326090
145417300
648306300
406032261
605225994
486992659
331872976
863759326
151264257
392698292
313869438
400781042
796010944
805446190
27391515
174675264
470177445
955490541
593135963
957516493
538334210
279753875
223223476
194493195
189423287
655173739
430053287
677856058
904457108
339148242
567090089
85792307
866174769
113506571
505229334
946230241
201577662
33563073
487287912
109820025
545819465
91780396
547147636
10391650
372069979
474048682
289449888
525537653
582073451
700257881
347152959
88554419
343257534
152664174
160985107
273161707
439022101
62126519
617965456
539071474
890773163
979194581
334109981
560473338
359902322
607141490
780899468
92876855
149906517
555820028
405195192
746872943
344027836
881191466
545166338
863107221
346759298
929783315
74694249
942890228
874589191
98202175
816713809
356441318
966159599
541790467
526334770
836515854
214918052
807643747
713622132
39035457
292751310
641623206
678795539
127489253
124906042
112009628
277559127
730204715
710280409
905700868
144909168
601942704
361426237
815890525
747799169
433871038
786153611
407354925
920977138
90354842
437826119
692510435
643777779
898644766
229761596
678090766
401347560
953258129
212581267
603345972
89128629
917107103
518595402
561468968
48158743
200871201
981364502
370092880
25896803
34376008
936921981
568307921
658125050
564946371
415281158
11022006
528346935
661174905
98584828
260390049
560805213
836606606
3579045
883659544
329104822
677723432
679307026
527725084
597552554
361398827
509041481
940826663
426101234
408384136
820620591
324956487
225414448
420716106
493986948
763077541
868403079
74661457
842187279
677898306
125955244
901170799
374275855
397655294
233115258
27540322
190470522
486943249
300376856
579984466
628974798
199333183
451554015
344541390
586660833
272831369
669676755
600189883
324920087
637474752
899168833
21777086
446862130
57391414
824808965
544360599
122262080
553657328
219990731
398299850
453156732
530459649
848444417
488760022
827524417
207745145
200833951
394058320
322510492
319071636
971593494
583563611
194249407
652807407
902236416
736552724
237503428
4123918
972750127
383641187
204955345
463466669
935128960
757340662
17848157
156928238
524770117
706778398
656904879
623582773
530769696
290999141
533669642
210563661
470426956
254542392
918085620
865236908
347588111
17302471
923416030
627017166
76568537
408699194
169023228
154721
994437250
797261617
178767191
107194042
491511413
77450251
963452233
538096249
762219710
14606886
959680074
699366174
356976285
367373871
598918712
213299242
694192507
600748056
94892766
151952071
557896271
789089811
687222748
391099457
861348564
934242210
231031421
22661839
431848913
969697785
86345540
935359577
210500753
465062521
617550127
874520942
851349217
980516952
592107421
779027072
969529447
810190447
471738752
744600415
332701656
639573361
904863686
358941393
224429029
629618324
309649944
333693719
988678297
404582607
261323694
809719409
438010509
77910264
467643092
602862701
586134561
197266106
416371769
425000707
289792885
141497443
313741417
754594235
603320371
828892327
544665069
657262502
290979111
365061998
783064156
74359573
894971752
823825635
632498866
703779915
371460775
453309139
99615858
709654068
257884046
334053488
884288862
202357464
140141692
345182932
696745584
233192178
507661354
825398857
943378222
324647164
291770421
613720549
542577618
127886156
14886271
415407362
101356052
438496627
178249349
802225169
664639493
664998863
641406269
18096012
101070661
938192077
328067154
82889851
138765586
603996163
381299443
565219776
284987278
256306059
753610293
646292851
841884095
307257159
761267185
768478893
752947712
169030158
240320338
257769170
296815282
8449527
12838694
755663636
960081459
514220985
950831875
34473498
115080102
589125197
950792201
901175351
708350437
206013810
842043249
151471604
919164383
648066121
127713051
390765698
560071071
566288961
973876517
102085550
322955016
415388291
292750929
453331491
676325390
982155431
374415338
200301386
780842732
620461249
292845471
632350722
317829938
956138172
172632149
782402479
100774904
51152476
105537310
514859571
513331379
614245038
593311569
99369991
57897136
976843377
965522046
191915663
895105174
138539535
466084498
848327852
956708196
821563287
683471045
152214076
504007511
608050577
452379870
634199541
611961935
963009829
477432437
608918858
100829369
512248740
341615137
102851513
406119125
597958412
50785113
308293986
929622185
499292015
138054279
318902085
782432463
745295264
363514492
287374574
925503472
896652655
602601302
46664581
908159938
511250138
571498386
839653901
178511982
247866433
584362664
405123957
560374298
126428074
20082298
642367542
721831437
509965274
243045443
746000136
503235210
166737272
957342376
771545026
4072925
455374144
837591038
159522433
316236629
528985206
520364391
540167568
930519954
575597239
158187261
203287707
961375808
274451507
390515512
599746731
451351902
940537921
139252893
680561836
34156555
551816836
812144716
751081888
856281811
960430491
563085947
994115093
852198469
73273953
728172710
671515347
697650640
474785326
687317568
761464199
368301796
46549553
426377448
238025419
461418627
958383417
462479628
973191311
274088047
77997259
342102933
65394052
571727998
454458856
654244353
498498514
776390963
212212926
823207682
103787093
181864536
230034410
28443062
348920729
920065235
848480808
85705326
708925280
724037130
504623150
200283119
208528159
27932865
567513716
526833295
434411646
718025637
407435888
141006861
3096996
340557995
367720130
839153456
581859503
584436143
699788706
650806879
402517858
250539912
467137798
110822849
603158460
751848228
279754248
110879589
886485396
238858643
490992462
899103060
432948962
744484245
337027781
655284220
713749762
795156853
297299642
635071359
747955699
968631981
761323710
858252444
880643475
340859880
233380806
568395573
635006925
541360088
529312093
613323964
425967872
916449300
663434902
475227498
45499543
688745888
631232503
243764847
958489701
639657115
333618004
98138709
940158824
712135396
911848742
415476365
917211977
637326369
729002731
453375327
612991452
54084044
928754834
571563591
752588889
198956182
481400048
964153810
12787522
388038695
622889778
426339149
689500955
985936635
758649206
273050901
459928766
537713127
813373512
618603139
844758045
882130622
577408159
546525062
984156470
226934526
384813802
100954001
795257686
203918338
217030314
469015617
592576809
547330048
780057490
952435515
214594213
528557009
940233747
929438554
120629404
688430836
40282964
511806644
345233387
180457931
858860150
566133059
91503681
468108698
952813201
281756805
697247737
584186416
258062589
840936322
249030748
600915195
367974826
880172925
217403022
137972839
98615054
76417364
13088310
855063002
562519068
258627041
887943728
179433223
49302349
523188236
498343880
26564653
106450772
299851389
13598365
976431126
268308871
917668921
929964353
564549956
869424776
326778687
218579442
842528234
17505080
387850350
700082396
956780712
592839461
870368009
240079136
150737736
99307913
988641420
807039135
799560997
888356642
817478307
935295272
189943878
886151106
438416624
484279746
812790878
12582487
116237064
2725748
377604060
410362993
299700052
336662668
868214117
962140148
138168082
247413684
576152785
486498875
855476782
871259740
875886667
621681145
578591045
756017463
318253074
243419605
691868883
374357010
333941289
97029084
869575109
405731084
817368394
610381534
954457564
320349311
974196025
669217352
385531225
37333965
206944875
585461724
689883902
822844155
14251532
206785677
165223790
785304632
485367373
970789882
231080851
125813340
267658829
311432335
846272363
132620287
764308743
497728723
950849808
290085362
953276729
630069409
10711049
143938505
574035511
344800223
237638572
41700890
997509673
335817518
431546728
744805793
106360478
751013603
621399191
236654085
759518162
574596040
34105420
701882996
476192489
841994855
440668475
44823077
343474925
102067360
577165655
625582253
255759779
873415038
874699770
510855074
811711879
644335502
489176358
263346736
317293109
442153794
146513106
922553196
995156939
968396960
389170669
477516323
955467868
74448351
296200444
323970944
242012585
359542848
372866292
986163173
579030449
804982654
267458820
786517778
646807284
539167818
322320356
182272095
310746139
358424791
604205970
841335574
271607811
144672370
705378139
65608143
718077654
386556632
882354317
175899058
621840548
376866809
851313254
399435887
875145130
105742776
374952300
370711852
751291759
617594408
875063487
861036518
458853747
904439759
348148189
12665066
982444850
975961418
826243826
340173228
284455292
621763516
896869467
717732520
213198838
194001590
228578957
556178312
184910353
79394285
779472171
340375305
129132891
870794909
439136787
185841789
842170225
420464717
764794394
426790229
143242549
783345614
993232781
471125024
379911281
166866416
484164011
993058265
178323672
750377431
760332928
986704575
962016116
662408489
686072132
240181413
511290531
185963995
571974157
666094105
727021528
185411592
775962415
485212304
935817184
932654435
839909147
297517081
524563271
478029539
970919824
