98886351
603465530
89009241
429037517
934393909
174446452
674255227
930624508
645936692
456138440
256570106
451386970
915424428
263317844
541682996
520612413
575847363
170627266
509330668
530452866
671398287
263715488
3065371
408023460
487115526
722986112
252978716
332531926
40378300
972906130
879349542
583504446
731575845
525199623
66123227
455267633
164702952
323524892
572548176
296198229
231853624
151591346
148640338
19723943
15221252
63275204
31175896
558155762
