549686307
341371089
476550707
162328551
429630746
286780987
777193427
922039732
853756053
281387437
569937398
874381917
397584923
298351326
65574387
566279452
318050774
51701277
190600371
672748927
514924069
646016294
403731647
742430770
523983343
964011993
28771726
413193161
929328017
829860470
904299912
274701296
456949839
661502097
894850009
787776507
932863093
889480579
312615541
884553589
739677563
14200229
325919663
878666288
895589152
96101216
876930164
501048102
561582239
747941152
481956439
458933622
764408478
302200131
707580247
798339302
853315438
256331341
729264425
1663560
117146165
941578602
522708144
806431471
601721687
488347028
457014542
500487696
526653214
308622926
816680786
564538960
476052511
559673772
356429977
565770153
256736795
901839499
994869364
52647468
819207709
539881621
523805603
376906105
691158185
928766288
538201473
56246166
238548515
513785452
405902817
463135136
191378404
339809205
953794609
632639116
399029206
331700155
689761894
235665499
529826887
298185195
464087609
968035135
805839599
270888873
708271603
345867677
627904185
605215604
611517381
207371359
671779482
364283440
613389080
990472462
275781066
768441909
281217436
843933407
353337932
856626727
56123719
332517577
908726552
58602265
797335613
837012052
8060022
704233775
927317288
410327398
504014234
156637374
59233353
952032873
170101033
387407830
121322749
831646102
335479939
104617778
669190811
757016076
782094199
520023173
916676918
475555267
153870310
745716311
93853521
304294253
930582455
543680291
697292482
101609115
407255335
178879156
684283549
495869878
397872222
471501702
156237208
718996724
349865930
985343120
704672074
6719274
522011125
19569587
960140175
591942899
467451580
943985053
548896966
864832657
504068330
3449070
76776376
902978931
839860010
472817461
997667982
576722314
844997443
79019248
366691834
289318410
23986522
933213327
451488448
538056709
766371740
419805702
612748887
426978786
39830442
314774484
381251932
341322411
487292404
663872892
820288068
198779932
960840741
438019797
438269121
636222433
452502442
52645179
345712786
162801514
906198904
371376752
299974196
852420597
854536085
883673456
251652018
536841975
631454832
441760601
644981185
691287222
369710167
674240840
977838556
940510057
159517806
730244803
77925544
303465008
220851715
793669063
356301885
762748467
264538991
617332310
50710426
870243124
166832244
362690846
439190572
975727157
284463016
343164562
98120091
517048169
222585940
471064032
802948704
595613487
983924633
309222109
13802364
122102437
695742673
615830174
282549799
5150773
852716188
681038869
494928398
216895164
863410885
569894667
471687242
142473658
924690826
175862098
589379583
314850696
829320008
83326953
472800763
624601814
287594370
187052505
481275372
814899569
209908067
715706802
504293031
648194684
521757167
15990218
150281916
328040157
404967378
230772685
122865725
67618616
412068609
620663592
498861537
764240309
626137048
991871855
952058457
744654660
214170192
801767478
596542363
233547910
572602825
552901782
533276194
675529830
669365485
492548250
487721674
634222826
201928584
16590217
404362511
548683430
525914258
163003100
636826094
914921946
935333884
91366256
46833501
965591143
386608678
211907805
202443492
902069300
471862106
100811993
597801990
285686952
750433703
459643365
198715017
912866127
644020269
789604015
751587422
995394621
75487788
466236967
164320253
260502009
925192692
777827181
581524562
675562111
834474927
785590516
876043858
33717457
380335408
92194983
476437254
991019935
656906259
517495195
219670372
380949817
769918658
696386199
899519807
96350620
120201976
111283891
101830833
797619489
495292288
769004414
873113569
490244557
762607214
340117852
765197138
297199160
520397820
316631162
299331771
995394682
349874585
922684575
714012717
753623923
173926365
839984086
88700191
65077783
915182475
189470299
267800817
368257135
948994995
414162566
468462443
913114033
659684628
653303980
84992513
217520655
499363553
962036868
213781218
792440465
472094062
967651053
21699372
933676152
172290258
224790535
402556708
719974230
76748353
392495575
424278064
731926391
807780784
922544464
299570767
592320675
789095682
154971154
301285893
433384483
648692942
698303127
202908157
524930211
905061788
337202009
284194104
811142498
700131659
839676576
82984395
121191447
148111539
835731066
490092252
