412867966
192044647
938926661
388771904
940053595
257186736
16988703
795071668
84379819
741542160
449899722
51947029
483239871
753389301
79539847
230456072
115307447
249422603
357955120
481992737
730695448
661988272
386027042
124779278
961617512
532092632
806207013
702150907
677415841
912897667
384451488
994876224
923065627
737071266
554822754
632321831
540302714
198657193
612993978
584569329
900275822
587517839
364730812
233563654
464623252
915142644
87919185
246628281
808516225
209374052
665601320
601029912
715435936
812874858
719383498
869363623
513032600
813825583
929317929
482758142
590820318
632732261
9835415
195745224
294648357
922844744
997032179
452034961
981239350
355388392
751720547
706191948
805886947
365728468
545552546
883863162
77888228
700633142
666452865
6398086
641968304
931817576
38636297
861880572
511776173
555618177
974793338
918153071
441448568
91691501
707096408
847423087
10203234
779296624
21475925
78615246
404668846
151923287
368445042
396541916
744351947
494773724
512427374
379674181
228351759
579144204
640489617
389246908
361749575
833424703
493867082
35353291
117661816
143726115
947812529
954985998
576213998
110696963
880992819
946175359
248546710
259085046
11316360
544135911
518394688
952714677
371117047
587003937
670555952
755541645
696962877
164985709
514351536
779800829
108041202
987082335
414491281
169677321
116144554
621916961
535766872
904037594
570288203
60356149
483656559
379799563
340720094
392799358
258960643
516476836
483890831
846371253
192157558
893683341
715660136
399836403
799385945
208208174
144276743
47157921
630884743
779031856
794194636
640759590
696244269
838092258
664826313
745159763
810099700
928868912
810644083
297524082
291395569
856341997
614347662
157241867
594732313
323151289
66213909
791400584
760076213
413614079
391990689
793957544
226635809
469052279
2764545
562288102
341005518
427424463
942147036
348873970
70576148
837470840
958727238
671391521
104664935
488010135
153289886
936212507
855645681
665896183
801513124
81390304
570941930
221900073
749466462
728857929
317852396
534465870
12556439
661806895
116295486
235450715
226105590
937204781
111892724
100487356
891953661
114630517
66623314
776918970
57201084
55669100
799834439
493055278
171391814
354689893
868154550
344471276
478340138
835503777
967202614
168839127
796166598
127187296
462902585
803235222
305553514
100975135
856857404
581197227
421215593
722979957
545351557
910552496
300064473
845788179
165611063
123250776
222139597
928856256
391411820
482285618
63651392
659607755
222564267
413163706
78797836
478756140
86468688
146267586
972036731
849635707
152980491
917890619
818253296
635292446
388231279
930922482
531334759
701763129
944348332
132148215
614865394
19749925
537725142
778981603
942150083
140187458
137397400
513656931
668981416
988130599
504159164
135630652
678328576
629729896
794706714
940706687
683545492
423545821
47999566
234780803
83330216
703652232
499272578
553221576
114284058
357218142
685358709
961869661
83043814
744738471
554270932
395830674
6947796
239010009
767670544
402431352
148188456
408660581
325012429
298130792
155036404
519570905
1544048
485724883
606759330
26404275
190343385
404823975
910054400
468815825
561855816
431614734
759823697
55497652
362418589
534478231
782431342
763088260
83540387
343563232
423898377
68293243
455986912
477697313
65757873
896609776
767262058
25460479
32566321
430699192
611160145
729621802
223456987
288832714
97438375
936483913
602250523
993514109
944028567
894194977
461619716
614147576
873353071
855730307
692960853
155966257
509352881
2741511
149564234
715940732
76754744
589656717
854251235
636508338
721757806
512228863
162351272
632640021
787634803
975982522
813374905
437473479
59039408
951001706
135989909
867299101
861017018
562542239
724871614
77292075
758995431
668345867
721693543
454364580
461261928
606870240
209480239
151074169
796280130
645273890
230465980
225488617
625675840
593732261
658226239
949020881
496609508
775461011
709033830
25491003
511474065
129262490
853339961
99251015
809232516
898440102
678967906
543230654
593348136
705056714
842438074
920270249
623569267
479007758
702689973
687116892
352864220
89076635
125998109
243606227
791587553
731756378
867686101
547949902
683523518
86426497
91662367
510206732
187210360
765936115
808964997
311242448
931769153
73349722
521801941
307005078
357559306
929280766
710685242
943832514
590201895
181575297
192096707
136811012
683815942
897193060
388158296
477989324
5840627
129850942
113194651
629210209
913868409
586443340
209048381
491232348
232785753
823077887
572026229
77791043
878324335
567593904
354375609
596120027
148956249
218422577
64411773
540187881
920104263
609820877
52996579
11557376
31097051
256865846
5144386
908642368
299772822
561879867
128067784
441188441
690659108
517106954
581476527
913214088
14843626
