2000 933 12
1 2 0
2 3 0
3 4 0
3 5 0
1 6 0
4 7 0
3 8 0
7 9 0
4 10 0
5 11 0
6 12 0
2 13 0
9 14 0
8 15 0
8 16 0
8 17 0
8 18 0
10 19 0
4 20 0
8 21 0
18 22 0
16 23 0
21 24 0
17 25 0
7 26 0
26 27 0
23 28 0
11 29 0
5 30 0
29 31 0
28 32 0
12 33 0
8 34 0
27 35 0
27 36 0
23 37 0
26 38 0
18 39 0
33 40 0
34 41 0
24 42 0
36 43 0
31 44 0
22 45 0
40 46 0
44 47 0
33 48 0
33 49 0
43 50 0
40 51 0
43 52 0
50 53 0
45 54 0
36 55 0
51 56 0
36 57 0
51 58 0
56 59 0
41 60 0
58 61 0
34 62 0
54 63 0
41 64 0
64 65 0
49 66 0
56 67 0
67 68 0
68 69 0
52 70 0
57 71 0
42 72 0
50 73 0
51 74 0
73 75 0
55 76 0
66 77 0
51 78 0
64 79 0
79 80 0
51 81 0
57 82 0
53 83 0
72 84 0
77 85 0
64 86 0
83 87 0
77 88 0
70 89 0
81 90 0
77 91 0
67 92 0
66 93 0
70 94 0
70 95 0
95 96 0
73 97 0
80 98 0
90 99 0
93 100 0
82 101 0
96 102 0
79 103 0
78 104 0
78 105 0
100 106 0
84 107 0
91 108 0
106 109 0
90 110 0
97 111 0
91 112 0
100 113 0
90 114 0
103 115 0
111 116 0
114 117 0
101 118 0
92 119 0
105 120 0
109 121 0
104 122 0
97 123 0
107 124 0
124 125 0
106 126 0
119 127 0
98 128 0
116 129 0
128 130 0
115 131 0
114 132 0
121 133 0
111 134 0
123 135 0
127 136 0
132 137 0
132 138 0
109 139 0
121 140 0
126 141 0
121 142 0
141 143 0
141 144 0
133 145 0
139 146 0
135 147 0
145 148 0
148 149 0
133 150 0
147 151 0
126 152 0
128 153 0
147 154 0
146 155 0
126 156 0
132 157 0
147 158 0
134 159 0
138 160 0
148 161 0
153 162 0
135 163 0
138 164 0
151 165 0
150 166 0
148 167 0
148 168 0
139 169 0
161 170 0
169 171 0
157 172 0
157 173 0
159 174 0
154 175 0
151 176 0
161 177 0
165 178 0
158 179 0
163 180 0
177 181 0
165 182 0
153 183 0
181 184 0
175 185 0
171 186 0
174 187 0
185 188 0
177 189 0
188 190 0
167 191 0
172 192 0
183 193 0
190 194 0
168 195 0
171 196 0
189 197 0
197 198 0
178 199 0
194 200 0
182 201 0
195 202 0
183 203 0
187 204 0
181 205 0
188 206 0
193 207 0
197 208 0
194 209 0
186 210 0
183 211 0
199 212 0
189 213 0
197 214 0
203 215 0
210 216 0
203 217 0
211 218 0
215 219 0
205 220 0
204 221 0
197 222 0
200 223 0
202 224 0
207 225 0
211 226 0
213 227 0
198 228 0
221 229 0
208 230 0
224 231 0
224 232 0
230 233 0
220 234 0
220 235 0
226 236 0
230 237 0
234 238 0
218 239 0
221 240 0
222 241 0
230 242 0
226 243 0
232 244 0
241 245 0
226 246 0
246 247 0
245 248 0
221 249 0
227 250 0
247 251 0
244 252 0
226 253 0
242 254 0
227 255 0
232 256 0
245 257 0
248 258 0
233 259 0
253 260 0
242 261 0
237 262 0
246 263 0
252 264 0
256 265 0
263 266 0
260 267 0
266 268 0
244 269 0
259 270 0
258 271 0
269 272 0
266 273 0
266 274 0
273 275 0
265 276 0
257 277 0
266 278 0
274 279 0
251 280 0
251 281 0
259 282 0
280 283 0
257 284 0
279 285 0
277 286 0
261 287 0
276 288 0
280 289 0
264 290 0
278 291 0
276 292 0
292 293 0
273 294 0
269 295 0
295 296 0
271 297 0
290 298 0
289 299 0
298 300 0
296 301 0
296 302 0
291 303 0
293 304 0
286 305 0
299 306 0
288 307 0
288 308 0
285 309 0
301 310 0
284 311 0
311 312 0
287 313 0
292 314 0
296 315 0
306 316 0
316 317 0
289 318 0
310 319 0
295 320 0
309 321 0
311 322 0
294 323 0
299 324 0
303 325 0
297 326 0
326 327 0
323 328 0
299 329 0
309 330 0
305 331 0
316 332 0
326 333 0
314 334 0
325 335 0
313 336 0
328 337 0
315 338 0
315 339 0
329 340 0
318 341 0
322 342 0
318 343 0
340 344 0
336 345 0
332 346 0
346 347 0
320 348 0
321 349 0
336 350 0
330 351 0
336 352 0
325 353 0
341 354 0
349 355 0
342 356 0
333 357 0
332 358 0
356 359 0
339 360 0
354 361 0
358 362 0
339 363 0
346 364 0
361 365 0
353 366 0
339 367 0
367 368 0
360 369 0
365 370 0
341 371 0
357 372 0
365 373 0
349 374 0
372 375 0
363 376 0
357 377 0
369 378 0
352 379 0
358 380 0
374 381 0
352 382 0
365 383 0
357 384 0
369 385 0
382 386 0
361 387 0
385 388 0
380 389 0
363 390 0
367 391 0
366 392 0
368 393 0
368 394 0
378 395 0
385 396 0
379 397 0
396 398 0
380 399 0
370 400 0
375 401 0
397 402 0
393 403 0
395 404 0
404 405 0
384 406 0
387 407 0
391 408 0
386 409 0
382 410 0
394 411 0
390 412 0
404 413 0
402 414 0
414 415 0
415 416 0
389 417 0
388 418 0
400 419 0
398 420 0
417 421 0
407 422 0
399 423 0
411 424 0
419 425 0
421 426 0
397 427 0
398 428 0
400 429 0
426 430 0
413 431 0
417 432 0
412 433 0
420 434 0
408 435 0
416 436 0
422 437 0
409 438 0
411 439 0
425 440 0
414 441 0
418 442 0
414 443 0
414 444 0
439 445 0
429 446 0
426 447 0
429 448 0
441 449 0
440 450 0
436 451 0
428 452 0
446 453 0
428 454 0
426 455 0
453 456 0
454 457 0
456 458 0
430 459 0
449 460 0
450 461 0
434 462 0
460 463 0
463 464 0
456 465 0
456 466 0
465 467 0
466 468 0
451 469 0
448 470 0
446 471 0
466 472 0
470 473 0
471 474 0
458 475 0
469 476 0
449 477 0
452 478 0
477 479 0
466 480 0
480 481 0
469 482 0
479 483 0
464 484 0
457 485 0
485 486 0
472 487 0
473 488 0
466 489 0
489 490 0
466 491 0
484 492 0
486 493 0
479 494 0
469 495 0
480 496 0
484 497 0
474 498 0
493 499 0
478 500 0
472 501 0
491 502 0
482 503 0
494 504 0
487 505 0
490 506 0
487 507 0
480 508 0
485 509 0
481 510 0
483 511 0
493 512 0
498 513 0
513 514 0
492 515 0
515 516 0
513 517 0
515 518 0
492 519 0
490 520 0
497 521 0
521 522 0
521 523 0
502 524 0
503 525 0
521 526 0
523 527 0
506 528 0
513 529 0
515 530 0
529 531 0
526 532 0
522 533 0
527 534 0
515 535 0
521 536 0
507 537 0
528 538 0
538 539 0
517 540 0
519 541 0
541 542 0
537 543 0
528 544 0
539 545 0
541 546 0
534 547 0
534 548 0
529 549 0
537 550 0
526 551 0
526 552 0
542 553 0
533 554 0
546 555 0
529 556 0
551 557 0
535 558 0
557 559 0
534 560 0
560 561 0
538 562 0
554 563 0
540 564 0
560 565 0
563 566 0
543 567 0
561 568 0
549 569 0
559 570 0
569 571 0
549 572 0
557 573 0
546 574 0
549 575 0
551 576 0
560 577 0
555 578 0
549 579 0
553 580 0
551 581 0
568 582 0
561 583 0
559 584 0
572 585 0
580 586 0
570 587 0
583 588 0
572 589 0
564 590 0
578 591 0
570 592 0
592 593 0
585 594 0
589 595 0
570 596 0
579 597 0
597 598 0
597 599 0
585 600 0
592 601 0
574 602 0
592 603 0
577 604 0
576 605 0
605 606 0
580 607 0
582 608 0
604 609 0
582 610 0
609 611 0
610 612 0
586 613 0
588 614 0
587 615 0
606 616 0
611 617 0
590 618 0
611 619 0
597 620 0
608 621 0
606 622 0
612 623 0
610 624 0
617 625 0
617 626 0
610 627 0
615 628 0
624 629 0
600 630 0
630 631 0
624 632 0
626 633 0
615 634 0
618 635 0
609 636 0
615 637 0
626 638 0
631 639 0
635 640 0
627 641 0
633 642 0
632 643 0
626 644 0
632 645 0
621 646 0
618 647 0
637 648 0
644 649 0
632 650 0
624 651 0
637 652 0
643 653 0
629 654 0
647 655 0
630 656 0
636 657 0
637 658 0
629 659 0
657 660 0
646 661 0
659 662 0
636 663 0
638 664 0
643 665 0
642 666 0
654 667 0
661 668 0
665 669 0
648 670 0
644 671 0
665 672 0
668 673 0
646 674 0
652 675 0
663 676 0
666 677 0
659 678 0
656 679 0
662 680 0
656 681 0
681 682 0
663 683 0
663 684 0
660 685 0
666 686 0
680 687 0
662 688 0
679 689 0
675 690 0
684 691 0
683 692 0
676 693 0
671 694 0
689 695 0
682 696 0
681 697 0
690 698 0
675 699 0
679 700 0
690 701 0
673 702 0
692 703 0
678 704 0
688 705 0
697 706 0
696 707 0
697 708 0
679 709 0
690 710 0
688 711 0
686 712 0
698 713 0
705 714 0
707 715 0
714 716 0
702 717 0
704 718 0
699 719 0
693 720 0
696 721 0
694 722 0
718 723 0
704 724 0
706 725 0
721 726 0
714 727 0
707 728 0
704 729 0
713 730 0
728 731 0
710 732 0
705 733 0
716 734 0
731 735 0
712 736 0
714 737 0
722 738 0
733 739 0
723 740 0
718 741 0
734 742 0
725 743 0
728 744 0
742 745 0
745 746 0
743 747 0
744 748 0
739 749 0
734 750 0
721 751 0
724 752 0
749 753 0
748 754 0
730 755 0
755 756 0
727 757 0
731 758 0
746 759 0
753 760 0
750 761 0
751 762 0
760 763 0
759 764 0
740 765 0
762 766 0
751 767 0
738 768 0
755 769 0
766 770 0
759 771 0
757 772 0
758 773 0
757 774 0
772 775 0
759 776 0
752 777 0
755 778 0
754 779 0
751 780 0
763 781 0
760 782 0
764 783 0
778 784 0
765 785 0
756 786 0
785 787 0
785 788 0
779 789 0
762 790 0
770 791 0
779 792 0
770 793 0
792 794 0
787 795 0
779 796 0
783 797 0
793 798 0
788 799 0
789 800 0
799 801 0
785 802 0
790 803 0
800 804 0
789 805 0
805 806 0
777 807 0
786 808 0
787 809 0
794 810 0
810 811 0
785 812 0
798 813 0
803 814 0
807 815 0
809 816 0
790 817 0
798 818 0
815 819 0
816 820 0
799 821 0
796 822 0
795 823 0
817 824 0
810 825 0
825 826 0
822 827 0
803 828 0
823 829 0
802 830 0
815 831 0
831 832 0
813 833 0
812 834 0
819 835 0
822 836 0
817 837 0
816 838 0
825 839 0
836 840 0
812 841 0
838 842 0
835 843 0
824 844 0
835 845 0
833 846 0
818 847 0
846 848 0
833 849 0
830 850 0
847 851 0
830 852 0
829 853 0
852 854 0
846 855 0
844 856 0
829 857 0
828 858 0
838 859 0
833 860 0
851 861 0
847 862 0
858 863 0
846 864 0
850 865 0
836 866 0
848 867 0
840 868 0
842 869 0
853 870 0
841 871 0
856 872 0
871 873 0
845 874 0
872 875 0
851 876 0
872 877 0
867 878 0
873 879 0
859 880 0
867 881 0
865 882 0
872 883 0
873 884 0
883 885 0
875 886 0
877 887 0
858 888 0
880 889 0
883 890 0
862 891 0
877 892 0
892 893 0
864 894 0
868 895 0
886 896 0
875 897 0
872 898 0
872 899 0
885 900 0
877 901 0
885 902 0
898 903 0
890 904 0
887 905 0
876 906 0
897 907 0
885 908 0
898 909 0
900 910 0
894 911 0
888 912 0
912 913 0
884 914 0
910 915 0
912 916 0
899 917 0
909 918 0
894 919 0
892 920 0
902 921 0
903 922 0
902 923 0
906 924 0
924 925 0
899 926 0
907 927 0
924 928 0
902 929 0
919 930 0
908 931 0
913 932 0
927 933 0
906 934 0
905 935 0
929 936 0
925 937 0
912 938 0
935 939 0
925 940 0
934 941 0
914 942 0
924 943 0
925 944 0
925 945 0
918 946 0
942 947 0
920 948 0
927 949 0
946 950 0
933 951 0
942 952 0
944 953 0
940 954 0
945 955 0
928 956 0
935 957 0
949 958 0
939 959 0
931 960 0
946 961 0
945 962 0
939 963 0
948 964 0
953 965 0
960 966 0
953 967 0
954 968 0
968 969 0
950 970 0
942 971 0
963 972 0
950 973 0
966 974 0
962 975 0
971 976 0
948 977 0
967 978 0
964 979 0
975 980 0
964 981 0
966 982 0
973 983 0
956 984 0
978 985 0
969 986 0
959 987 0
982 988 0
963 989 0
960 990 0
990 991 0
986 992 0
978 993 0
971 994 0
979 995 0
977 996 0
988 997 0
987 998 0
975 999 0
984 1000 0
973 1001 0
989 1002 0
996 1003 0
981 1004 0
982 1005 0
988 1006 0
1002 1007 0
1007 1008 0
992 1009 0
992 1010 0
981 1011 0
984 1012 0
1005 1013 0
1006 1014 0
989 1015 0
996 1016 0
1016 1017 0
1004 1018 0
1000 1019 0
1009 1020 0
1017 1021 0
996 1022 0
1003 1023 0
1009 1024 0
1007 1025 0
1021 1026 0
1021 1027 0
1016 1028 0
1000 1029 0
1024 1030 0
1015 1031 0
1020 1032 0
1030 1033 0
1020 1034 0
1032 1035 0
1017 1036 0
1010 1037 0
1037 1038 0
1012 1039 0
1014 1040 0
1031 1041 0
1037 1042 0
1029 1043 0
1014 1044 0
1016 1045 0
1027 1046 0
1036 1047 0
1022 1048 0
1044 1049 0
1020 1050 0
1025 1051 0
1048 1052 0
1040 1053 0
1034 1054 0
1043 1055 0
1030 1056 0
1051 1057 0
1044 1058 0
1055 1059 0
1052 1060 0
1035 1061 0
1051 1062 0
1060 1063 0
1062 1064 0
1055 1065 0
1051 1066 0
1055 1067 0
1052 1068 0
1065 1069 0
1040 1070 0
1053 1071 0
1048 1072 0
1071 1073 0
1068 1074 0
1068 1075 0
1063 1076 0
1070 1077 0
1071 1078 0
1052 1079 0
1059 1080 0
1076 1081 0
1058 1082 0
1059 1083 0
1076 1084 0
1076 1085 0
1068 1086 0
1086 1087 0
1060 1088 0
1076 1089 0
1071 1090 0
1073 1091 0
1085 1092 0
1092 1093 0
1090 1094 0
1080 1095 0
1078 1096 0
1092 1097 0
1080 1098 0
1094 1099 0
1073 1100 0
1093 1101 0
1083 1102 0
1098 1103 0
1092 1104 0
1089 1105 0
1089 1106 0
1080 1107 0
1103 1108 0
1081 1109 0
1085 1110 0
1088 1111 0
1092 1112 0
1088 1113 0
1107 1114 0
1086 1115 0
1090 1116 0
1090 1117 0
1108 1118 0
1110 1119 0
1097 1120 0
1112 1121 0
1113 1122 0
1112 1123 0
1094 1124 0
1095 1125 0
1122 1126 0
1107 1127 0
1109 1128 0
1124 1129 0
1127 1130 0
1119 1131 0
1118 1132 0
1122 1133 0
1127 1134 0
1118 1135 0
1125 1136 0
1122 1137 0
1121 1138 0
1109 1139 0
1119 1140 0
1124 1141 0
1138 1142 0
1133 1143 0
1131 1144 0
1119 1145 0
1123 1146 0
1144 1147 0
1133 1148 0
1135 1149 0
1133 1150 0
1145 1151 0
1134 1152 0
1127 1153 0
1137 1154 0
1125 1155 0
1126 1156 0
1135 1157 0
1139 1158 0
1137 1159 0
1150 1160 0
1148 1161 0
1143 1162 0
1134 1163 0
1162 1164 0
1139 1165 0
1164 1166 0
1157 1167 0
1149 1168 0
1150 1169 0
1158 1170 0
1153 1171 0
1166 1172 0
1150 1173 0
1151 1174 0
1163 1175 0
1146 1176 0
1163 1177 0
1150 1178 0
1152 1179 0
1177 1180 0
1175 1181 0
1170 1182 0
1182 1183 0
1165 1184 0
1158 1185 0
1169 1186 0
1158 1187 0
1163 1188 0
1179 1189 0
1180 1190 0
1174 1191 0
1170 1192 0
1179 1193 0
1165 1194 0
1181 1195 0
1178 1196 0
1181 1197 0
1181 1198 0
1182 1199 0
1191 1200 0
1194 1201 0
1181 1202 0
1194 1203 0
1178 1204 0
1196 1205 0
1178 1206 0
1180 1207 0
1184 1208 0
1200 1209 0
1204 1210 0
1205 1211 0
1197 1212 0
1198 1213 0
1208 1214 0
1211 1215 0
1191 1216 0
1214 1217 0
1210 1218 0
1201 1219 0
1207 1220 0
1211 1221 0
1216 1222 0
1215 1223 0
1211 1224 0
1211 1225 0
1214 1226 0
1225 1227 0
1202 1228 0
1226 1229 0
1216 1230 0
1217 1231 0
1227 1232 0
1208 1233 0
1219 1234 0
1215 1235 0
1207 1236 0
1229 1237 0
1234 1238 0
1209 1239 0
1232 1240 0
1223 1241 0
1235 1242 0
1232 1243 0
1223 1244 0
1244 1245 0
1242 1246 0
1240 1247 0
1227 1248 0
1222 1249 0
1248 1250 0
1222 1251 0
1226 1252 0
1242 1253 0
1250 1254 0
1254 1255 0
1245 1256 0
1252 1257 0
1243 1258 0
1233 1259 0
1234 1260 0
1240 1261 0
1260 1262 0
1234 1263 0
1249 1264 0
1260 1265 0
1247 1266 0
1245 1267 0
1253 1268 0
1252 1269 0
1264 1270 0
1250 1271 0
1260 1272 0
1244 1273 0
1262 1274 0
1245 1275 0
1258 1276 0
1266 1277 0
1252 1278 0
1263 1279 0
1258 1280 0
1252 1281 0
1262 1282 0
1259 1283 0
1268 1284 0
1263 1285 0
1265 1286 0
1273 1287 0
1262 1288 0
1272 1289 0
1280 1290 0
1290 1291 0
1288 1292 0
1289 1293 0
1282 1294 0
1292 1295 0
1290 1296 0
1279 1297 0
1269 1298 0
1286 1299 0
1274 1300 0
1281 1301 0
1273 1302 0
1287 1303 0
1290 1304 0
1297 1305 0
1284 1306 0
1282 1307 0
1294 1308 0
1297 1309 0
1290 1310 0
1290 1311 0
1286 1312 0
1308 1313 0
1304 1314 0
1313 1315 0
1307 1316 0
1310 1317 0
1294 1318 0
1295 1319 0
1291 1320 0
1304 1321 0
1307 1322 0
1303 1323 0
1299 1324 0
1311 1325 0
1313 1326 0
1318 1327 0
1315 1328 0
1311 1329 0
1313 1330 0
1322 1331 0
1316 1332 0
1321 1333 0
1307 1334 0
1318 1335 0
1316 1336 0
1309 1337 0
1322 1338 0
1330 1339 0
1325 1340 0
1317 1341 0
1332 1342 0
1342 1343 0
1331 1344 0
1334 1345 0
1344 1346 0
1345 1347 0
1342 1348 0
1343 1349 0
1340 1350 0
1346 1351 0
1338 1352 0
1341 1353 0
1347 1354 0
1345 1355 0
1346 1356 0
1350 1357 0
1348 1358 0
1350 1359 0
1356 1360 0
1334 1361 0
1342 1362 0
1341 1363 0
1341 1364 0
1347 1365 0
1344 1366 0
1338 1367 0
1343 1368 0
1366 1369 0
1368 1370 0
1341 1371 0
1356 1372 0
1351 1373 0
1360 1374 0
1372 1375 0
1365 1376 0
1366 1377 0
1363 1378 0
1374 1379 0
1358 1380 0
1371 1381 0
1369 1382 0
1374 1383 0
1375 1384 0
1367 1385 0
1382 1386 0
1372 1387 0
1375 1388 0
1374 1389 0
1366 1390 0
1377 1391 0
1363 1392 0
1386 1393 0
1377 1394 0
1394 1395 0
1370 1396 0
1379 1397 0
1376 1398 0
1389 1399 0
1379 1400 0
1398 1401 0
1396 1402 0
1399 1403 0
1382 1404 0
1375 1405 0
1384 1406 0
1403 1407 0
1384 1408 0
1400 1409 0
1384 1410 0
1398 1411 0
1383 1412 0
1407 1413 0
1389 1414 0
1386 1415 0
1390 1416 0
1392 1417 0
1398 1418 0
1406 1419 0
1406 1420 0
1394 1421 0
1392 1422 0
1410 1423 0
1404 1424 0
1417 1425 0
1403 1426 0
1426 1427 0
1407 1428 0
1408 1429 0
1426 1430 0
1423 1431 0
1403 1432 0
1423 1433 0
1417 1434 0
1421 1435 0
1410 1436 0
1408 1437 0
1430 1438 0
1412 1439 0
1432 1440 0
1426 1441 0
1437 1442 0
1429 1443 0
1438 1444 0
1429 1445 0
1423 1446 0
1440 1447 0
1435 1448 0
1445 1449 0
1438 1450 0
1434 1451 0
1450 1452 0
1452 1453 0
1449 1454 0
1447 1455 0
1441 1456 0
1453 1457 0
1450 1458 0
1438 1459 0
1433 1460 0
1446 1461 0
1434 1462 0
1443 1463 0
1454 1464 0
1460 1465 0
1438 1466 0
1446 1467 0
1463 1468 0
1447 1469 0
1448 1470 0
1451 1471 0
1456 1472 0
1455 1473 0
1450 1474 0
1460 1475 0
1468 1476 0
1455 1477 0
1460 1478 0
1466 1479 0
1451 1480 0
1472 1481 0
1471 1482 0
1477 1483 0
1479 1484 0
1456 1485 0
1470 1486 0
1460 1487 0
1478 1488 0
1481 1489 0
1488 1490 0
1473 1491 0
1474 1492 0
1464 1493 0
1468 1494 0
1477 1495 0
1476 1496 0
1481 1497 0
1493 1498 0
1471 1499 0
1475 1500 0
1491 1501 0
1483 1502 0
1482 1503 0
1490 1504 0
1488 1505 0
1477 1506 0
1480 1507 0
1484 1508 0
1491 1509 0
1485 1510 0
1497 1511 0
1505 1512 0
1483 1513 0
1486 1514 0
1495 1515 0
1495 1516 0
1490 1517 0
1495 1518 0
1508 1519 0
1509 1520 0
1519 1521 0
1501 1522 0
1512 1523 0
1497 1524 0
1516 1525 0
1505 1526 0
1525 1527 0
1524 1528 0
1514 1529 0
1503 1530 0
1504 1531 0
1513 1532 0
1516 1533 0
1531 1534 0
1524 1535 0
1510 1536 0
1507 1537 0
1522 1538 0
1537 1539 0
1534 1540 0
1516 1541 0
1531 1542 0
1514 1543 0
1518 1544 0
1515 1545 0
1519 1546 0
1541 1547 0
1526 1548 0
1545 1549 0
1532 1550 0
1528 1551 0
1527 1552 0
1536 1553 0
1535 1554 0
1528 1555 0
1550 1556 0
1536 1557 0
1543 1558 0
1555 1559 0
1559 1560 0
1537 1561 0
1540 1562 0
1551 1563 0
1535 1564 0
1552 1565 0
1540 1566 0
1557 1567 0
1567 1568 0
1558 1569 0
1551 1570 0
1542 1571 0
1563 1572 0
1555 1573 0
1554 1574 0
1557 1575 0
1555 1576 0
1548 1577 0
1558 1578 0
1555 1579 0
1576 1580 0
1556 1581 0
1560 1582 0
1561 1583 0
1578 1584 0
1564 1585 0
1576 1586 0
1584 1587 0
1587 1588 0
1582 1589 0
1564 1590 0
1564 1591 0
1589 1592 0
1588 1593 0
1587 1594 0
1587 1595 0
1592 1596 0
1581 1597 0
1590 1598 0
1590 1599 0
1594 1600 0
1598 1601 0
1573 1602 0
1573 1603 0
1593 1604 0
1598 1605 0
1596 1606 0
1586 1607 0
1580 1608 0
1587 1609 0
1601 1610 0
1608 1611 0
1599 1612 0
1594 1613 0
1600 1614 0
1612 1615 0
1586 1616 0
1612 1617 0
1605 1618 0
1614 1619 0
1610 1620 0
1609 1621 0
1598 1622 0
1609 1623 0
1609 1624 0
1604 1625 0
1613 1626 0
1599 1627 0
1627 1628 0
1625 1629 0
1601 1630 0
1612 1631 0
1630 1632 0
1625 1633 0
1612 1634 0
1615 1635 0
1624 1636 0
1635 1637 0
1620 1638 0
1609 1639 0
1627 1640 0
1622 1641 0
1612 1642 0
1642 1643 0
1635 1644 0
1640 1645 0
1632 1646 0
1646 1647 0
1626 1648 0
1637 1649 0
1639 1650 0
1630 1651 0
1648 1652 0
1624 1653 0
1649 1654 0
1654 1655 0
1655 1656 0
1647 1657 0
1649 1658 0
1629 1659 0
1658 1660 0
1643 1661 0
1652 1662 0
1649 1663 0
1637 1664 0
1652 1665 0
1654 1666 0
1658 1667 0
1639 1668 0
1645 1669 0
1647 1670 0
1648 1671 0
1660 1672 0
1651 1673 0
1655 1674 0
1655 1675 0
1668 1676 0
1662 1677 0
1673 1678 0
1665 1679 0
1653 1680 0
1651 1681 0
1652 1682 0
1658 1683 0
1673 1684 0
1683 1685 0
1660 1686 0
1686 1687 0
1679 1688 0
1687 1689 0
1669 1690 0
1677 1691 0
1672 1692 0
1684 1693 0
1690 1694 0
1675 1695 0
1686 1696 0
1677 1697 0
1696 1698 0
1685 1699 0
1670 1700 0
1700 1701 0
1692 1702 0
1690 1703 0
1676 1704 0
1688 1705 0
1692 1706 0
1688 1707 0
1706 1708 0
1706 1709 0
1703 1710 0
1681 1711 0
1683 1712 0
1703 1713 0
1691 1714 0
1686 1715 0
1686 1716 0
1711 1717 0
1697 1718 0
1698 1719 0
1719 1720 0
1691 1721 0
1716 1722 0
1700 1723 0
1710 1724 0
1712 1725 0
1712 1726 0
1698 1727 0
1716 1728 0
1718 1729 0
1724 1730 0
1714 1731 0
1702 1732 0
1716 1733 0
1727 1734 0
1722 1735 0
1731 1736 0
1730 1737 0
1717 1738 0
1712 1739 0
1722 1740 0
1716 1741 0
1732 1742 0
1725 1743 0
1733 1744 0
1744 1745 0
1730 1746 0
1738 1747 0
1744 1748 0
1743 1749 0
1738 1750 0
1745 1751 0
1743 1752 0
1746 1753 0
1753 1754 0
1729 1755 0
1752 1756 0
1728 1757 0
1745 1758 0
1757 1759 0
1755 1760 0
1749 1761 0
1754 1762 0
1760 1763 0
1758 1764 0
1763 1765 0
1744 1766 0
1756 1767 0
1740 1768 0
1761 1769 0
1744 1770 0
1743 1771 0
1749 1772 0
1756 1773 0
1771 1774 0
1770 1775 0
1761 1776 0
1767 1777 0
1771 1778 0
1772 1779 0
1767 1780 0
1751 1781 0
1758 1782 0
1777 1783 0
1772 1784 0
1760 1785 0
1773 1786 0
1766 1787 0
1779 1788 0
1775 1789 0
1771 1790 0
1776 1791 0
1784 1792 0
1789 1793 0
1786 1794 0
1780 1795 0
1794 1796 0
1791 1797 0
1771 1798 0
1786 1799 0
1777 1800 0
1771 1801 0
1773 1802 0
1785 1803 0
1783 1804 0
1780 1805 0
1783 1806 0
1795 1807 0
1790 1808 0
1795 1809 0
1803 1810 0
1794 1811 0
1789 1812 0
1791 1813 0
1786 1814 0
1787 1815 0
1791 1816 0
1800 1817 0
1801 1818 0
1801 1819 0
1797 1820 0
1815 1821 0
1817 1822 0
1805 1823 0
1819 1824 0
1818 1825 0
1824 1826 0
1809 1827 0
1814 1828 0
1799 1829 0
1811 1830 0
1822 1831 0
1817 1832 0
1816 1833 0
1812 1834 0
1825 1835 0
1810 1836 0
1833 1837 0
1808 1838 0
1815 1839 0
1824 1840 0
1827 1841 0
1813 1842 0
1817 1843 0
1830 1844 0
1824 1845 0
1826 1846 0
1828 1847 0
1833 1848 0
1833 1849 0
1839 1850 0
1830 1851 0
1829 1852 0
1840 1853 0
1839 1854 0
1854 1855 0
1826 1856 0
1854 1857 0
1849 1858 0
1849 1859 0
1839 1860 0
1852 1861 0
1836 1862 0
1841 1863 0
1855 1864 0
1842 1865 0
1844 1866 0
1841 1867 0
1852 1868 0
1853 1869 0
1868 1870 0
1863 1871 0
1858 1872 0
1859 1873 0
1861 1874 0
1868 1875 0
1863 1876 0
1870 1877 0
1859 1878 0
1868 1879 0
1871 1880 0
1855 1881 0
1871 1882 0
1858 1883 0
1860 1884 0
1871 1885 0
1866 1886 0
1865 1887 0
1862 1888 0
1863 1889 0
1869 1890 0
1864 1891 0
1872 1892 0
1878 1893 0
1875 1894 0
1868 1895 0
1885 1896 0
1877 1897 0
1868 1898 0
1884 1899 0
1887 1900 0
1899 1901 0
1900 1902 0
1873 1903 0
1896 1904 0
1894 1905 0
1890 1906 0
1895 1907 0
1903 1908 0
1897 1909 0
1904 1910 0
1881 1911 0
1891 1912 0
1883 1913 0
1903 1914 0
1907 1915 0
1901 1916 0
1915 1917 0
1913 1918 0
1889 1919 0
1908 1920 0
1894 1921 0
1893 1922 0
1917 1923 0
1908 1924 0
1913 1925 0
1920 1926 0
1917 1927 0
1913 1928 0
1926 1929 0
1925 1930 0
1903 1931 0
1919 1932 0
1927 1933 0
1915 1934 0
1908 1935 0
1925 1936 0
1912 1937 0
1918 1938 0
1923 1939 0
1935 1940 0
1923 1941 0
1935 1942 0
1913 1943 0
1939 1944 0
1930 1945 0
1922 1946 0
1924 1947 0
1927 1948 0
1948 1949 0
1929 1950 0
1928 1951 0
1931 1952 0
1943 1953 0
1947 1954 0
1947 1955 0
1944 1956 0
1931 1957 0
1942 1958 0
1951 1959 0
1953 1960 0
1937 1961 0
1950 1962 0
1961 1963 0
1937 1964 0
1950 1965 0
1963 1966 0
1948 1967 0
1938 1968 0
1966 1969 0
1955 1970 0
1958 1971 0
1950 1972 0
1969 1973 0
1965 1974 0
1945 1975 0
1971 1976 0
1955 1977 0
1961 1978 0
1967 1979 0
1975 1980 0
1972 1981 0
1968 1982 0
1958 1983 0
1962 1984 0
1983 1985 0
1982 1986 0
1974 1987 0
1963 1988 0
1978 1989 0
1964 1990 0
1989 1991 0
1986 1992 0
1977 1993 0
1979 1994 0
1980 1995 0
1968 1996 0
1977 1997 0
1974 1998 0
1982 1999 0
1977 2000 0
537 1750
626 629
1880 1571
1272 525
503 1552
644 837
1243 303
303 1348
1103 1660
1954 1676
174 1542
345 642
1054 677
424 462
519 1423
1568 1944
1604 950
519 627
526 156
614 1050
1776 536
714 313
506 1987
381 405
365 1049
653 486
1436 726
1544 176
1382 1641
568 701
724 1928
504 1182
1350 1717
296 1429
279 923
1024 1237
1325 723
80 1685
1114 1309
605 1773
1595 499
1716 1280
625 1722
1230 73
1398 1645
1933 1102
1149 891
1664 1859
814 1137
1323 496
1478 1777
107 1643
406 1843
1658 239
1128 616
490 458
1980 1049
820 1816
291 544
150 1671
1086 1094
536 1112
1023 846
1411 43
1830 502
1429 845
529 1671
346 942
177 1739
1706 711
958 1765
1218 192
580 1321
385 1131
724 657
1395 1232
704 1474
1376 1338
167 834
1546 1665
251 933
82 1089
1202 101
1231 407
522 1036
1577 641
1458 1029
553 1669
173 782
1061 498
470 1398
1973 1329
662 1338
1937 1186
46 248
11 1923
255 1289
544 357
1962 1939
687 878
1472 843
784 471
165 1520
1251 1149
82 173
656 845
1583 1540
434 295
401 1434
1252 263
159 1149
1140 1787
416 97
238 1975
903 371
1877 476
566 1203
952 642
340 230
132 604
1756 1366
1196 876
876 187
1538 1715
1451 516
2000 1422
1495 1079
1803 755
885 1229
1527 534
1014 1022
313 1834
1938 1588
1264 128
1253 1288
356 1336
585 424
1624 1166
789 674
1505 1610
1138 437
1993 799
951 73
1406 1887
1164 480
1520 1248
1821 95
1272 757
910 578
1941 1878
1480 396
242 1255
69 1933
131 1763
543 1625
606 1581
283 26
886 471
1750 1496
281 187
1436 913
351 716
549 952
14 692
1555 1714
932 1430
977 1414
1674 1589
1301 1170
1650 1573
1021 767
159 1475
764 430
1145 287
1199 1204
26 1939
1377 497
1478 286
1484 1745
1224 1022
1403 849
307 1639
1790 1681
1607 435
1246 1842
479 1387
1333 1578
365 1499
466 43
908 754
560 1548
382 1593
118 1882
1850 1793
1447 1818
1506 1605
1644 511
1499 1950
1962 1329
1060 918
517 1232
360 266
1714 1687
6 731
1216 892
99 1806
1085 1772
914 306
1661 608
1961 938
342 680
147 1975
954 1442
1213 530
1406 1002
1906 1001
475 1964
944 102
1183 1553
769 1532
769 1649
1685 663
420 95
1854 591
1416 164
955 1710
312 1553
287 1355
1426 322
422 1479
1025 1024
1660 1810
1985 489
995 1034
907 1085
1454 634
1008 1477
1109 362
546 663
553 1106
713 1389
1789 1752
694 921
491 517
268 1974
1444 1971
1592 1324
1503 1696
444 578
805 1502
1833 1911
658 1904
483 1581
277 413
227 1806
636 13
1143 1549
900 464
1917 1961
1170 1207
759 787
648 8
863 15
162 1544
1368 1726
798 1434
1256 1326
704 1442
1173 1283
1343 91
935 472
84 1339
1579 694
1186 838
1988 1692
1175 314
680 1149
751 182
1559 1984
1145 363
1742 1689
6 538
1516 1564
1846 23
961 1567
175 1486
791 1428
827 405
1827 1616
1019 460
480 437
494 156
1567 1866
1658 1954
296 1308
285 1622
1182 1275
240 77
1301 1312
1691 966
1334 1963
824 1537
743 650
1384 1221
1869 383
478 397
205 1959
1124 1154
719 1819
1420 1323
1414 864
1515 983
1476 743
1662 886
545 236
101 796
771 1942
1425 1400
886 1645
675 484
1693 962
1189 1495
1478 258
260 1709
1425 1576
859 766
185 1852
1834 1954
1074 167
774 791
1364 846
371 1731
1816 765
1406 1285
634 160
265 1500
1492 979
1905 324
711 1473
642 277
1678 358
1607 268
1670 476
1179 802
475 1710
1992 1998
1683 1875
1920 318
1841 266
1377 543
1367 19
1871 1682
1523 1564
410 1284
1783 1984
85 927
1902 1122
1316 75
72 159
1645 725
556 1257
109 1391
1810 1421
1708 332
800 1950
1536 1183
90 1312
1894 1102
1725 961
400 938
876 1146
925 718
1586 1926
990 510
139 1924
1365 271
864 1992
1221 321
606 1368
1698 668
670 491
220 29
962 51
1767 428
1428 34
587 1720
1038 1392
1053 192
446 21
1430 1281
75 101
1255 568
1734 881
795 1181
1069 1052
124 192
791 1340
287 937
1774 1450
639 1126
1106 653
868 1353
1372 1218
1665 1260
1717 470
407 264
60 778
1690 261
1256 762
1041 240
1865 328
405 1344
323 566
1698 1104
820 998
1885 899
736 1672
968 1475
399 606
1868 530
891 993
399 1456
231 668
1115 403
1036 440
1180 1286
455 1326
1478 1019
395 834
1843 1575
1451 1713
1818 1172
179 1245
1145 330
75 1234
711 1364
570 932
1037 810
1951 619
403 1395
1705 1686
1289 1539
1226 539
476 1504
97 1543
1524 196
630 1538
97 1405
1306 1316
12 932
75 256
377 848
1166 732
1421 1715
1703 1538
530 1966
1477 1423
1013 1648
275 1287
120 1057
1964 311
1412 213
2000 101
724 928
432 1565
602 1370
1480 140
760 1096
120 1819
80 192
427 1658
1002 1232
1326 714
1132 263
328 982
1861 856
9 1156
965 1886
1938 311
1326 430
1664 646
653 156
1997 170
1672 1407
1713 1294
460 1520
1301 325
1507 1687
892 1858
1462 139
1889 482
344 860
1484 1574
1368 34
1019 617
649 354
911 594
1062 517
1880 1541
1021 1257
764 1717
1919 877
402 417
1587 44
990 1069
1238 1472
734 1841
865 375
817 352
1248 369
333 995
422 1084
808 1704
853 1031
1631 890
541 380
20 388
850 896
1098 132
1143 444
1596 349
1005 255
1347 1064
647 297
1843 1200
184 335
593 1916
780 854
1115 775
108 482
1929 1639
1408 371
1753 1860
978 1133
1702 1179
209 1507
1776 1786
440 358
138 982
606 290
1328 591
634 1011
118 667
595 624
504 1409
1020 651
920 1362
116 82
1021 259
1666 1865
1987 1205
1236 799
331 161
1955 453
1178 215
146 134
655 1729
437 1470
291 1637
807 421
4 445
1521 525
1930 1120
1789 483
1573 221
266 223
2000 1341
1730 997
1962 688
267 1095
420 1551
378 1507
1668 1102
1610 1966
1641 664
1312 207
394 1241
815 285
166 1962
1782 1938
1189 1085
618 45
1448 870
1257 1249
1319 256
1242 330
495 1076
622 697
1998 1536
84 1211
154 1599
1696 1564
753 253
1544 1521
594 538
826 641
345 1140
94 1682
1480 1636
1906 869
426 1587
1613 1581
1542 563
84 260
1481 1142
250 1004
1122 874
711 557
1551 1373
435 1695
461 1457
629 777
625 1356
907 435
1037 1219
655 407
1738 1735
977 359
739 41
1194 78
1884 1041
1418 758
344 61
386 515
1021 151
1669 130
1394 133
1844 1439
109 1083
1707 1404
900 793
1753 69
967 183
671 115
1299 1391
481 810
75 266
786 1978
64 126
1429 842
1507 1272
1745 581
1424 42
753 1946
416 670
1643 1142
1946 1763
348 124
1170 1010
1380 270
914 232
500 1837
309 1476
1469 1470
143 80
1182 760
975 97
778 482
1776 1909
1116 391
78 654
457 138
280 1415
311 1536
1338 1287
1394 1526
479 1470
1640 1657
1497 340
454 92
937 247
755 548
1319 1167
452 798
411 1496
1961 620
794 1801
1377 1597
992 301
1264 528
445 1596
1463 1274
89 1659
1092 1410
1896 1322
592 1175
961 1871
345 1870
1605 1323
1031 995
633 547
935 39
1756 211
1189 335
618 1548
787 1087
218 219
581 297
755 647
1794 1837
966 1716
1602 1939
1105 1075
1502 635
119 1077
1446 265
1203 591
845 296
553 1904
1530 1643
296 517
1859 14
929 1876
560 1236
860 1360
1615 56
92 90
455 912
130 873
838 532
291 1269
222 1661
1013 652
937 430
1417 1172
1742 1270
1079 948
1185 1359
1953 49
97 665
427 1637
1167 1287
1858 1556
1155 1564
1021 479
16 652
1873 1886
1966 1372
402 1144
1184 1266
376 750
1854 1984
691 109
1790 1907
1099 57
165 1714
629 1603
520 1304
1951 1780
626 752
1007 20
1179 739
1080 1120
138 1369
343 1831
1663 758
1603 337
156 828
7 1211
126 1734
1667 1511
1188 1910
860 1142
76 556
1733 127
637 754
296 263
18 1072
1885 1495
1375 492
1506 1570
1296 1794
984 661
533 104
795 1937
536 1616
1465 31
1328 316
274 1928
207 1784
1704 483
691 1200
1968 1243
1473 1939
390 49
1571 1401
1407 1287
349 126
380 1282
819 1013
1156 1725
362 418
1854 1474
1693 297
1290 1706
997 1089
1147 1827
397 1928
59 528
1719 651
1004 1011
1405 1536
552 171
1393 287
700 200
818 381
37 1944
22 1270
493 420
370 926
1274 1895
474 1032
1093 1300
1532 407
461 1513
1637 716
1484 282
1728 1589
1755 114
821 937
162 1047
1863 498
1990 728
1159 117
1560 1130
1477 802
178 809
350 1113
1330 465
1986 969
1255 1882
1199 1334
274 948
1783 1025
1641 1401
1128 144
1792 837
664 671
84 1097
1371 777
625 321
1841 509
1515 29
1230 273
623 1081
1237 1847
231 709
594 1939
1988 943
1778 781
104 277
1663 1836
1115 1892
413 718
1024 1067
407 231
941 1283
1352 951
1822 846
847 353
1755 23
829 218
733 112
1933 1129
1780 1870
571 1977
94 1640
959 1129
90 1869
1055 11
857 394
1152 953
470 18
1218 849
89 779
1691 108
1430 1596
1320 89
533 73
1541 1901
1576 1384
1006 73
1457 975
512 1508
1723 1696
515 1219
81 1156
1398 35
96 1947
792 1436
1512 1563
1614 828
1471 1089
1142 1939
736 1746
1592 1175
1172 1365
1871 1211
190 1493
1760 1316
1465 370
782 1843
583 305
1619 1816
1373 331
1968 826
805 608
1489 97
61 1838
275 873
679 1355
82 38
1506 674
1450 1364
1319 256
1794 1494
1465 1587
687 1914
907 1923
1540 1864
1033 1289
499 1769
1375 503
386 1255
1236 627
1128 1514
1840 936
1364 917
784 1228
84 1094
726 1663
82 1909
431 1377
