3000 5000
866 880
2881 2959
963 1715
2651 2454
1760 2474
1369 2912
2619 258
1531 1932
1732 845
1391 962
113 157
1599 60
1305 2938
2014 1686
2060 1386
1929 901
1904 853
1600 2062
111 1413
2118 752
2831 2204
1836 930
2191 2997
1397 361
2218 2209
1396 1983
2353 194
874 1812
115 397
1612 1512
414 2497
508 2445
1974 945
1491 179
116 1266
1882 655
1387 2363
2260 2351
2844 2312
1947 716
1173 1426
2463 845
143 1695
1862 340
1271 1698
106 2862
1191 1993
2213 1802
2416 584
2414 2412
2261 2521
2589 2061
1821 656
1648 2073
526 2048
719 626
2604 145
2620 2194
918 1352
630 1992
549 1324
2124 329
2391 690
2688 2728
1836 63
243 123
1117 1247
2008 1332
1731 220
2101 2953
1186 1440
2947 356
1763 1163
1054 2349
423 1496
2706 650
1532 1054
1825 1288
1785 1964
1722 2968
1704 1046
2621 948
31 876
2383 1664
2247 111
2957 1509
2874 2886
686 2806
2016 2072
1998 2859
1904 40
2740 607
1120 1681
2837 2265
2143 2211
2519 384
2621 1057
943 1620
2117 2666
533 1351
607 2721
182 252
1286 2776
929 2208
2758 376
2084 1683
404 2028
1894 1162
343 301
132 1808
2118 797
141 1780
752 2790
1790 1195
716 2072
373 2610
1604 14
1847 1537
2498 361
1217 1483
644 1706
2713 901
1917 1845
2215 1546
810 1594
1770 2412
368 1278
106 579
2466 1654
1808 733
230 1304
1147 344
794 1968
1022 131
830 1431
679 1401
1470 2020
2963 2353
1328 34
146 2156
852 1096
1795 1339
2821 472
923 506
1085 2341
296 1159
1358 2720
2879 2659
2965 1164
2039 1144
248 932
1707 1439
1560 596
1681 1201
2337 2534
2556 2968
1821 655
1316 538
964 1625
853 1460
165 2760
1545 2992
2899 1947
2523 2522
2539 941
711 124
66 1624
1330 1566
2795 517
613 291
2800 2047
2498 421
665 399
2728 1081
2134 2330
1466 490
2782 657
340 1494
807 1344
936 2770
1776 941
1206 920
2466 1775
1817 645
2441 1020
883 413
35 628
1296 2307
1348 1870
1899 1878
1990 2620
332 220
985 2826
2168 224
1372 495
2736 1869
1132 1034
2362 1162
352 512
1873 272
908 2177
220 2520
2452 640
2945 1205
744 236
2892 1100
2138 726
1934 881
1964 665
2356 2741
1404 2192
2760 2661
2758 2026
1967 909
2688 931
1877 2514
1615 1262
313 800
1600 2805
2823 2662
1737 2365
2085 1621
244 465
2549 382
2543 1923
181 1825
2665 779
28 1542
1660 1502
2225 1298
1843 1153
1028 1054
1928 1229
2669 2045
1150 1490
2455 1476
2999 2620
346 2728
2416 60
747 759
706 664
424 920
1881 1133
2303 1482
761 624
380 2134
28 427
2986 1861
1699 127
867 68
2587 140
2528 487
1227 2969
2630 253
1200 770
1195 1216
1725 1731
2131 120
2913 2052
1201 1489
2907 2321
1620 2504
2033 1868
1095 2933
1062 2333
2520 2188
2017 1420
2483 408
2923 1757
1438 2500
139 1963
287 2778
844 2839
2479 2512
1687 780
2431 870
1302 807
2763 1669
1643 119
1250 425
1398 296
2552 2039
441 192
2851 1353
2361 200
388 1602
475 1895
2576 2022
2216 1026
2918 1737
2756 1347
735 2449
2845 2098
133 1126
2548 1835
2189 2737
766 1092
1969 381
2281 823
639 2190
153 363
566 2081
931 1792
1988 1027
2504 1567
588 2645
364 1057
1954 261
445 104
715 1265
2009 234
1226 900
2583 2006
1750 326
1786 2991
2181 2792
361 2486
872 2977
2474 593
812 609
1648 2420
1323 2185
1976 2891
1316 314
2390 1950
2581 2183
1524 2881
531 464
2905 1378
2114 2281
1360 1740
2098 1037
2699 2387
630 2002
1042 616
1979 2410
2487 1533
1300 1800
2512 2500
2191 21
91 2492
1232 2001
873 2875
1338 47
539 1873
2954 1796
2015 2508
2369 2876
2412 1486
1314 2351
2257 2420
1492 1037
1330 644
2407 2265
914 1100
614 1197
2513 2713
2964 2347
1638 2563
1030 429
1035 282
1947 1709
332 2134
149 2176
2935 2835
409 1489
2557 1554
264 2879
1475 2044
2050 435
1717 1155
418 2659
1796 379
1760 1878
588 496
1808 2777
452 728
2851 2089
1307 1523
2838 2941
2087 637
121 2254
440 1092
477 928
2964 2202
1470 1496
1280 2388
2974 1070
626 1239
2073 755
2355 1010
2929 79
1567 1081
267 2231
1691 135
20 2840
51 2910
493 2069
1870 1184
2299 1676
2675 627
2994 1600
1696 800
91 1016
932 783
337 638
1926 1851
2294 2865
2835 2229
2039 406
2633 2678
146 2768
508 1792
2405 1583
2526 900
2796 2073
638 1898
977 773
404 1947
1575 109
1127 2637
189 2972
580 2526
1800 2793
2149 890
1394 1659
1960 1224
2500 2009
376 405
932 633
2499 902
881 433
337 2921
1934 1886
1030 694
1622 2160
1141 1423
1086 498
211 2071
729 2465
285 1921
786 2166
144 2022
401 2202
2630 343
1753 1944
2340 771
2365 468
732 73
453 1971
2504 1894
1207 710
146 1192
1769 2040
134 1370
245 2133
510 676
810 2804
1591 984
913 2010
2031 2206
135 2130
277 2343
2720 2511
1875 2300
1045 2769
1231 2393
335 87
2526 2316
839 308
1547 1795
2765 712
2634 2258
2901 106
2211 2541
846 288
2502 891
1571 1443
1364 986
386 1083
2358 297
1664 1237
500 2613
605 2182
731 879
1447 330
1881 1719
2185 184
2724 52
2020 129
1558 2210
140 1371
2534 2791
639 1861
838 2353
30 1010
2551 228
72 2620
2812 884
780 205
1106 115
1404 723
609 2731
2518 1985
2355 2441
2453 265
1644 2839
284 2761
1373 78
2402 196
1198 166
1288 763
1250 2095
702 669
1669 671
387 2068
2143 1987
2689 2474
643 1446
1747 1907
1855 708
854 562
1894 2324
2095 864
208 2467
1943 829
171 871
403 2704
2211 1998
483 2527
1292 1019
913 790
1216 75
1779 1413
314 2252
1859 776
2648 2806
2920 740
691 2230
1064 1342
2877 473
1768 1389
103 1140
2030 2658
275 232
2946 2143
12 1185
2240 2066
1523 2278
70 1999
1159 2710
1696 2712
1622 1103
1987 808
2448 2162
799 411
1866 287
2464 1848
2606 339
357 1908
2030 1843
2576 2144
2887 2838
585 1805
2075 788
2016 2102
981 359
607 2265
1120 1331
2970 863
2771 445
2492 1077
673 2649
2006 1065
1551 2028
1651 1608
1277 1373
2600 2565
2682 1968
2836 2093
2601 1350
1282 2620
2995 2574
1754 2651
500 72
749 103
2917 2840
551 2063
111 1038
2091 602
2059 1706
2901 1249
1536 1543
148 2773
1715 601
2725 342
2859 1046
2266 2403
1747 1754
1710 2470
1253 2814
2406 1868
2420 411
887 466
592 2177
1247 351
2821 1193
1142 487
2723 1772
2830 961
1394 514
374 1598
978 1434
1142 2388
1939 713
875 2651
1804 1730
2362 673
468 1892
262 153
1457 2760
1266 737
1292 1281
2753 667
1799 202
617 1191
536 2255
1756 2998
1015 2132
1103 2184
1562 205
2693 2982
2952 1309
2387 843
1235 1228
25 2104
2356 2792
1690 2163
2465 2668
777 2151
130 416
1754 1060
870 721
551 1721
1595 1923
1300 2133
2369 2070
2591 2105
798 2372
2811 2084
1714 1777
1809 461
2245 2670
1447 263
134 2462
243 1673
2783 656
1114 1812
636 1991
2985 633
2119 1944
1265 1584
2048 134
866 1614
2845 30
1713 1092
1654 1898
272 2767
220 2545
2582 1964
214 1791
2774 228
245 2135
1797 764
1141 2897
185 1677
1839 355
672 1782
32 1061
2537 2686
1868 601
2351 318
1696 2109
1484 2741
1766 1997
1772 1078
2924 583
313 1497
1844 1529
2394 92
851 262
853 2368
2989 376
1787 2395
1093 1366
2091 1950
2639 2743
1590 1311
576 597
1972 1934
1698 841
1031 522
2722 2607
2576 703
2396 2731
651 1384
2064 2867
2822 1381
1536 63
2885 1937
1145 946
1046 667
568 901
1634 1909
2771 1632
1284 2332
728 2476
2134 787
2297 502
2810 1072
133 684
607 1615
1064 1903
2822 2763
1998 981
2070 545
2202 2064
1069 444
1352 1553
681 1929
1485 123
1081 378
757 10
513 390
740 1745
435 2287
850 354
1047 2295
87 1957
891 1642
1912 89
2039 1563
2788 708
1319 2278
872 718
2532 799
2455 2318
62 307
2465 911
387 2849
2932 2565
1868 2472
1428 141
761 389
1237 1165
1006 1632
316 664
1763 511
800 2574
67 1287
537 1217
1374 1004
444 649
1530 2469
486 1547
632 2516
2782 773
2874 815
1481 543
912 1849
1306 2115
2370 2482
1329 1230
2430 2952
2016 2185
92 1931
1816 2786
1022 2779
139 1012
949 2987
646 743
2836 2320
2576 524
492 2705
1696 1559
1037 354
303 1089
447 1562
1447 2470
2762 1418
1199 2716
99 280
162 381
3000 1433
2412 2440
2070 215
86 1518
1201 928
1343 1924
1739 2688
2794 709
1883 539
2475 502
967 163
771 2761
2140 2481
2450 2626
540 323
1045 84
611 131
834 918
1325 767
602 2919
1932 2236
1812 2457
2713 1235
1452 157
2987 2100
350 1999
2817 565
1922 2362
1647 780
2339 1191
1909 2121
2728 2859
2382 2726
1036 1914
1212 2662
2483 559
385 1901
1719 1061
1534 430
1559 1100
231 2389
2816 1335
295 922
1165 1396
1858 1983
1933 2203
981 289
757 305
2129 1122
277 1429
2051 2716
2412 986
1377 1579
1840 2625
553 546
2066 2811
2626 1481
2246 2160
1900 2688
1677 922
2458 1876
1443 2972
1724 1956
2628 1972
218 1257
828 730
2992 599
1336 1508
1390 1725
371 2341
1512 1155
1648 1237
454 2835
1731 2508
265 2924
1856 2922
848 2213
441 310
748 228
1565 2891
1384 2946
2689 2263
611 1206
1157 1171
47 584
2852 1315
1699 2409
1294 903
2881 649
1813 1642
1285 2015
2873 2859
2649 2756
419 2277
2335 1076
699 489
2335 329
631 1102
1780 1801
925 2540
352 1528
2121 115
137 2396
353 1373
2389 936
2690 2654
1313 2490
2784 1534
1243 2083
286 1953
2592 1719
388 245
286 1359
2838 2108
2505 1003
490 2343
10 2208
86 465
305 784
2056 2976
1038 1268
231 2596
1385 2242
1703 103
167 956
2531 2812
1685 2002
54 619
497 484
1441 2736
2718 590
2504 1390
1587 2750
907 496
2591 648
1189 1681
804 914
2548 2255
235 1430
2737 2913
1976 1086
2779 323
1346 2538
469 1828
1694 2001
2066 1301
56 943
2734 2007
1003 2533
606 474
1127 1176
2760 2832
2839 905
482 358
1566 347
1189 2537
2903 1622
189 2081
1064 14
895 1461
1024 2206
345 1559
1014 1121
555 1290
1678 1814
2692 405
2274 691
435 1058
2139 2923
2233 636
1251 124
47 2733
556 1448
1296 1553
2249 1997
2361 2541
2551 2878
339 927
2952 279
997 166
2348 887
2728 1560
539 2356
1893 1150
164 2962
1425 2187
718 1041
2617 1876
958 935
155 146
2975 1070
2035 2720
2938 2374
2838 2829
650 1510
2184 107
940 969
634 2862
2012 642
1919 845
2597 856
115 1252
2846 2651
2108 2502
1659 1085
2310 2436
2027 1640
1596 1152
684 2651
470 787
71 403
1768 1094
2472 582
2482 2809
2938 2669
359 2292
1061 1517
68 109
2572 1715
5 1610
2314 2139
719 2089
657 2402
745 47
2036 6
2654 1150
2640 1618
1850 2562
2728 356
1663 2775
1195 2007
2759 2517
1298 2444
1829 2161
363 848
2154 1432
2501 2675
979 2120
1019 2950
2865 2028
1214 2068
2583 1791
198 2573
1073 1713
153 2856
1202 1161
635 1671
2429 2856
210 45
2657 1219
2338 2323
1416 2921
1455 1005
2086 2287
986 731
1184 1358
1509 1587
1073 2044
2831 1355
2123 2845
1030 2190
676 1258
636 1103
1142 1622
1957 1278
1467 1915
1396 1708
1913 2681
1430 115
1473 444
2408 1357
2431 970
1907 502
654 1646
2932 111
737 1437
354 1553
1738 185
468 2205
2856 931
1389 450
1265 1245
1667 1372
1181 1770
2453 361
2244 224
1268 132
2664 657
1451 1020
1554 2972
1077 1805
872 414
1129 1253
1113 1216
2267 2045
781 61
1138 2165
1723 2759
2877 1231
341 2749
1085 2521
418 393
570 378
393 146
2467 2776
402 1878
738 985
1276 2074
1743 314
2687 1970
1039 2986
577 463
31 2875
2071 1278
633 2090
1564 538
2570 1410
1980 915
2773 209
2179 2009
1462 2086
2613 888
2173 1207
1340 2673
1854 1314
1973 2661
620 1107
954 724
731 925
1482 2832
2112 1272
2900 489
346 640
1919 634
2720 1801
2956 1354
719 2066
215 2022
2159 2536
2334 2711
2341 2089
1537 384
278 2365
1295 155
513 883
1170 2779
657 1572
1187 1665
914 1556
2508 2665
1107 2631
1277 517
2753 878
2539 2031
676 1512
437 994
2824 1989
2437 2858
2802 784
285 1506
160 1713
60 1799
2968 2035
855 933
1165 1918
1699 2103
2777 704
2982 1867
2952 2536
1754 2577
1279 2050
1798 74
1101 2624
2661 347
2593 1194
532 1374
2167 1433
2643 1468
2643 161
25 1137
894 1589
2731 354
785 2678
14 2878
2536 1522
1567 1412
1605 635
309 1819
1623 2233
532 1519
1299 2283
2929 2185
2737 1333
1674 134
1260 1482
1813 1505
1140 1739
765 536
271 1983
89 2511
882 44
2854 2187
870 2631
153 2669
256 1346
416 2500
2905 193
2224 1340
2260 221
1225 655
141 1462
685 965
945 1958
2370 2492
535 2700
2398 1160
488 1644
760 1430
1689 575
1521 1228
62 1423
111 1031
990 2395
2372 1480
1317 208
87 550
1620 1782
405 2569
1658 1544
1960 185
939 1491
693 2267
613 1969
2070 260
2834 900
2062 2873
2690 949
955 1487
1909 241
2261 836
2539 2129
2792 2194
214 683
1686 195
54 1889
1959 2613
2358 1582
1917 2869
2172 512
45 1889
2970 1300
2217 2201
724 1120
2793 2085
1335 1853
400 2765
2988 2481
2778 2715
1088 525
2661 2298
570 1441
1456 1458
1897 348
2212 696
1755 168
1370 2638
884 1639
217 86
370 1420
110 1014
2728 286
1574 2104
541 2786
318 1039
2077 2129
2847 2133
657 1040
1662 1737
105 2284
1216 253
1037 1053
2883 2054
2287 2588
2762 205
2197 2454
1716 2
971 1677
1351 1393
183 2169
1022 710
50 427
1672 1790
1722 599
2442 2495
981 1124
2808 448
2525 1288
108 961
2566 524
1741 2298
849 492
971 1108
1264 1767
643 884
1498 2391
1513 454
359 594
2425 2955
1081 2863
2618 17
211 2981
2101 1223
871 2848
2144 1058
2005 2539
1413 1225
2024 942
2281 2253
79 1139
158 2705
2878 1017
2068 2444
2412 2043
262 2082
860 2705
1757 1703
187 2982
2455 144
2945 1725
411 1704
1277 2942
2818 2239
630 2271
352 1214
966 348
342 25
278 628
941 1017
1898 1788
1918 2620
1157 2046
1694 274
441 1663
797 170
2818 2081
2786 657
2661 625
2069 1279
2573 2958
2103 2439
1195 473
109 809
2255 1738
2699 1028
1680 2671
1245 1373
856 26
2629 2780
1548 2385
1084 2801
1624 2156
1196 2351
2560 1262
562 1592
1456 890
2 184
2828 577
645 1901
840 2072
1729 1214
1706 2356
1899 655
2295 2672
1654 197
2951 1302
2778 1697
45 2983
711 364
308 61
1092 44
2008 915
1455 1225
1584 1350
34 1090
859 190
711 290
2175 173
708 1907
1445 664
2269 102
615 1379
82 1645
2454 1642
1667 2313
1480 486
2326 2687
2577 585
530 236
2674 83
1304 207
1727 783
2997 2586
297 1955
2679 80
80 1835
2916 2159
1807 2016
2583 2683
688 1202
790 1723
1953 361
2539 865
2899 2118
1492 2622
355 1507
2603 2775
132 555
1185 1161
2933 1024
2124 2861
1231 2964
157 1767
1392 267
824 287
1973 2552
2831 1968
1820 1187
2945 783
1364 280
1728 314
2515 1502
2126 1401
607 2077
2034 1033
447 736
2891 1791
1450 2220
630 2345
1516 730
2308 1719
88 2673
1028 1988
568 1146
2503 1646
78 132
2738 2425
820 2771
149 2857
1545 42
2950 1826
64 798
154 907
26 1858
1974 2298
2047 2650
959 2887
795 1867
175 1193
2495 734
2881 2430
610 1032
957 2640
2775 1067
2422 2486
2029 785
1656 2965
371 879
1794 1055
671 2268
2078 2104
1150 2611
1262 1914
2966 1353
2739 1351
2157 829
2033 2467
2336 414
635 2484
1699 2193
1009 2656
2156 1737
37 2577
395 2459
893 1799
654 40
2163 1719
362 2878
440 837
2768 1783
2739 2825
2977 1778
2210 217
449 1752
2078 2008
1045 2293
2894 1408
1596 1731
2879 65
211 2822
2257 40
648 319
1229 810
417 1842
401 30
238 391
334 2482
2183 2983
2104 2789
376 1807
1063 2814
612 1396
868 957
2784 1655
2558 985
1978 98
2047 1237
1157 2034
1293 1063
995 776
801 706
2694 606
102 2371
2961 810
816 1920
1092 1214
666 2883
2230 747
2337 1992
1450 1583
1367 1709
1190 2172
553 1142
2761 1016
2247 1978
782 2039
1049 1281
432 2773
1754 2812
713 1700
183 1180
1775 2835
73 2319
2807 1453
70 2951
2185 2543
1221 2535
772 1144
327 380
10 2129
612 2244
1428 752
821 880
264 933
714 351
2700 1488
1856 892
1276 2389
1740 170
1483 2450
1827 2798
127 2524
1504 552
1327 2507
2708 2416
435 1716
2859 1703
986 1045
54 532
439 1379
660 1660
2878 1921
1320 889
1804 2254
2337 251
488 1842
1093 1285
440 1276
1340 393
835 2783
697 1809
1630 428
1431 142
1678 2412
2402 1952
1747 1960
1471 768
2362 543
466 1555
1755 712
767 1027
2090 2351
1928 722
1852 735
1792 2574
1345 1771
2935 832
754 499
1148 1862
1597 2273
1370 2651
1822 2589
1467 1846
2685 1143
2305 1858
635 763
1678 1321
1220 2147
767 1570
1958 2061
463 2421
938 624
1410 2062
295 1817
2081 331
2217 2404
895 2665
1108 1754
2730 938
1012 49
1845 1717
60 2046
414 1128
1314 253
818 393
1432 640
1038 2048
1810 2854
2967 1304
2474 2866
634 976
954 118
742 851
2023 2009
1924 822
2631 2536
2203 1594
712 2100
2209 1586
2744 480
222 2436
383 1893
406 221
1821 891
2793 33
466 593
867 858
5 2216
2502 44
2985 1792
2055 464
1568 637
1560 1488
1525 1385
76 2571
461 1930
965 910
1395 2735
2596 849
2616 1417
982 1862
1635 760
2670 2694
1504 686
1508 127
2478 1541
880 2924
2755 2776
1515 1054
467 752
1048 2986
260 2505
539 2897
2925 828
2193 2360
185 933
2368 2602
385 1293
1805 310
2875 1846
2320 1395
2160 1126
1668 1926
117 2061
1415 1461
2939 883
877 2105
389 2510
1959 1952
465 800
2020 2491
981 253
306 408
1646 301
2149 146
1043 1969
1392 2296
210 1324
2801 1956
2594 2299
2790 1893
930 95
1345 2369
541 1542
1681 2670
1908 235
1279 2121
1063 1870
2741 2076
513 825
13 487
1879 1132
2870 961
712 2924
1413 406
562 103
590 2630
2509 1378
914 623
854 874
2556 2818
1291 1449
1125 2959
2217 79
1282 1296
2553 911
21 858
928 1907
2822 1108
2552 1465
2859 1682
452 2719
1542 1250
676 2984
1020 2626
2667 520
1063 2062
649 1787
1343 125
2912 2666
52 46
399 2979
2531 878
1881 662
1758 2700
1021 1684
685 140
522 290
2857 2993
837 2372
1048 1109
2502 2488
2502 2799
2162 226
1083 2474
1178 265
2530 973
469 212
938 2568
2895 2773
2591 1144
410 2338
854 1323
2963 1630
629 773
1147 1422
1140 1194
2884 581
2368 2186
2360 220
399 1814
1536 1490
1875 386
1531 1320
85 2399
1142 2012
648 416
711 1366
247 2014
1051 1425
2444 956
1225 1322
571 1720
580 2769
691 1084
615 1040
2406 2111
24 1172
456 2163
2910 2666
675 2848
895 903
416 81
2275 114
1653 318
336 1954
2151 1136
1826 994
1402 316
2877 959
221 2894
949 822
2737 690
1078 2577
678 1294
863 23
1739 234
819 2828
2217 2984
1323 2378
935 2074
2210 1310
1811 2821
2745 1235
204 2996
391 642
1531 2404
1005 2942
1081 1073
1794 1057
2486 1031
634 1170
2811 336
2529 2951
1057 1203
224 1504
472 245
2152 678
107 1985
2262 2084
1766 2677
1834 1275
464 1693
2662 2603
889 1533
2236 1126
264 1766
2249 1256
439 1678
2685 1298
1619 2336
2726 1264
2893 1542
1122 2444
1144 1707
695 2698
2613 2641
1336 2274
1813 2621
2679 621
2616 1042
211 962
2517 68
216 1222
1541 1112
389 352
1115 2187
1420 2326
177 2233
820 2448
1831 2675
2197 2919
355 602
1890 2183
852 1145
2724 1406
2612 2615
1081 269
2030 867
476 2485
325 72
2449 2278
1301 1034
1974 138
1560 724
483 2895
1549 809
366 1323
524 530
1791 2868
1902 2234
1143 458
238 1947
532 656
2120 2316
2769 619
1444 1977
92 511
1056 1699
2842 2252
2130 459
1762 1903
278 1512
1544 375
191 1063
44 2412
2288 1964
1710 2103
2166 811
1375 895
110 1304
1658 1566
2673 1255
31 2478
2755 1523
43 571
2401 1063
401 2030
2244 709
2947 1628
2605 2770
997 2576
111 79
1066 2850
212 2142
1477 750
1060 2411
598 1677
1334 1959
2835 1950
2018 294
2932 803
2871 283
2134 357
556 2195
327 2991
220 2379
2435 1547
396 804
2830 65
1204 813
137 1539
1820 226
1236 1020
2155 2409
447 1257
2452 1663
2879 2800
316 869
2567 2882
1156 136
135 2342
109 1395
996 445
1302 2440
2961 1726
1310 612
2798 2588
2658 2214
2155 1984
2715 2777
2052 2931
2616 2514
312 1696
487 825
567 2034
1922 925
2250 978
1862 552
1555 1530
986 458
2482 909
1892 2499
1502 2721
2357 2835
2807 1549
2204 937
2752 935
1416 2656
2645 1184
1245 686
2039 1510
1286 2393
1091 2367
1739 820
2129 1987
2662 2101
2893 711
2197 1742
2234 2904
2792 1180
2184 1845
1119 795
973 2521
2228 567
187 246
1656 1521
2361 1480
1231 2351
562 1489
2680 1832
1557 227
1098 2300
1521 2649
789 1630
1462 2996
1356 283
730 437
1246 68
1452 2205
2043 454
1200 1371
610 2176
2359 2785
2705 2147
2489 1565
2871 2976
543 1459
2690 1237
1344 61
1660 185
2788 1198
1131 1991
2614 1411
1352 2297
407 625
2700 2195
1575 686
739 1884
2448 143
276 1917
376 967
231 1451
252 91
2839 2557
386 1351
2197 338
1388 1352
695 1624
2544 2565
174 2062
2093 998
941 2371
2142 2483
1905 2988
1372 259
1152 480
1586 2716
772 897
2540 864
2118 2288
1654 2136
875 1885
1544 1470
455 2947
359 47
85 1238
1587 1970
765 2432
2924 2831
293 2164
2698 1086
880 220
211 2210
1830 1971
59 2195
2446 272
817 1561
1443 2486
557 315
1016 2376
395 813
2529 420
1439 249
933 2416
2171 915
2830 2997
2085 64
295 2047
391 2702
2110 986
507 1692
216 2990
633 2230
1365 2757
826 2529
992 589
2395 2711
1296 1418
181 1687
22 1014
876 1971
286 2811
636 2184
1081 2007
1895 1612
2770 1293
1472 2283
2030 76
2345 770
745 722
2006 1272
1038 1163
440 730
970 2481
1922 38
2577 1730
2475 501
1161 1648
998 2905
67 6
2739 1803
808 833
2124 2768
392 139
127 1655
2943 2881
154 2792
2161 2963
1953 661
720 2881
1879 1618
428 2902
2725 1711
1889 2592
1754 1359
539 812
2904 1959
944 1087
1490 2420
572 794
533 406
909 276
2587 325
608 2867
2577 356
2670 1308
176 1011
547 541
623 2301
2621 77
2501 2532
51 775
510 1486
1313 422
294 1347
1771 1416
485 2120
1741 1375
2682 1741
2917 968
2919 2980
306 496
634 2117
689 724
25 2988
2970 309
2562 2276
1276 1816
51 1055
2439 2455
125 1528
2759 2156
706 1664
631 2324
337 1111
1856 2941
910 2200
608 408
2815 1115
1766 643
818 2916
2593 1715
233 524
2508 2441
782 1455
2721 2874
664 2559
2397 1173
159 644
742 1121
1461 2422
1880 1696
1958 7
2340 916
1115 1483
521 1408
2772 1120
191 1012
125 1977
385 1122
1641 1958
2990 1164
2934 1289
2421 1578
787 1762
629 1163
1154 1924
2187 855
2212 675
518 320
966 628
2946 2929
1548 2633
952 1232
945 1542
1211 1649
2250 714
783 2306
287 1813
1554 2420
1277 1349
856 1264
177 262
2351 2693
105 198
1706 2879
1579 2038
2348 1677
2540 551
2792 471
2187 216
1205 596
1228 705
1989 1654
1765 856
2255 1285
11 1604
2004 222
607 1094
867 362
1809 125
1476 2753
2099 1027
1499 2826
2000 1189
721 325
394 763
1523 56
564 2840
174 2764
737 507
1909 243
2687 1587
73 1300
860 1847
1931 268
979 2329
2655 2680
725 1973
134 551
1085 486
1393 335
1573 1838
1900 52
559 2964
401 2959
934 1875
1688 1553
2791 1828
2409 1079
493 2662
2939 99
2709 200
328 1554
338 368
2979 1860
1007 54
1847 125
749 1202
550 2765
2847 1322
531 1610
1509 1793
224 2533
2181 2457
2377 400
2152 354
319 992
1761 77
1645 2382
254 1256
2021 2700
499 2849
1117 1761
2948 1177
2570 713
1999 1088
2689 1752
1298 261
2686 2099
1232 1148
582 1918
1987 408
2050 1289
2091 1635
1566 2082
1044 1236
779 959
2458 2145
2093 2284
3000 1360
1899 801
2090 114
1098 1403
2868 452
680 2686
2132 1313
1194 767
1764 807
2127 1503
2647 1681
2364 2275
603 2521
2327 948
1974 1279
670 1446
2325 1054
659 2814
2477 1867
1151 2968
1075 2165
1378 12
818 480
26 1043
709 2134
58 272
1900 2527
53 1030
2998 2766
250 2458
2030 2602
681 1098
1764 2225
1517 1543
1937 1758
2191 2343
2048 2829
72 418
2120 2200
708 2793
1114 1096
283 2574
638 2714
1567 672
2389 2636
1360 1334
1907 1715
1570 1397
2240 2092
2521 565
1203 21
1868 875
1617 1935
1153 2782
1692 2424
2861 1746
741 230
2365 739
1184 687
242 2598
2672 2331
2170 2954
1625 646
2157 1314
2182 181
2945 1903
1541 984
2860 1810
177 456
430 960
2977 1892
1930 2077
225 1365
626 730
1235 659
2276 1730
76 64
1413 2426
306 2586
329 2910
2038 1752
1844 2068
1135 1230
2974 795
2718 628
2279 1616
1863 2330
1303 2516
743 430
624 520
1617 1614
2141 1197
2604 1049
1324 2212
1969 1710
1609 1943
1694 2520
2133 1611
2685 2525
2003 668
1083 2089
498 440
603 409
44 2356
787 1297
1731 2349
451 933
364 1949
1933 1813
1004 525
1656 1065
553 1562
2348 1308
2464 922
2257 2104
1428 2621
690 921
2365 1162
1114 52
2263 1763
2570 2165
1076 2660
258 2331
799 2466
1006 2148
1964 2262
590 1205
902 1679
2258 1265
1628 1133
1410 333
181 2174
466 2318
620 45
700 2799
2165 626
250 384
2087 2684
2814 1602
2475 1062
2841 1440
926 2682
2743 2169
1286 2761
1384 308
1377 83
2203 1968
2321 2192
79 2070
1398 1152
1133 2664
1083 1310
1611 525
577 1871
2053 1455
183 2300
2480 1421
2386 331
314 2452
635 810
82 822
1875 1993
1867 1168
1921 2123
126 690
2134 1634
1763 2241
1584 2106
241 2972
1290 1675
1235 705
2021 1995
2117 2528
1945 2792
2889 2283
1292 253
273 1162
388 879
2444 1788
2275 2841
2194 2176
2257 939
227 2449
1958 1284
1103 2212
1314 1274
1399 461
1397 30
1962 2527
1126 1369
309 209
389 2340
1478 2957
647 2803
1068 1706
1002 240
143 2374
1313 1685
566 292
228 1945
2462 1444
932 1906
1680 2477
786 1489
1715 1739
2717 602
306 2529
1681 278
743 178
1050 2162
1535 2727
2017 1127
2029 151
2053 2197
2111 2317
282 2150
2272 1829
892 872
92 419
881 1230
2602 2040
751 9
1348 1005
1204 2732
99 2975
2785 2653
2155 2950
102 846
212 1138
525 2197
1984 195
2639 481
2949 2343
1810 1020
1331 2967
330 343
2771 1596
584 1054
497 793
118 2742
268 134
1752 1400
2443 1934
826 2163
1515 1164
1755 529
2196 2755
2052 294
1114 1160
1047 1908
2949 1470
1495 2051
1114 2956
2163 400
1646 1617
1112 696
2454 801
2989 2643
929 724
2892 825
832 2076
2406 1665
2729 2203
498 943
432 181
2889 1274
2842 264
2116 2812
363 253
2831 1232
2871 1208
2591 2339
1630 944
208 720
942 194
1096 2555
1613 1494
1237 1596
844 1709
1980 1936
1895 152
2879 1750
1887 702
2211 1934
1835 1977
2980 2251
1462 308
1673 1739
870 559
308 2529
313 597
71 1840
2227 398
606 428
1982 445
2442 2549
749 2561
495 943
54 388
1133 656
893 2749
2351 520
606 599
1689 2730
1650 1075
2186 1286
1455 2011
2110 2716
2949 1682
840 2926
2249 759
580 1238
2840 3
1282 3000
1226 1726
179 1255
908 1846
1761 34
2083 2681
951 1920
951 392
173 2520
527 1906
893 2029
1757 40
883 878
1631 2464
2011 1868
1645 2070
590 2665
257 454
2285 155
594 2133
2418 297
392 2410
188 137
2308 511
1327 1733
1172 1326
1291 1916
1036 12
256 2455
1322 2330
2735 2650
105 407
213 2156
2659 1293
2057 2963
2662 1093
263 2554
1364 272
2731 973
1567 2490
1089 1195
123 2512
121 2855
971 753
850 2573
472 1064
712 2301
40 1963
983 643
1366 1346
1495 2694
2899 1831
1230 1166
2088 1301
2398 2994
397 2076
915 2173
1617 423
2563 2209
2070 2352
1683 823
1054 1577
2622 2422
1059 790
2848 2874
2418 2793
2710 583
1889 2381
2113 2189
2888 423
2902 889
1683 1240
75 43
706 2408
2755 78
1396 2487
1644 1123
994 975
2335 719
1221 2798
2027 617
2669 1642
1183 2644
228 54
2893 2258
1288 1723
1553 1382
1286 135
391 979
2400 1809
2698 2378
1327 784
90 307
620 1152
1686 2461
2948 2888
582 1796
159 1499
1673 1444
2880 660
566 2139
537 2780
823 37
2423 2649
2290 2590
354 635
1379 839
2635 2232
445 2004
261 230
1188 258
1013 2032
2689 615
1669 1311
1410 1114
2101 2955
2753 589
1234 1148
1426 1172
314 208
2077 28
2222 1233
2603 2023
2353 567
2287 1083
2356 2157
521 330
304 96
2200 1744
1514 769
2265 1241
2523 2868
963 2235
2029 2502
532 452
914 1024
2140 2374
93 838
1306 2472
2308 535
1916 1751
2801 2913
1094 994
2130 1315
184 2941
1798 2570
2234 1482
1301 2561
1020 2273
1112 2563
100 546
2688 2032
2473 2470
340 2563
1501 1184
2905 823
2081 2097
2131 401
1524 578
1083 1092
2229 1418
581 664
1548 572
1021 898
1344 1321
906 199
990 2889
2392 347
1340 2914
1114 2834
1377 2283
2890 2488
2112 1175
561 1963
126 2724
2534 1694
123 2200
1036 2412
1837 663
2256 280
712 1742
2279 2089
1995 1098
6 2714
1012 2638
1974 1803
282 1260
952 393
1139 1809
431 2813
1923 1517
1915 2160
2410 774
922 1495
1136 1672
2634 2131
1147 2673
1362 2299
2984 2971
331 1565
1314 1564
329 1177
2330 753
1811 2685
1319 781
929 493
2414 2607
506 2212
2244 1366
2283 14
53 1716
2119 2272
192 172
2307 298
2762 1650
40 1491
1513 2894
2597 459
878 82
1190 636
190 760
1210 1247
2726 1416
358 910
18 273
614 1902
771 2338
46 475
2298 744
316 252
1310 2890
711 2628
1828 1090
1697 2864
1755 1328
2853 439
1492 501
2494 1035
1957 2972
1156 474
2790 226
1112 2974
2588 1273
2989 2712
69 1366
2221 539
2618 294
1127 288
704 2861
1396 2248
2226 1087
1944 1538
2856 1188
798 1039
2725 2329
2936 2491
1071 2466
2198 1461
2175 2298
1953 408
474 2521
1151 303
1293 2272
1195 741
2313 2357
103 2870
1050 1361
613 508
2575 1192
1753 562
918 998
1412 1647
637 352
471 1169
1920 2215
285 1911
2055 2385
73 3000
685 859
2844 12
1969 1855
669 67
2605 512
1126 1099
2255 1613
296 2899
2534 2020
1385 167
1321 2529
666 856
2801 2684
1264 1762
2634 532
651 733
2717 1055
2758 1962
1116 480
1787 452
1012 2582
2866 2333
1260 174
2160 541
2573 72
2262 1613
1532 2204
2501 389
1973 1828
1824 660
1512 2114
655 1300
1628 1758
168 1235
2246 1167
2435 831
1278 1025
2189 1392
118 802
2364 2576
1382 1999
2781 2042
2316 2883
1355 1663
1880 2494
2479 294
44 1820
367 2156
246 2241
774 1947
1761 599
1166 1963
1196 577
130 773
1363 2923
521 196
1909 1704
1668 983
771 2691
1321 935
962 139
2276 2865
1945 2695
614 1946
70 1736
2407 2471
396 295
403 464
1111 651
1168 2486
2824 2722
562 1426
4 2942
2407 714
2461 952
2000 420
758 2657
705 2308
829 2794
2457 1024
342 2396
1113 528
125 471
105 1364
1478 2970
1355 1762
2769 230
874 2846
1003 2083
510 1910
272 2129
2357 734
304 749
496 2176
2447 1974
1733 2324
1299 592
330 1190
1121 511
1968 519
1339 285
172 1502
2838 1774
902 2550
1867 522
2567 1530
1836 1931
2961 714
1901 2450
841 1518
2198 1775
1503 2425
2424 1738
1440 1140
883 350
873 113
262 2248
1498 1817
2425 1147
640 641
2842 1611
1246 2190
102 2677
244 92
151 2021
259 2438
829 1087
1630 2733
2864 1615
2816 828
2192 1158
2423 324
116 1014
1283 1076
1617 155
90 1921
332 1148
202 413
2598 2984
2815 898
595 2758
1006 1220
267 2637
2106 1746
1003 1263
2775 431
744 1661
615 1895
695 2109
1246 2762
1449 885
936 2051
1147 2620
277 522
1982 759
2676 833
207 1158
1526 1039
1614 164
1530 1629
57 1343
917 1814
900 1693
2545 2633
2200 2598
1864 470
1524 2622
1306 87
2067 227
100 23
2834 126
527 1127
1156 510
1629 1096
2300 2253
801 426
931 1426
2569 2776
1123 81
2893 2807
1289 772
4 2054
70 2569
121 596
2272 2363
2470 818
2677 1161
1985 1525
2333 2118
2347 1513
1159 782
959 92
2013 1593
752 2650
2018 1903
2455 1533
1627 1897
2439 2458
717 1708
1322 835
208 543
2431 21
1996 2529
888 2280
1919 2240
2533 220
461 798
1530 1955
163 2984
2295 1284
1902 447
2123 2278
2756 2502
1752 192
2076 2736
944 2550
351 1172
2626 226
861 1553
1464 311
1509 2138
482 2244
2987 134
2004 297
2661 1634
1281 2614
1940 2389
187 1368
2213 1199
2637 143
1954 1865
2760 1605
2847 1414
1532 2392
1807 1074
1324 686
2572 1704
1937 568
2017 987
2745 2195
153 1628
1320 1333
613 1641
1467 1147
2333 2767
1131 1323
1578 1393
1976 358
769 1306
2437 2938
777 565
2995 675
2166 706
613 351
1670 946
161 1679
782 2323
730 2604
2113 1821
2414 1799
2757 1863
1612 2079
2166 1335
1448 289
1482 509
2402 303
2809 430
1755 1696
1586 2557
1551 616
1806 2736
1490 1884
1543 9
2446 2306
261 2781
1466 2496
2225 2700
1707 357
2656 1225
1530 478
316 2116
21 745
2360 195
578 1678
258 934
2290 1713
1794 32
2986 1195
1712 1888
174 2776
2504 2053
316 1393
1502 1734
464 2669
1001 308
120 660
7 2455
2016 1110
2708 1300
67 1925
1308 175
1371 444
1214 2840
1698 1443
927 2679
885 1005
2774 2212
1820 1450
2806 2072
1539 515
1805 1511
674 1518
1434 2574
2392 2121
739 1742
62 2997
810 1313
1577 1133
1275 1841
1100 2493
1880 2891
1137 1448
1089 195
438 355
804 168
1847 958
485 2594
1104 536
1149 2734
1728 1449
325 1781
109 2693
2440 1403
2622 793
2608 645
2557 2381
940 1486
2896 2601
2503 1235
142 66
168 69
143 386
998 1968
1840 2874
717 2830
726 1697
2051 771
2120 2424
1978 2692
2873 917
1582 1947
1367 148
986 1726
571 929
2206 2843
2328 428
163 2319
1705 1331
845 2842
1074 1351
344 2746
2472 1320
2311 2959
2194 2422
1472 2216
823 1005
1909 1111
338 1902
674 1126
80 2213
409 1820
1458 2100
709 2579
2060 517
502 1878
485 2274
84 2109
2553 2639
2849 1878
1175 2272
338 305
2667 209
494 1750
996 1995
2267 644
1848 1740
2700 1577
2320 413
1302 131
1894 1345
1086 420
165 1105
2989 35
1401 2991
431 233
1643 1554
969 2247
1913 329
1870 796
1796 2325
740 2617
984 50
2180 1227
777 2288
2168 838
1167 224
1749 1367
1737 2740
2161 924
1329 1616
1454 982
194 159
2455 2745
149 159
2055 1189
1227 2089
1942 460
2533 378
1086 2595
815 73
45 2593
2022 1384
365 1420
181 230
1188 614
1767 815
2542 1762
1075 722
190 2243
308 1788
822 968
1491 57
1769 47
526 1256
764 2843
202 2273
542 1872
1240 1233
2497 188
1920 697
577 123
2646 1050
2093 401
116 138
2606 1485
532 2055
189 782
2232 490
1428 556
2295 2230
393 1486
485 2888
1665 2760
2689 792
298 1137
2320 602
1267 2093
2962 2121
1592 1223
2530 1349
2247 1775
2777 192
2816 2371
2307 2736
2240 1646
1645 1239
2322 1539
1779 2506
27 1114
2037 1112
2765 95
1737 203
2476 206
1505 1457
2560 1551
1967 1377
2786 366
2410 853
2450 1189
540 2256
2947 2334
2811 481
286 1797
1713 2674
30 2841
2807 2018
2944 1294
1248 1053
740 2085
1397 2607
1557 1973
796 507
1926 474
1208 1788
951 96
37 1241
338 2913
2041 2046
1731 968
2392 1256
1338 1307
1649 1697
2187 1808
1964 526
24 2226
1360 2940
1063 367
1933 2056
166 680
2328 1625
1894 2647
2425 311
473 682
2141 556
1447 2633
1343 678
2074 1960
2848 2664
1121 1487
1988 2872
353 718
2978 368
893 2501
720 952
1921 1232
2774 2680
693 1314
2159 324
335 1390
1623 1655
1695 1262
1236 1319
427 461
306 1362
848 95
2610 2469
680 1794
556 1144
2145 1475
344 1057
1633 1745
1750 1640
1047 5
2510 2702
925 665
863 2174
1904 2071
2069 1445
2467 1892
1757 2544
2227 2181
2007 1943
2193 550
1350 2831
2109 1914
2513 751
2746 1783
1183 1924
2029 2553
2304 1181
2748 85
381 1559
904 431
533 1700
1526 308
935 871
12 533
173 2969
905 1444
1375 981
700 1746
1232 544
223 920
1609 1523
1917 2271
1651 569
529 1502
106 2069
1210 1731
1433 661
801 1454
1570 1703
350 362
428 1663
1665 2598
807 1054
987 1947
339 1518
2657 520
253 819
1591 1294
2222 2256
257 221
2566 1230
2922 31
1823 1109
1800 324
456 1643
248 819
640 707
1735 130
1221 856
213 1395
1074 1396
553 1083
835 2847
548 2605
2875 839
2751 1655
2829 1291
700 1771
623 2399
201 2555
978 2311
1944 648
2715 1664
1227 2500
17 2764
504 1665
1127 2601
2945 2109
1925 1826
2978 643
1140 2057
2476 734
1760 2585
2864 2037
2664 224
1183 147
554 1414
1113 2539
2826 1428
1854 1522
445 2284
553 398
1640 1515
1668 1925
2252 606
2111 483
2879 2162
1565 2198
2283 230
556 1550
2564 2521
2908 517
1765 2750
548 855
733 2874
2114 162
847 407
773 1887
1573 375
511 2023
2679 1933
1375 662
1341 2900
150 1952
2879 1951
2315 2956
2737 69
2994 2790
2157 2910
113 343
2022 2292
607 432
755 2682
1923 740
1271 1059
2978 2554
2953 2127
1321 1409
1104 1643
1892 1546
1021 1334
1718 1810
999 1226
934 2641
2621 2482
340 595
2189 1544
1074 12
2806 295
1922 1838
650 2999
2856 2845
1557 993
2303 220
2488 2820
2835 1865
1255 980
2246 2876
817 506
726 1854
887 1622
2440 1732
428 189
1217 652
1537 1126
2861 2966
2629 1505
2221 694
1161 563
951 579
1295 2456
531 566
54 836
417 1549
2 201
1352 966
2798 2930
353 1253
1158 680
1874 2300
2758 2913
525 2531
89 163
267 2443
2178 2601
1109 1228
2363 1886
1648 1913
1047 2279
875 2707
2864 559
2007 1358
2627 1402
2265 1714
1825 1489
1116 1914
669 448
341 2089
1694 280
1695 2750
120 1083
973 1060
128 1293
1938 423
2275 1071
1672 1387
175 606
2255 1503
1027 373
547 3
2302 1989
240 2823
2042 614
2873 1405
697 1869
1595 2512
1683 1023
171 701
2764 305
2746 2402
2703 31
1193 1852
424 726
1168 2597
1685 1372
1869 1806
973 648
1725 832
900 309
2737 2471
1101 2579
2730 882
1744 2177
2147 1616
420 1418
1158 831
1413 2921
2700 2788
1742 456
2926 317
2290 2484
588 2773
344 460
2563 788
1267 16
173 768
639 2686
221 824
2731 1638
1964 1514
1974 193
1288 500
2596 1064
1852 2575
310 2687
1097 1181
197 827
1072 151
2881 2686
1530 1659
1655 2250
44 1422
838 1279
1607 2740
716 188
1067 1692
544 1711
336 700
113 1521
110 518
287 979
1470 2418
2584 2228
2031 828
1421 1905
806 918
2660 510
36 1589
2668 2476
1315 2264
656 363
1835 764
1661 1364
1970 2115
1107 987
2967 359
1616 413
1964 1636
2440 556
1636 2867
1391 597
752 2344
358 1064
1297 1992
761 229
1673 674
1361 2717
1925 1439
2529 2789
228 1574
2850 1770
1311 2220
47 515
2732 1080
1792 613
1297 97
633 2529
1945 248
2921 700
2715 927
937 126
1626 1416
2414 2993
2466 1895
2490 1641
2059 252
253 511
1278 2759
2868 1942
1034 2892
787 1407
2114 2027
60 1788
421 2540
1297 664
1580 340
2566 826
2816 463
2909 1159
2769 274
836 1129
1240 72
1402 1018
2011 2302
1879 2644
998 4
454 716
145 1682
2691 2481
2522 875
2482 6
747 2585
2420 405
2818 864
1876 2291
1376 2247
2436 710
1579 2211
983 331
1225 2071
191 2680
2864 2808
1509 1975
1338 2027
628 2622
2695 1936
2104 2459
139 1215
320 1161
868 335
98 1138
2728 1879
2660 2320
379 1739
1760 2801
2946 2396
1086 722
81 2702
1791 1950
1921 2021
251 179
2524 880
2320 1205
1399 938
1153 1468
2713 2282
2941 365
2936 1064
497 1296
275 442
2503 387
1220 606
1835 762
627 1133
2000 438
1011 1768
773 490
314 1382
345 1226
622 2347
603 2430
2053 2729
248 591
679 30
76 608
1360 924
2010 627
512 1652
1505 2071
316 833
1848 2275
1529 935
1099 1700
689 1093
2760 328
2313 986
2990 1703
194 183
2147 951
940 1732
1864 1190
546 2596
2404 1487
1507 2250
2135 124
1466 224
2878 1420
2275 1036
1133 2546
1132 2391
2033 169
2423 718
443 1974
665 25
2011 2863
1573 499
208 2823
2178 1154
539 1137
1913 1268
2528 1846
372 2168
2858 1753
691 110
1299 633
96 480
2220 2000
1175 244
1977 179
219 2855
400 287
2034 1223
2205 933
2265 795
797 1183
340 988
1045 387
2674 714
367 1907
2821 1192
2363 2840
2645 1792
573 424
986 1927
902 301
502 1574
225 767
375 1930
2282 100
1158 2334
2573 2480
2407 1953
965 2107
651 602
2407 2365
1456 265
2427 2491
2550 997
1042 2445
1321 1043
2716 115
1356 369
1742 1827
303 1625
2388 1932
1023 902
1694 2927
910 1769
1390 1639
1079 434
2638 1472
1038 1359
2165 2073
491 1994
828 2156
2896 382
909 396
197 2714
1464 1976
1494 2819
1811 2222
2342 2572
28 44
2283 2804
17 2750
2803 1025
1230 382
995 71
1000 1602
2256 2718
328 135
810 1322
960 2896
117 2562
957 750
521 1270
1002 1685
2504 22
1113 2895
2315 2984
1598 1500
2279 437
1824 2563
159 1848
157 148
2909 2683
151 1978
347 1596
1052 2770
2432 2173
1913 567
2925 1447
1807 1105
120 45
990 64
395 959
1850 1991
2401 407
2746 2969
738 2416
2852 2587
563 2568
2879 1803
1445 876
112 796
1076 102
1655 2664
1131 1109
2053 2135
870 2
2774 2351
2663 282
617 550
2626 1902
1561 2458
1886 2625
426 560
261 2142
894 237
2655 44
2726 2131
1300 1774
1519 2874
2292 195
1051 972
1967 824
716 1857
2577 2356
765 1079
696 2035
914 709
1457 220
425 1074
1542 2045
1639 230
2180 718
376 401
834 104
1158 926
1088 212
1803 321
519 2933
163 2337
1162 893
564 375
12 198
1421 1176
1594 2436
1085 2633
350 507
2329 855
1593 68
2554 538
997 1870
413 749
2797 945
430 1314
2352 313
1645 1094
1566 2274
1793 2819
288 1363
2561 1612
2744 2875
870 2487
865 2623
59 2667
1914 2066
1297 1383
2517 2627
509 1274
2428 1703
21 51
1343 544
1833 2518
1728 2000
2494 1348
2158 1942
2972 2511
1253 2276
2460 52
1841 2193
2027 181
1782 2283
971 1849
2069 626
2321 1251
2796 2195
701 2571
1028 2291
2298 1011
677 730
632 1504
1102 1374
1096 2083
1746 2827
347 931
2729 1968
2485 2320
1173 1527
200 920
1941 1010
2290 1427
1721 772
2592 2380
1517 963
1922 708
2714 1183
1791 2311
1736 2072
1532 1432
1736 236
2564 1511
641 159
645 1546
2236 2780
659 1610
2338 682
1079 2982
263 346
2440 2620
914 443
1838 2991
724 365
1375 737
1085 2594
413 85
1984 2869
2887 557
157 2974
1330 2782
2125 204
1403 1553
2433 1830
2727 2391
338 2359
1050 2434
1298 880
256 2676
1946 170
545 44
713 2438
393 1400
1333 2802
798 2789
2312 2025
1647 928
1381 1051
268 2554
480 465
2717 409
1461 1832
1058 1504
732 2800
364 1613
734 2757
770 122
2728 1780
653 406
2194 928
1489 1855
998 486
1596 2036
346 2609
906 925
325 1801
553 2460
2997 951
892 1432
723 53
1146 283
1786 1634
1940 2239
1149 1630
2726 1750
1475 1885
1107 1111
1151 2928
2598 2317
2545 877
1612 422
2264 1656
1512 2185
919 2012
2843 2080
2113 303
1014 1038
1708 847
628 2681
2042 2192
2789 1358
1497 883
404 2964
136 2237
2847 2134
2016 211
1063 6
1505 403
948 1079
303 1919
336 635
1289 633
152 1306
1268 2985
1116 2758
781 2745
2113 1771
2766 1079
781 1976
219 2012
50 2242
863 2636
1037 131
628 1909
114 363
1431 2856
1025 357
1772 272
1610 1056
2046 316
1252 2439
1006 169
90 1657
2125 1685
916 1149
1162 1019
1764 2069
567 1257
1007 2137
330 1627
493 343
637 1043
1022 2665
980 1468
2428 2141
2715 1505
714 8
297 2734
1733 2101
273 40
994 1278
53 266
1723 412
769 477
428 2921
1754 2669
972 1298
1288 1468
1774 2487
839 1655
1133 1909
1219 501
1771 1804
2077 542
2527 192
2027 1364
1407 225
2610 129
1757 853
823 1983
730 987
97 2111
386 2142
2152 764
954 2999
828 2694
2182 2872
371 767
257 1114
1061 628
1602 2933
1597 2376
524 1969
1633 2166
2015 1258
470 277
663 2450
2210 1897
2473 2071
1310 1533
2077 2913
927 2042
1745 1531
785 302
1433 867
2974 1240
1144 188
2304 1577
2438 2938
139 1488
1620 2610
2539 1131
527 1171
1384 2478
779 2834
2540 1519
848 2377
1571 1153
157 1787
412 1827
2232 2908
2524 1727
1553 1392
1044 2210
1338 2898
1871 1030
1749 2000
2454 2441
2610 1387
2631 851
1991 887
2645 1288
1637 630
160 697
2848 1954
608 2020
2003 385
2958 2879
1783 391
2481 789
142 1052
941 2859
529 2611
980 497
2316 1879
1592 2685
2721 2917
2269 2826
339 938
482 1814
165 2869
320 1119
1057 282
2621 625
2946 2041
104 1883
730 1091
1251 1117
639 2358
2655 2734
2411 2770
2182 874
1224 491
2522 275
501 499
443 1997
2022 1940
1337 2307
2457 502
856 1437
2471 2004
817 216
2752 1870
1636 2268
1197 2932
1226 2031
1547 1506
325 1757
1241 57
1461 664
1990 2287
2160 1197
2815 759
1093 1181
913 2699
2193 1202
2820 845
935 1069
2149 2651
542 2806
2782 1008
986 1266
2971 1445
1732 1620
736 1218
165 2610
1526 70
324 2316
577 2289
2201 2997
843 2024
2597 2502
1255 816
2598 19
2713 1166
1240 2476
2232 186
2495 1369
317 744
356 2069
1167 2139
1216 2021
591 2279
1628 502
2474 806
979 120
2267 1852
1486 406
1139 1404
1699 2264
155 206
1739 1929
2685 2659
2836 760
1604 984
122 545
2153 2019
335 1977
786 1775
342 2187
2391 215
2856 1982
2299 2865
521 2460
1475 1380
2634 650
2596 262
813 181
657 2112
2294 541
2833 1248
1702 76
261 428
721 2408
2011 729
2479 2766
1890 1495
1826 2713
1567 225
294 2021
1225 2844
2239 2773
2915 10
1223 2826
1960 2204
2110 1775
469 1841
2628 252
2849 2385
1919 1677
2497 1258
1540 2202
2004 1392
2942 386
1203 1880
2286 2153
820 1288
2438 501
210 1953
53 493
570 244
1954 2608
2968 144
2048 2273
2093 577
228 1545
412 492
2349 1991
2808 1172
1252 2545
1033 1451
45 460
782 2551
1093 1396
33 1587
883 1853
1805 1318
345 578
1758 453
532 1958
754 1229
2990 592
201 2316
779 1885
2358 1634
2522 1114
2039 454
1487 761
964 1499
1558 2856
503 692
2327 2705
2095 2566
2942 605
2547 2469
909 2506
2211 2268
533 1709
1523 914
1290 2309
1650 541
704 282
1550 2737
426 1567
628 2362
416 1225
1029 2944
2031 2730
2374 112
2860 436
2583 723
647 427
871 729
2639 2246
494 2561
146 2440
2727 516
2129 165
1597 820
1662 1427
2114 817
1977 256
168 1334
2213 1162
2973 2963
1862 2998
1315 794
1065 2869
686 748
1387 49
623 264
2167 2763
1798 1720
2421 6
1432 2333
1359 1426
1068 2874
925 1557
2951 2321
1806 413
1774 563
94 312
818 2202
1658 1400
1825 41
456 2044
279 827
2536 2313
1454 200
826 34
720 2245
859 2230
2539 2198
1071 2910
2723 622
568 1136
2163 2277
1616 2810
262 317
210 1110
825 288
1400 1159
2204 943
1853 20
612 843
923 1638
2832 201
1696 1736
2994 381
2393 2394
1553 1412
812 422
1492 623
2388 1035
1239 663
1234 362
2253 436
2713 387
880 1010
2556 814
2696 2374
1779 441
2865 2173
575 54
1384 1416
1780 2691
1381 2093
1355 2531
609 604
2835 1696
2005 2127
1908 13
1042 731
1970 247
2884 2168
2572 1260
908 2154
85 1276
1389 2940
2527 2314
2878 2045
904 1790
760 2441
1884 2266
1452 2426
1652 2480
1830 2165
1763 2425
993 972
869 1725
1962 2474
736 1312
864 3000
225 753
1279 2890
2291 973
2564 619
1414 372
115 2167
638 486
1319 1106
2671 2552
1601 2286
2418 2137
2845 1280
1865 38
2648 1006
1727 473
2964 1452
858 1281
2486 1876
833 574
44 556
2231 2495
106 2078
2541 1582
1583 416
1013 2123
269 1671
426 1009
1468 2791
2431 1294
1262 243
2896 2494
563 215
1133 379
777 2280
2933 1706
2782 1836
1660 995
2271 2544
2558 2654
2988 1873
2941 2312
2556 1897
88 2990
230 2308
1678 1682
181 30
1310 2155
429 1435
2988 2659
1434 636
2080 1377
1790 2214
1909 7
218 1455
2501 1081
2859 238
1617 2846
849 260
173 2250
1780 2491
2023 1338
1115 2039
2344 1522
258 2073
2977 1337
997 2568
990 1791
1498 2944
522 249
1364 2830
1964 1559
831 631
1937 2492
543 215
193 1570
8 2617
2155 1577
1154 1116
1683 415
1510 2947
1784 320
1955 1401
2771 2104
760 1809
767 2058
1622 214
301 1502
951 18
2886 2444
210 2758
1337 1123
2411 205
2753 133
2489 13
408 1746
440 2223
2763 143
2091 1911
1899 2466
2775 2984
173 1094
2745 103
2367 1648
615 2555
447 1595
2054 2218
1330 1428
2170 2496
1921 1735
2559 1106
2740 151
1869 1683
1581 2937
1295 2177
1706 308
1018 1802
611 2529
2550 94
1444 2109
837 2759
2998 905
2491 1168
2566 2402
2411 2838
2036 521
312 1884
2443 2078
2395 1593
2486 2901
748 1011
242 320
1222 1564
2876 2067
2903 2300
2681 683
1013 1701
825 1900
2876 2027
969 760
1189 1450
2826 2
2475 2364
2907 2635
1497 1341
2 1898
696 1615
2090 492
1850 558
811 1281
84 998
2537 151
1366 1971
1244 2874
1729 2047
2031 822
2426 1374
2719 2869
1464 1420
1700 2337
1844 1032
317 752
1785 2986
1474 1095
1519 800
2463 1354
1731 1089
109 539
257 449
2892 1372
523 55
889 1133
1440 1516
2299 2778
343 914
2295 2265
2216 1523
44 58
310 1433
905 1369
75 793
1698 492
468 574
1145 2114
454 435
981 2492
2981 2812
218 1256
2756 2357
222 668
2283 1973
1878 8
3 464
283 2897
570 2576
1257 1717
471 2554
2537 1187
126 2382
2525 1892
2173 2971
2566 823
1335 1732
280 463
774 1009
1915 939
2303 2440
1133 1535
957 2299
2681 2370
532 1324
1602 1573
1246 1869
2122 449
1749 1122
2872 276
1537 2346
1617 199
2356 2843
2623 1744
2029 2137
2026 1314
1101 931
1630 484
2112 1634
2190 2596
1789 1300
340 676
2573 1792
2262 2702
2702 2989
383 2327
1348 2220
1952 1903
1491 108
2395 2132
2334 88
2934 1863
26 1207
509 2874
688 1485
1714 2688
2511 378
1569 665
1016 512
1816 423
1837 565
1173 413
3000 2786
2602 2168
173 1574
67 841
1853 923
2069 2862
1035 1800
15 1567
508 1023
1892 1108
431 2699
970 253
1122 2504
2723 2164
2661 530
2752 1193
1113 1425
850 1136
25 2379
1772 1383
162 1930
1969 2686
2930 1127
986 2573
2636 1306
157 1455
245 1191
1186 2878
1255 1196
7 1868
1431 443
1584 2136
1728 401
2602 1993
1247 19
1666 1305
1406 274
1123 976
2627 2634
1635 1622
444 2396
209 966
661 1191
2163 525
349 1084
2937 2562
2932 799
316 1430
1884 2888
531 2717
1271 347
1085 219
583 138
150 569
2348 2861
73 686
2421 597
37 764
107 1429
738 324
1441 2931
396 2021
773 2429
1061 2084
1389 683
934 1920
1378 2841
2243 716
2101 2550
809 1623
484 2532
1013 163
2175 952
2819 1065
919 2807
2649 279
2402 574
2425 2565
129 670
1415 984
2467 1723
2420 525
1890 266
2172 2434
786 2449
2442 797
305 1702
2517 1272
307 387
1814 2243
2184 815
831 273
1077 641
1388 1262
1176 86
2538 1767
1505 2344
2122 2234
2341 1987
1841 2424
475 795
2462 1615
927 1435
1847 1832
2729 2811
2652 1537
2415 601
2793 2840
332 465
2831 825
2579 467
1498 2381
1343 2872
2608 1446
2711 2797
2579 13
19 699
387 699
616 2725
1481 1259
391 1982
70 2185
1407 1651
1251 2783
1315 395
223 244
2590 2398
1991 2426
1197 1794
1261 2770
2960 2836
2838 2237
2496 2538
25 679
1267 2112
2801 253
49 728
678 1138
2823 2058
1404 1708
2226 2564
2288 442
2235 420
1600 2926
2119 2812
145 2979
1664 1371
289 90
541 664
1862 2752
1412 97
2755 1147
2738 1067
2121 1159
77 2168
1962 1096
671 898
1689 539
1635 1210
2908 1698
2252 1982
1168 1222
2121 748
2508 1101
1485 1564
398 1791
2948 1953
875 1155
1691 892
621 2147
223 982
2065 1040
2189 2361
2369 765
1754 1847
1180 995
327 1921
974 1593
1703 2578
1738 6
625 667
518 1601
2069 1812
818 1316
1584 905
1193 636
882 2020
1560 170
1681 1807
1686 804
775 1314
1250 856
2185 1757
2877 227
897 2894
668 796
2496 2808
287 1579
1855 2299
1836 222
1859 1172
2693 757
337 2482
1743 2339
2879 1078
627 2768
1320 194
1970 900
2712 1987
2254 1152
1275 615
1481 2869
1585 108
