1
20
11 36 19 28 33 22 17 25 15 38 7 2 4 7 3 11 26 2 28 2
8 30 18 6 39 38 8 12 12 3 12 35 39 22 15 16 28 10 30 23
13 8 36 2 9 38 13 3 35 3 3 34 33 23 24 33 28 24 30 25
30 21 37 21 10 26 4 39 31 9 12 21 4 37 1 7 0 23 6 25
36 19 31 9 27 21 23 15 12 9 4 28 18 25 20 28 17 24 21 4
31 9 30 32 11 34 33 23 30 9 37 36 17 21 1 35 29 12 12 16
20 29 34 16 2 24 27 22 29 11 25 23 9 10 30 14 39 0 37 36
20 5 16 7 35 21 27 24 23 36 8 21 1 23 38 33 28 29 1 1
1 23 39 20 11 13 3 24 20 29 33 16 31 31 12 32 37 2 11 0
17 32 21 16 11 23 26 15 29 18 2 9 9 4 37 20 39 32 21 3
35 24 34 26 32 29 30 25 38 26 13 26 19 19 33 4 37 11 13 23
34 2 19 2 8 13 12 12 32 12 35 15 21 31 3 31 36 7 5 22
2 16 2 4 39 23 14 33 13 10 9 16 37 22 0 5 9 36 27 35
27 6 39 25 0 7 38 27 39 7 4 3 13 14 7 29 22 7 26 0
21 4 7 36 24 19 1 9 38 2 20 23 10 19 0 25 30 3 20 13
21 28 4 26 8 32 18 9 7 20 28 25 35 8 27 31 24 5 15 17
25 28 19 11 9 11 25 19 3 12 4 36 38 7 22 2 15 30 2 39
1 13 10 3 36 19 7 32 26 35 36 23 29 1 37 18 9 26 31 23
28 11 31 15 26 10 14 13 34 15 23 22 33 9 16 27 39 25 28 37
0 39 14 1 11 11 28 21 20 21 15 35 14 31 14 17 34 3 24
28 5 6 25 25 26 28 30 4 23 28 28 16 2 28 7 15 8 9
25 22 23 39 9 8 20 34 34 1 28 10 6 37 35 18 38 9 7
25 31 23 3 36 31 14 4 28 1 38 0 5 29 33 3 3 24 19
6 11 29 17 19 20 20 13 23 14 0 10 30 14 23 26 19 5 10
19 11 35 35 29 20 18 14 3 25 21 33 39 33 19 1 16 25 9
11 21 38 6 0 14 39 10 31 22 4 23 18 7 29 4 9 37 16
19 9 16 35 4 24 4 5 9 19 14 0 24 14 37 23 18 19 12
37 23 9 30 1 14 3 6 39 32 5 16 5 28 2 17 19 17 30
2 7 3 22 33 24 28 13 38 27 33 35 6 38 36 22 0 19 23
19 22 31 2 38 12 5 34 27 14 27 17 35 33 6 34 12 21 19
34 27 4 23 17 12 16 29 36 7 9 12 18 11 15 0 3 2 5
23 33 11 27 21 31 3 36 26 12 32 10 5 26 19 23 15 7 31
36 20 19 20 26 30 1 29 27 17 21 2 17 16 34 28 33 9 25
19 2 2 19 24 1 13 20 23 0 12 16 25 15 29 7 2 35 36
39 9 14 8 9 19 15 37 15 30 2 23 32 31 2 26 36 21 1
3 38 38 0 33 6 15 26 2 4 17 7 26 15 35 27 4 23 12
39 36 1 15 1 30 19 2 28 18 23 8 8 13 24 34 6 25 3
19 11 37 38 32 27 22 24 33 26 33 16 26 20 32 35 3 35 5
33 11 10 20 6 10 10 33 37 24 33 16 39 13 17 18 9 5 36
