2000 10
1 2
2 47
3 1
4 1
5 30
6 7
7 5
8 17
9 17
10 8
11 16
12 23
13 20
14 39
15 8
16 14
17 14
18 11
19 14
20 14
21 10
22 13
23 19
24 38
25 24
26 24
27 42
28 31
29 27
30 32
31 29
32 27
33 28
34 31
35 34
36 33
37 7
38 39
39 57
40 44
41 42
42 40
43 42
44 69
45 43
46 45
47 50
48 47
49 48
50 59
51 47
52 51
53 50
54 88
55 54
56 53
57 56
58 49
59 55
60 81
61 62
62 74
63 77
64 75
65 63
66 84
67 90
68 73
69 89
70 158
71 62
72 74
73 83
74 87
75 66
76 86
77 71
78 88
79 81
80 87
81 70
82 90
83 76
84 79
85 75
86 79
87 79
88 70
89 67
90 80
91 95
92 91
93 95
94 95
95 96
96 186
97 98
98 103
99 100
100 152
101 100
102 99
103 102
104 103
105 95
106 110
107 106
108 109
109 110
110 105
111 99
112 118
113 119
114 113
115 119
116 142
117 115
118 115
119 116
120 115
121 125
122 123
123 125
124 123
125 1360
126 123
127 148
128 130
129 154
130 148
131 123
132 151
133 149
134 131
135 142
136 148
137 144
138 140
139 132
140 130
141 147
142 136
143 141
144 134
145 155
146 128
147 131
148 155
149 153
150 137
151 155
152 157
153 145
154 147
155 134
156 144
157 141
158 104
159 179
160 173
161 177
162 167
163 177
164 169
165 171
166 167
167 176
168 170
169 171
170 167
171 167
172 177
173 174
174 161
175 172
176 154
177 168
178 179
179 174
180 178
181 180
182 184
183 187
184 186
185 183
186 183
187 175
188 189
189 190
190 198
191 192
192 1237
193 196
194 200
195 191
196 198
197 198
198 195
199 198
200 193
201 195
202 199
203 206
204 206
205 214
206 211
207 212
208 788
209 208
210 205
211 208
212 214
213 205
214 215
215 209
216 217
217 209
218 217
219 289
220 429
221 248
222 389
223 229
224 327
225 271
226 324
227 289
228 270
229 279
230 434
231 358
232 297
233 311
234 341
235 264
236 444
237 346
238 429
239 317
240 421
241 391
242 423
243 297
244 339
245 272
246 326
247 369
248 396
249 256
250 334
251 225
252 415
253 338
254 402
255 333
256 349
257 440
258 402
259 256
260 304
261 272
262 274
263 431
264 308
265 418
266 287
267 306
268 431
269 437
270 434
271 239
272 276
273 442
274 235
275 227
276 387
277 223
278 365
279 336
280 418
281 337
282 359
283 338
284 240
285 299
286 295
287 277
288 326
289 414
290 387
291 352
292 454
293 270
294 269
295 244
296 331
297 368
298 359
299 281
300 267
301 223
302 257
303 420
304 259
305 254
306 411
307 375
308 292
309 271
310 362
311 367
312 372
313 226
314 368
315 326
316 396
317 432
318 369
319 278
320 237
321 232
322 221
323 268
324 337
325 416
326 350
327 282
328 409
329 297
330 251
331 374
332 365
333 241
334 292
335 443
336 303
337 426
338 251
339 316
340 312
341 419
342 413
343 364
344 365
345 383
346 249
347 293
348 316
349 309
350 267
351 331
352 223
353 266
354 299
355 269
356 358
357 418
358 440
359 389
360 426
361 403
362 227
363 409
364 313
365 311
366 397
367 265
368 355
369 412
370 333
371 351
372 319
373 350
374 337
375 300
376 442
377 420
378 403
379 292
380 373
381 244
382 327
383 357
384 369
385 287
386 236
387 342
388 384
389 401
390 225
391 270
392 395
393 270
394 434
395 378
396 240
397 395
398 285
399 267
400 430
401 431
402 250
403 288
404 428
405 354
406 321
407 384
408 400
409 230
410 277
411 441
412 397
413 257
414 236
415 386
416 342
417 257
418 411
419 264
420 350
421 419
422 338
423 301
424 270
425 262
426 400
427 351
428 288
429 331
430 241
431 330
432 377
433 280
434 283
435 248
436 284
437 392
438 344
439 233
440 343
441 381
442 403
443 340
444 387
445 383
446 448
447 450
448 452
449 450
450 452
451 456
452 456
453 452
454 449
455 451
456 663
457 455
458 460
459 460
460 216
461 524
462 816
463 918
464 571
465 846
466 753
467 513
468 631
469 598
470 719
471 556
472 839
473 480
474 777
475 775
476 683
477 542
478 768
479 650
480 806
481 565
482 500
483 704
484 775
485 900
486 528
487 523
488 591
489 737
490 668
491 692
492 834
493 847
494 730
495 548
496 650
497 673
498 803
499 870
500 775
501 615
502 705
503 639
504 714
505 918
506 792
507 915
508 504
509 699
510 521
511 809
512 898
513 558
514 915
515 660
516 605
517 884
518 853
519 660
520 649
521 922
522 630
523 762
524 693
525 767
526 670
527 769
528 819
529 839
530 759
531 646
532 483
533 890
534 698
535 880
536 718
537 832
538 869
539 611
540 912
541 835
542 632
543 651
544 838
545 754
546 669
547 796
548 904
549 635
550 907
551 803
552 632
553 581
554 498
555 768
556 774
557 919
558 522
559 765
560 663
561 835
562 582
563 808
564 765
565 744
566 927
567 847
568 527
569 856
570 747
571 862
572 711
573 785
574 720
575 541
576 914
577 587
578 874
579 476
580 843
581 702
582 722
583 644
584 600
585 729
586 764
587 524
588 791
589 520
590 679
591 916
592 660
593 655
594 907
595 519
596 813
597 722
598 714
599 531
600 716
601 775
602 636
603 465
604 751
605 556
606 838
607 568
608 512
609 819
610 607
611 614
612 582
613 600
614 562
615 524
616 665
617 655
618 492
619 737
620 882
621 714
622 589
623 814
624 601
625 826
626 653
627 503
628 581
629 789
630 491
631 471
632 475
633 515
634 599
635 756
636 799
637 482
638 903
639 528
640 907
641 847
642 576
643 751
644 703
645 755
646 930
647 716
648 576
649 463
650 815
651 864
652 855
653 906
654 582
655 826
656 922
657 501
658 501
659 744
660 583
661 923
662 894
663 637
664 492
665 653
666 894
667 476
668 608
669 494
670 669
671 923
672 666
673 632
674 820
675 494
676 599
677 680
678 755
679 540
680 676
681 849
682 929
683 798
684 589
685 868
686 924
687 632
688 789
689 593
690 766
691 680
692 638
693 596
694 590
695 565
696 689
697 873
698 712
699 893
700 521
701 774
702 483
703 747
704 510
705 760
706 648
707 632
708 844
709 713
710 577
711 689
712 837
713 921
714 622
715 501
716 639
717 564
718 796
719 671
720 716
721 529
722 496
723 606
724 600
725 491
726 547
727 682
728 669
729 516
730 691
731 725
732 792
733 770
734 751
735 884
736 602
737 801
738 595
739 685
740 735
741 664
742 821
743 895
744 686
745 493
746 615
747 893
748 754
749 638
750 468
751 899
752 770
753 837
754 544
755 862
756 732
757 649
758 656
759 543
760 602
761 766
762 543
763 820
764 893
765 747
766 790
767 502
768 865
769 613
770 623
771 740
772 598
773 875
774 578
775 830
776 796
777 504
778 876
779 919
780 682
781 489
782 483
783 680
784 488
785 597
786 600
787 479
788 850
789 492
790 473
791 755
792 825
793 715
794 676
795 542
796 595
797 898
798 769
799 495
800 879
801 567
802 825
803 825
804 902
805 614
806 924
807 794
808 481
809 812
810 708
811 795
812 753
813 649
814 919
815 814
816 483
817 694
818 887
819 589
820 630
821 672
822 889
823 671
824 673
825 514
826 637
827 526
828 468
829 547
830 662
831 596
832 462
833 547
834 823
835 569
836 632
837 763
838 696
839 540
840 767
841 575
842 615
843 584
844 769
845 650
846 576
847 715
848 681
849 712
850 836
851 634
852 814
853 788
854 815
855 498
856 778
857 689
858 594
859 694
860 720
861 851
862 891
863 577
864 818
865 717
866 766
867 829
868 711
869 799
870 879
871 691
872 709
873 845
874 682
875 838
876 510
877 777
878 778
879 596
880 794
881 721
882 668
883 599
884 615
885 601
886 578
887 726
888 597
889 725
890 813
891 811
892 711
893 916
894 481
895 512
896 591
897 739
898 804
899 544
900 879
901 543
902 640
903 574
904 774
905 884
906 818
907 749
908 900
909 594
910 829
911 651
912 920
913 488
914 668
915 553
916 1806
917 528
918 623
919 887
920 712
921 462
922 567
923 665
924 494
925 519
926 707
927 542
928 639
929 804
930 741
931 1934
932 931
933 934
934 935
935 1001
936 937
937 938
938 939
939 940
940 944
941 995
942 940
943 946
944 941
945 947
946 945
947 944
948 947
949 940
950 947
951 946
952 964
953 952
954 966
955 981
956 953
957 1019
958 962
959 972
960 968
961 1012
962 1022
963 997
964 987
965 1005
966 961
967 963
968 993
969 971
970 999
971 955
972 1016
973 996
974 994
975 1011
976 1021
977 981
978 972
979 1002
980 976
981 729
982 1002
983 1007
984 988
985 952
986 963
987 1018
988 958
989 955
990 972
991 973
992 989
993 984
994 1000
995 1026
996 994
997 994
998 1018
999 963
1000 977
1001 1005
1002 1010
1003 962
1004 1022
1005 1006
1006 992
1007 970
1008 973
1009 1006
1010 1008
1011 980
1012 1016
1013 966
1014 1020
1015 985
1016 991
1017 956
1018 959
1019 989
1020 963
1021 1015
1022 1000
1023 1021
1024 1002
1025 962
1026 957
1027 1041
1028 1041
1029 1028
1030 1036
1031 1039
1032 933
1033 1038
1034 1036
1035 1027
1036 1032
1037 1039
1038 1036
1039 1036
1040 1036
1041 1039
1042 1027
1043 1803
1044 1043
1045 1076
1046 1083
1047 1046
1048 1046
1049 1046
1050 1047
1051 1052
1052 1053
1053 1418
1054 1068
1055 1052
1056 1054
1057 1059
1058 1064
1059 1063
1060 1067
1061 1053
1062 1061
1063 1060
1064 1051
1065 1067
1066 1054
1067 1062
1068 1052
1069 1062
1070 1064
1071 1055
1072 1054
1073 1072
1074 1051
1075 1056
1076 1080
1077 1079
1078 1077
1079 1049
1080 1085
1081 1088
1082 1081
1083 1091
1084 1086
1085 1069
1086 1087
1087 1089
1088 1083
1089 1080
1090 1081
1091 1084
1092 1214
1093 1158
1094 1210
1095 1173
1096 613
1097 1118
1098 1173
1099 1150
1100 1163
1101 1104
1102 1096
1103 1108
1104 1131
1105 1153
1106 1167
1107 1183
1108 1160
1109 1184
1110 1096
1111 1117
1112 1115
1113 1159
1114 1149
1115 1158
1116 1183
1117 1206
1118 1159
1119 1177
1120 1190
1121 1182
1122 1112
1123 1214
1124 1195
1125 1193
1126 1125
1127 1213
1128 1122
1129 1151
1130 1211
1131 1095
1132 1209
1133 1205
1134 1126
1135 1132
1136 1190
1137 1196
1138 1211
1139 1166
1140 1176
1141 1160
1142 1167
1143 1094
1144 1137
1145 1096
1146 1183
1147 1110
1148 1140
1149 1188
1150 1220
1151 1181
1152 1145
1153 1215
1154 1140
1155 1208
1156 1135
1157 1130
1158 1160
1159 1094
1160 1148
1161 1160
1162 1181
1163 1222
1164 1105
1165 1110
1166 1132
1167 1104
1168 1100
1169 1158
1170 1168
1171 1114
1172 1173
1173 1137
1174 1169
1175 1211
1176 1165
1177 1120
1178 1166
1179 1144
1180 1173
1181 1150
1182 1191
1183 1196
1184 1197
1185 1094
1186 1143
1187 1219
1188 1112
1189 1178
1190 1098
1191 1126
1192 1100
1193 1138
1194 1119
1195 1220
1196 1153
1197 1171
1198 1207
1199 1209
1200 1206
1201 1189
1202 1146
1203 1145
1204 1169
1205 1156
1206 1198
1207 1114
1208 1132
1209 1151
1210 1122
1211 1093
1212 1134
1213 1223
1214 1215
1215 1174
1216 1188
1217 1132
1218 1106
1219 1111
1220 1170
1221 1113
1222 1191
1223 1098
1224 1227
1225 1229
1226 1229
1227 1229
1228 1229
1229 1253
1230 1231
1231 1119
1232 1240
1233 1237
1234 1242
1235 1244
1236 1244
1237 1236
1238 1246
1239 1254
1240 1253
1241 1233
1242 1255
1243 1240
1244 1231
1245 1239
1246 1250
1247 1250
1248 1233
1249 1242
1250 1240
1251 1235
1252 1234
1253 1233
1254 1251
1255 1241
1256 1362
1257 1333
1258 1263
1259 1336
1260 1325
1261 1315
1262 1346
1263 1274
1264 1289
1265 1354
1266 1364
1267 1272
1268 1258
1269 1312
1270 1329
1271 1278
1272 1362
1273 1303
1274 1269
1275 1278
1276 1264
1277 1257
1278 1364
1279 1302
1280 1287
1281 1345
1282 1303
1283 1319
1284 1312
1285 1289
1286 1335
1287 1272
1288 1305
1289 1350
1290 1282
1291 1297
1292 1267
1293 1256
1294 1345
1295 1324
1296 1280
1297 1304
1298 1271
1299 1348
1300 1352
1301 1294
1302 1286
1303 1358
1304 1338
1305 1278
1306 1348
1307 1304
1308 1319
1309 1264
1310 1267
1311 1303
1312 1311
1313 1350
1314 1280
1315 1295
1316 1284
1317 1353
1318 1286
1319 1345
1320 1271
1321 1325
1322 1333
1323 1357
1324 1274
1325 1301
1326 1288
1327 1316
1328 1296
1329 1268
1330 1315
1331 1367
1332 1359
1333 1342
1334 1268
1335 1229
1336 1330
1337 1316
1338 1265
1339 1323
1340 1259
1341 1283
1342 1266
1343 1257
1344 1286
1345 1279
1346 1365
1347 1265
1348 1288
1349 1323
1350 1355
1351 1308
1352 1281
1353 1263
1354 1306
1355 1268
1356 1341
1357 1272
1358 1323
1359 1285
1360 1344
1361 1332
1362 1364
1363 1356
1364 1321
1365 1293
1366 1262
1367 1266
1368 1130
1369 1403
1370 1393
1371 1369
1372 1396
1373 1225
1374 1372
1375 1370
1376 1380
1377 1373
1378 1404
1379 1404
1380 1404
1381 1370
1382 1394
1383 1387
1384 1394
1385 1381
1386 1380
1387 1401
1388 1379
1389 1406
1390 1383
1391 1402
1392 1393
1393 1378
1394 1374
1395 1406
1396 1393
1397 1400
1398 1379
1399 1383
1400 1395
1401 1392
1402 1378
1403 1394
1404 1405
1405 1397
1406 1377
1407 1408
1408 1383
1409 1408
1410 1407
1411 1407
1412 1748
1413 1682
1414 1720
1415 1747
1416 1704
1417 1467
1418 1500
1419 1485
1420 1655
1421 1512
1422 1666
1423 1633
1424 1697
1425 1520
1426 1754
1427 1681
1428 1629
1429 1530
1430 1447
1431 1553
1432 1569
1433 1748
1434 1436
1435 1739
1436 1601
1437 1783
1438 1515
1439 1591
1440 1617
1441 1616
1442 1576
1443 1543
1444 1573
1445 1593
1446 1736
1447 1624
1448 1679
1449 1559
1450 1614
1451 1694
1452 1643
1453 1648
1454 1661
1455 1713
1456 1519
1457 1525
1458 1721
1459 1666
1460 1730
1461 1517
1462 1652
1463 1731
1464 1607
1465 1717
1466 1744
1467 1463
1468 1624
1469 1564
1470 1501
1471 1728
1472 1516
1473 1771
1474 1579
1475 1557
1476 1692
1477 1684
1478 1548
1479 1611
1480 1759
1481 1479
1482 1669
1483 1784
1484 1546
1485 1514
1486 1721
1487 1463
1488 1672
1489 1766
1490 1415
1491 1739
1492 1668
1493 1719
1494 1685
1495 1661
1496 1476
1497 1416
1498 1551
1499 1434
1500 1525
1501 1453
1502 1494
1503 1706
1504 1581
1505 1752
1506 1504
1507 1753
1508 1566
1509 1675
1510 1644
1511 1781
1512 1444
1513 1735
1514 1624
1515 1665
1516 1615
1517 1561
1518 1487
1519 1778
1520 1582
1521 1459
1522 1414
1523 1758
1524 1531
1525 1479
1526 1627
1527 1503
1528 1472
1529 1662
1530 1439
1531 1604
1532 1724
1533 1585
1534 1473
1535 1472
1536 1606
1537 1740
1538 1784
1539 1640
1540 1569
1541 1482
1542 1553
1543 1538
1544 1523
1545 1601
1546 1703
1547 1525
1548 1580
1549 1631
1550 1439
1551 1661
1552 1539
1553 1565
1554 1694
1555 1727
1556 1430
1557 1495
1558 1645
1559 1621
1560 1500
1561 1529
1562 1634
1563 1517
1564 1696
1565 1698
1566 1488
1567 1461
1568 1620
1569 1781
1570 1695
1571 1485
1572 1593
1573 1520
1574 1717
1575 1550
1576 1667
1577 1624
1578 1677
1579 1515
1580 1586
1581 1513
1582 1614
1583 1580
1584 1628
1585 1605
1586 1582
1587 1531
1588 1766
1589 1624
1590 1658
1591 1701
1592 1664
1593 1754
1594 1757
1595 1505
1596 1754
1597 1643
1598 1734
1599 1675
1600 1621
1601 1671
1602 1551
1603 1680
1604 1671
1605 1677
1606 1689
1607 1509
1608 1681
1609 1650
1610 1653
1611 1750
1612 1662
1613 1685
1614 1709
1615 1683
1616 1533
1617 1624
1618 1645
1619 1442
1620 1731
1621 1724
1622 1635
1623 1487
1624 1515
1625 1637
1626 1666
1627 1453
1628 1226
1629 1534
1630 1595
1631 1521
1632 1731
1633 1787
1634 1482
1635 1545
1636 1709
1637 1703
1638 1502
1639 1688
1640 1520
1641 1669
1642 1479
1643 1550
1644 1556
1645 1718
1646 1445
1647 1642
1648 1633
1649 1679
1650 1685
1651 1715
1652 1492
1653 1614
1654 1437
1655 1624
1656 1428
1657 1547
1658 1637
1659 1757
1660 1576
1661 1763
1662 1746
1663 1780
1664 1565
1665 1518
1666 1674
1667 1541
1668 1753
1669 1552
1670 1764
1671 1452
1672 1522
1673 1555
1674 1520
1675 1471
1676 1513
1677 1445
1678 1579
1679 1458
1680 1513
1681 1436
1682 1480
1683 1696
1684 1678
1685 1486
1686 1761
1687 1471
1688 1784
1689 1531
1690 1536
1691 1518
1692 1501
1693 1533
1694 1639
1695 1436
1696 1620
1697 1526
1698 1649
1699 1725
1700 1586
1701 1745
1702 1455
1703 1480
1704 1603
1705 1683
1706 1490
1707 1523
1708 1748
1709 1431
1710 1657
1711 1748
1712 1592
1713 1464
1714 1760
1715 1456
1716 1482
1717 1457
1718 1703
1719 1753
1720 1496
1721 1584
1722 1575
1723 1752
1724 1614
1725 1422
1726 1539
1727 1676
1728 1740
1729 1604
1730 1493
1731 1549
1732 1772
1733 1739
1734 1673
1735 1427
1736 1460
1737 1457
1738 1472
1739 1689
1740 1491
1741 1724
1742 1688
1743 1434
1744 1523
1745 1480
1746 1652
1747 1604
1748 1523
1749 1561
1750 1594
1751 1464
1752 1537
1753 1696
1754 1737
1755 1575
1756 1691
1757 1486
1758 1654
1759 1717
1760 1425
1761 1647
1762 1567
1763 1533
1764 1611
1765 1451
1766 1682
1767 1711
1768 1589
1769 1651
1770 1424
1771 1614
1772 1599
1773 1643
1774 1710
1775 1644
1776 1737
1777 1637
1778 1487
1779 1522
1780 1481
1781 1444
1782 1722
1783 1695
1784 1439
1785 1462
1786 1688
1787 1465
1788 1801
1789 1788
1790 1791
1791 1794
1792 1790
1793 1830
1794 1833
1795 1799
1796 1805
1797 1795
1798 1797
1799 1796
1800 1796
1801 1798
1802 1909
1803 1795
1804 1803
1805 1802
1806 1820
1807 1815
1808 1821
1809 1818
1810 1817
1811 1820
1812 1822
1813 1814
1814 1807
1815 1819
1816 1825
1817 1812
1818 1824
1819 1788
1820 1823
1821 1819
1822 1820
1823 1814
1824 1811
1825 1807
1826 1814
1827 1792
1828 1827
1829 1830
1830 1831
1831 1794
1832 1833
1833 1801
1834 1999
1835 1834
1836 1844
1837 1858
1838 1865
1839 1866
1840 1850
1841 1988
1842 1958
1843 1873
1844 1959
1845 1837
1846 1882
1847 1888
1848 1846
1849 1844
1850 1875
1851 1893
1852 1958
1853 1939
1854 1834
1855 1926
1856 1994
1857 1885
1858 1992
1859 1959
1860 1939
1861 1927
1862 1980
1863 1881
1864 1859
1865 1861
1866 1954
1867 1900
1868 1941
1869 1920
1870 1842
1871 1864
1872 1847
1873 1850
1874 1935
1875 1967
1876 1919
1877 1845
1878 1959
1879 1935
1880 1940
1881 1891
1882 1976
1883 1895
1884 1852
1885 1856
1886 1954
1887 1911
1888 1850
1889 1881
1890 1840
1891 1942
1892 1847
1893 1924
1894 1874
1895 1997
1896 1927
1897 1839
1898 1889
1899 1905
1900 1971
1901 1905
1902 1852
1903 1959
1904 1963
1905 1949
1906 1942
1907 1996
1908 1914
1909 1908
1910 1894
1911 1944
1912 1871
1913 1978
1914 1880
1915 1913
1916 1894
1917 1992
1918 1859
1919 1871
1920 1906
1921 1885
1922 1838
1923 1943
1924 1929
1925 1943
1926 1885
1927 1953
1928 1873
1929 1850
1930 1960
1931 1916
1932 1941
1933 1901
1934 1990
1935 1902
1936 1958
1937 1957
1938 1948
1939 1839
1940 1883
1941 1887
1942 1944
1943 1972
1944 1946
1945 1985
1946 1952
1947 1981
1948 1899
1949 1978
1950 1840
1951 1936
1952 1902
1953 1918
1954 1882
1955 1920
1956 1952
1957 1928
1958 1998
1959 1883
1960 1922
1961 1853
1962 1886
1963 1997
1964 1848
1965 1954
1966 1836
1967 1854
1968 1935
1969 1926
1970 1874
1971 1850
1972 1855
1973 1998
1974 1864
1975 1918
1976 1934
1977 1879
1978 1992
1979 1886
1980 1973
1981 1970
1982 1980
1983 1892
1984 1957
1985 1837
1986 1845
1987 1905
1988 1888
1989 1925
1990 1970
1991 1993
1992 1931
1993 1901
1994 1846
1995 1915
1996 1980
1997 1911
1998 1847
1999 2000
