2731 531 451 65
1858 1073
1073 2552
2552 1977
1977 2157
2157 2380
2380 305
305 1005
1005 1351
1351 2009
2009 121
121 2705
2705 1406
1406 2154
2154 1712
1712 1973
1973 1492
1492 1937
1937 1236
1236 2401
2401 2152
2152 2062
2062 2383
2383 673
673 1244
1244 1824
1824 1162
1162 527
527 2126
2126 2265
2265 1154
1154 1113
1113 1649
1649 1326
1326 1993
1993 933
933 2529
2529 2127
2127 1540
1540 1078
1078 2713
2713 477
477 2052
2052 997
997 1870
1870 1501
1501 2252
2252 634
634 500
500 2256
2256 1659
1659 111
111 289
289 186
186 2545
2545 1753
1753 2322
2322 2557
2557 2538
2538 1071
1071 934
934 1293
1293 1483
1483 2103
2103 1128
1128 629
629 1105
1105 2504
2504 2542
2542 2709
2709 1239
1239 2366
2366 2110
2110 1662
1662 1801
1801 2451
2451 2260
2260 20
20 2307
2307 1610
1610 40
40 1179
1179 789
789 787
787 468
468 1096
1096 2344
2344 832
832 2444
2444 620
620 27
27 2558
2558 1532
1532 855
855 2441
2441 1470
1470 1025
1025 1785
1785 2439
2439 1808
1808 1557
1557 1607
1607 560
560 1786
1786 86
86 1286
1286 412
412 1020
1020 1029
1029 1168
1168 2531
2531 2109
2109 1036
1036 106
106 857
857 1002
1002 1220
1220 2001
2001 80
80 1519
1519 1807
1807 2728
2728 1173
1173 2463
2463 1818
1818 2185
2185 505
505 1987
1987 940
940 969
969 1471
1471 641
641 962
962 1577
1577 1931
1931 1205
1205 1363
1363 2385
2385 2617
2617 653
653 1925
1925 149
149 1575
1575 1312
1312 732
732 1733
1733 2006
2006 2533
2533 889
889 2184
2184 2285
2285 216
216 406
406 608
608 605
605 941
941 697
697 621
621 568
568 1583
1583 2331
2331 2289
2289 1496
1496 983
983 623
623 627
627 699
699 1131
1131 2045
2045 968
968 2352
2352 1282
1282 1389
1389 2520
2520 1092
1092 1725
1725 423
423 792
792 1555
1555 1841
1841 587
587 170
170 2055
2055 1166
1166 818
818 2022
2022 1320
1320 2043
2043 503
503 813
813 481
481 1679
1679 1790
1790 2258
2258 2452
2452 878
878 1650
1650 400
400 549
549 2639
2639 511
511 2614
2614 2158
2158 295
295 2267
2267 2731
2731 2718
2718 1488
1488 1284
1284 850
850 574
574 353
353 175
175 693
693 2220
2220 2544
2544 1172
1172 1903
1903 2494
2494 1120
1120 371
371 2274
2274 2064
2064 1923
1923 2356
2356 1089
1089 2215
2215 2594
2594 1737
1737 2580
2580 1366
1366 1627
1627 1943
1943 58
58 846
846 655
655 2723
2723 1489
1489 1547
1547 2153
2153 1176
1176 1086
1086 2725
2725 1254
1254 1145
1145 1939
1939 2478
2478 677
677 2004
2004 1944
1944 2461
2461 2199
2199 1125
1125 1806
1806 2421
2421 16
16 1854
1854 1384
1384 1564
1564 1990
1990 609
609 2697
2697 742
742 114
114 246
246 2457
2457 1878
1878 21
21 1446
1446 1751
1751 1088
1088 2602
2602 1850
1850 992
992 1749
1749 1883
1883 388
388 1882
1882 2186
2186 328
328 1584
1584 1274
1274 1195
1195 661
661 2473
2473 2227
2227 209
209 1017
1017 2362
2362 159
159 2124
2124 1685
1685 1873
1873 428
428 118
118 963
963 1014
1014 993
993 2108
2108 1802
1802 618
618 736
736 2288
2288 1355
1355 1800
1800 1409
1409 2142
2142 65
65 938
938 1879
1879 2646
2646 2033
2033 1743
1743 1398
1398 41
41 1150
1150 619
619 292
292 418
418 82
82 758
758 2657
2657 2129
2129 1229
1229 1756
1756 1646
1646 1890
1890 1182
1182 463
463 1907
1907 1419
1419 2138
2138 1137
1137 2612
2612 1271
1271 2370
2370 2279
2279 2446
2446 2304
2304 53
53 377
377 2017
2017 1260
1260 1091
1091 368
368 2173
2173 1031
1031 683
683 2140
2140 282
282 1908
1908 562
562 223
223 227
227 1793
1793 854
854 2213
2213 1792
1792 2414
2414 93
93 2144
2144 1886
1886 2638
2638 923
923 532
532 55
55 615
615 1958
1958 772
772 1188
1188 622
622 2175
2175 1839
1839 1196
1196 652
652 1460
1460 1949
1949 2699
2699 2501
2501 1535
1535 2528
2528 125
125 108
108 1777
1777 191
191 1280
1280 1180
1180 979
979 435
435 459
459 2235
2235 2311
2311 2424
2424 1941
1941 1992
1992 2636
2636 2302
2302 77
77 182
182 1830
1830 2337
2337 389
389 2696
2696 2357
2357 1242
1242 2582
2582 2667
2667 900
900 2266
2266 2721
2721 2135
2135 2485
2485 326
326 2165
2165 144
144 597
597 196
196 42
42 1407
1407 1911
1911 1696
1696 183
183 2577
2577 163
163 601
601 999
999 1724
1724 2211
2211 624
624 1070
1070 1962
1962 2368
2368 2223
2223 590
590 2238
2238 2576
2576 2280
2280 1016
1016 1370
1370 1684
1684 1687
1687 1246
1246 1645
1645 2568
2568 2522
2522 1193
1193 2664
2664 908
908 2609
2609 515
515 2212
2212 640
640 393
393 1285
1285 1591
1591 309
309 1866
1866 2061
2061 1252
1252 2393
2393 1325
1325 1754
1754 1586
1586 536
536 1064
1064 1187
1187 2621
2621 895
895 1855
1855 852
852 2031
2031 1480
1480 369
369 2248
2248 2328
2328 1095
1095 2684
2684 287
287 870
870 2295
2295 1136
1136 1225
1225 2716
2716 867
867 2629
2629 994
994 802
802 696
696 1669
1669 2336
2336 840
840 1204
1204 1094
1094 437
437 1380
1380 439
439 1308
1308 2181
2181 1681
1681 1212
1212 1563
1563 1500
1500 480
480 32
32 405
405 656
656 2365
2365 9
9 485
485 267
267 2691
2691 1049
1049 2163
2163 370
370 337
337 731
731 357
357 2505
2505 676
676 2700
2700 50
50 317
317 1153
1153 1595
1595 2013
2013 1304
1304 2364
2364 528
528 1609
1609 996
996 2717
2717 325
325 2379
2379 733
733 1796
1796 1072
1072 882
882 1141
1141 1305
1305 947
947 2690
2690 2593
2593 1090
1090 2511
2511 1117
1117 1691
1691 177
177 755
755 1624
1624 1744
1744 470
470 1400
1400 488
488 1605
1605 816
816 936
936 955
955 738
738 276
276 224
224 781
781 825
825 1912
1912 2363
2363 1415
1415 2540
2540 2653
2653 824
824 815
815 1491
1491 286
286 1617
1617 2483
2483 718
718 1057
1057 1787
1787 291
291 1608
1608 1628
1628 493
493 829
829 1354
1354 1798
1798 46
46 518
518 894
894 1884
1884 1087
1087 2309
2309 2079
2079 1783
1783 2191
2191 2489
2489 678
678 2202
2202 1040
1040 47
47 669
669 2484
2484 23
23 1393
1393 2254
2254 860
860 2403
2403 1159
1159 2665
2665 1127
1127 2037
2037 1013
1013 903
903 700
700 2658
2658 2518
2518 296
296 417
417 1578
1578 2381
2381 238
238 509
509 1276
1276 2679
2679 181
181 730
730 1642
1642 2086
2086 1795
1795 2132
2132 1829
1829 1201
1201 447
447 2660
2660 2097
2097 2029
2029 275
275 2475
2475 1695
1695 1842
1842 2554
2554 2694
2694 2695
2695 1151
1151 433
433 1416
1416 2673
2673 949
949 1082
1082 1319
1319 1495
1495 1647
1647 1523
1523 1833
1833 702
702 251
251 2167
2167 329
329 2575
2575 1831
1831 84
84 1604
1604 827
827 85
85 1510
1510 1891
1891 670
670 2218
2218 39
39 1999
1999 2555
2555 932
932 523
523 1765
1765 929
929 137
137 1531
1531 2255
2255 168
168 675
675 2386
2386 15
15 1644
1644 478
478 1663
1858 1593
1858 2628
1858 1622
1858 2596
1858 1722
1858 784
1858 980
1858 2606
1858 1009
1858 2214
1858 771
1858 1664
1858 1294
1858 1211
1858 101
1858 2096
1858 971
1858 972
1858 1517
1858 1081
1858 1230
1858 1386
1858 1558
1858 1929
1858 483
1858 635
1858 1672
1858 2251
1858 610
1858 2018
1858 1022
1858 306
1858 2207
1858 552
1858 703
1858 865
1858 1953
1858 543
1858 2345
1858 1077
1858 611
1858 1482
1858 1093
1858 403
1858 1247
1858 2217
1858 348
1858 788
1858 2620
1858 679
1858 2300
1858 2259
1858 261
1858 279
1858 796
1858 2586
1858 535
1858 1822
1858 1129
1858 1576
1858 1130
1858 2703
1858 1100
1858 1063
1858 1621
1858 2098
1858 1392
1858 249
1858 2092
1858 2443
1858 2178
1858 698
1858 959
1858 1603
1858 1459
1858 453
1858 110
1858 724
1858 2516
1858 773
1858 2148
1858 1846
1858 2547
1858 486
1858 745
1858 1820
1858 779
1858 2219
1858 1028
1858 757
1858 1307
1858 2559
1858 1221
1858 165
1858 2099
1858 2020
1858 1723
1858 1739
1858 1775
1858 1874
1858 935
1858 1181
1858 64
1858 1823
1858 1371
1858 550
1858 1266
1858 2645
1858 2661
1858 49
1858 37
1858 1782
1858 436
1858 2428
1858 355
1858 2247
1858 156
1858 1648
1858 2169
1858 2002
1858 2234
1858 1387
1858 2317
1858 1979
1858 2637
1858 1473
1858 723
1858 2192
1858 1693
1858 1214
1858 1338
1858 1991
1858 1250
1858 2034
1858 2310
1858 354
1858 780
1858 2730
1858 2585
1858 1940
1858 533
1858 1124
1858 1960
1858 160
1858 553
1858 2210
1858 2523
1858 2689
1858 265
1858 602
1858 2509
1858 1035
1858 660
1858 1741
1858 531
1858 2692
1858 707
1858 1843
1858 1959
1858 1283
1858 2630
1858 2297
1858 1915
1858 2291
1858 1554
1858 2417
1858 2139
1858 298
1858 1771
1858 1379
1858 2201
1858 1138
1858 930
1858 420
1858 1245
1858 2662
1858 2171
1858 2600
1858 1512
1858 685
1858 288
1858 1893
1858 2453
1858 1803
1858 482
1858 1454
1858 200
1858 1437
1858 1111
1858 185
1858 1921
1858 793
1858 2233
1858 786
1858 991
1858 1287
1858 1812
1858 2541
1858 2674
1858 1461
1858 131
1858 189
1858 1024
1858 799
1858 826
1858 2666
1858 379
1858 1018
1858 880
1858 2176
1858 1367
1858 2687
1858 496
1858 1301
1858 2042
1858 2296
1858 1060
1858 873
1858 109
1858 596
1858 2584
1858 821
1858 2693
1858 1731
1858 905
1858 2117
1858 1264
1858 466
1858 2429
1858 1233
1858 517
1858 455
1858 904
1858 1042
1858 105
1858 242
1858 2159
1858 1189
1858 514
1858 284
1858 135
1858 1561
1858 899
1858 2448
1858 892
1858 1916
1858 2578
1858 1413
1858 849
1858 1485
1858 2404
1858 2360
1858 365
1858 2237
1858 69
1858 1587
1858 2071
1858 14
1858 319
1858 2670
1858 61
1858 1327
1858 1152
1858 1272
1858 812
1858 924
1858 913
1858 1410
1858 848
1858 2316
1858 806
1858 1520
1858 630
1858 2281
1858 460
1858 1192
1858 1746
1858 1947
1858 1390
1858 2588
1858 1632
1858 1108
1858 1228
1858 1497
1858 633
1858 1598
1858 56
1858 1582
1858 1203
1858 1904
1858 407
1858 2565
1858 212
1858 1680
1858 1968
1858 2035
1858 395
1858 2277
1858 1329
1858 712
1858 6
1858 2581
1858 1526
1858 1427
1858 2198
1858 948
1858 1148
1858 1341
1858 1716
1858 1397
1858 1499
1858 1852
1858 879
1858 1539
1858 367
1858 2458
1858 2078
1858 2276
1858 72
1858 43
1858 278
1858 1763
1858 1797
1858 2521
1858 2058
1858 117
1858 578
1858 612
1858 1825
1858 2278
1858 2410
1858 654
1858 872
1858 1614
1858 1174
1858 2474
1858 2195
1858 1061
1858 2419
1858 512
1858 2469
1858 966
1858 646
1858 876
1858 902
1858 2437
1858 1661
1858 448
1858 555
1858 1374
1858 1076
1858 2534
1858 1600
1858 581
1858 2303
1858 1652
1858 316
1858 1251
1858 237
1858 2225
1858 1045
1858 2327
1858 2063
1858 2347
1858 776
1858 1717
1858 2089
1858 885
1858 2023
1858 1219
1858 1580
1858 665
1858 1368
1858 573
1858 831
1858 1021
1858 545
1858 1224
1858 841
1858 1677
1858 113
1858 942
1858 2655
1858 1372
1858 1666
1858 2083
1858 1408
1858 2459
1858 2442
1858 1194
1858 97
1858 2262
1858 2308
1858 217
1858 1356
1858 1411
1858 2027
1858 1065
1858 151
1858 1933
1858 299
1858 134
1858 2113
1858 2715
1858 136
1858 104
1858 922
1858 1670
1858 277
1858 717
1858 2635
1858 1975
1858 2334
1858 1928
1858 1980
1858 1828
1858 350
1858 995
1858 2269
1858 349
1858 2564
1858 1103
1858 107
1858 1811
1858 837
1858 2120
1858 2556
1858 558
1858 1651
1858 774
1858 2188
1858 2491
1858 2387
1858 1175
1858 2121
1858 1399
1858 2050
1858 1594
1858 260
1858 154
1858 1199
1858 1694
1858 115
1858 2712
1858 363
1858 559
1858 396
1858 232
1858 1126
1858 761
1858 179
1858 383
1858 2026
1858 2390
1858 344
1858 1503
1858 833
1858 2263
1858 1445
1858 201
1858 2525
1858 263
1858 1998
1858 2436
1858 1353
1858 595
1858 2392
1858 1457
1858 1132
1858 240
1858 2490
1858 2656
1858 2057
1858 2681
1858 2678
1858 828
1858 1186
1858 1633
1858 1773
1858 3
1858 1702
1858 607
1858 88
1858 2492
1858 2245
1858 1570
1858 95
1858 1978
1858 973
1858 1948
1858 810
1858 1478
1858 2118
1858 2032
1858 1432
1858 462
1858 584
1858 411
1858 321
1858 1995
1858 1315
1858 1926
1858 1711
1858 1347
1858 1314
1858 1122
1858 2391
1858 2155
1858 2066
1858 861
1858 2420
1858 1636
1858 981
1858 1296
1858 380
1858 81
1858 1740
1858 225
1858 1857
1858 1550
1858 1066
1858 2312
1858 1813
1858 1918
1858 1836
1858 1394
1858 372
1858 1742
1858 1698
1858 926
1858 2187
1858 2111
1858 62
1858 542
1858 2519
1858 2005
1858 499
1858 2319
1858 1391
1858 593
1858 1273
1858 2102
1858 2445
1858 214
1858 2128
1858 1945
1858 2131
1858 1678
1858 2282
1858 497
1858 1611
1858 719
1858 2177
1858 1079
1858 87
1858 218
1858 205
1858 2726
1858 2450
1858 680
1858 2075
1858 1919
1858 2253
1858 273
1858 1119
1858 1297
1858 302
1858 1027
1858 1983
1858 538
1858 140
1858 2294
1858 975
1858 1637
1858 1914
1858 2470
1858 2114
1858 2464
1858 2149
1858 1290
1858 521
1858 722
1858 1764
1858 1269
1858 1502
1858 138
1858 563
1858 1719
1858 421
1858 978
1858 2455
1858 1209
1858 911
1858 2548
1858 1881
1858 1956
1858 10
1858 2250
1858 2502
1858 744
1858 544
1858 362
1858 1258
1858 1438
1858 1895
1858 376
1858 495
1858 1898
1858 2427
1858 1434
1858 146
1858 1107
1858 1110
1858 195
1858 1443
1858 1358
1858 1112
1858 674
1858 2590
1858 1721
1858 2373
1858 2038
1858 520
1858 75
1858 651
1858 188
1858 1010
1858 229
1858 2706
1858 1234
1858 2326
1858 427
1858 243
1858 2375
1858 2714
1858 2610
1858 600
1858 2353
1858 1442
1858 489
1858 2376
1858 2686
1858 1758
1858 513
1858 1046
1858 1967
1858 220
1858 1957
1858 2208
1858 1213
1858 1265
1858 2321
1858 343
1858 1253
1858 1023
1858 2240
1858 92
1858 2601
1858 303
1858 1692
1858 381
1858 1527
1858 506
1858 1817
1858 856
1858 1997
1858 341
1858 1552
1858 446
1858 960
1858 1686
1858 554
1858 342
1858 519
1858 2527
1858 2093
1858 721
1858 1894
1858 1231
1858 1466
1858 694
1858 1190
1894 2174
519 1757
721 2550
1231 1469
1190 750
1231 875
2174 1660
2174 919
1757 583
875 657
583 859
875 998
1660 25
25 2454
875 2323
2454 378
998 592
859 211
657 1330
2323 1160
25 1321
998 2090
592 1784
1321 539
1784 2222
2090 336
539 392
539 2438
336 2599
336 958
2090 258
539 985
258 639
2222 2046
392 91
639 2677
392 164
2438 2394
258 798
2046 2115
639 204
2677 2493
2115 1728
2115 974
204 2486
2493 2143
1728 1450
2394 659
2143 1845
1845 1581
1581 2372
2372 2611
2372 1553
659 575
2611 1635
659 1612
1450 888
1553 2065
2611 322
1581 866
2065 1238
888 839
575 1619
1612 909
1612 1200
1200 1735
1200 571
909 576
322 34
34 210
576 2389
34 441
441 1708
2389 1349
34 522
1708 490
210 36
441 1412
36 502
210 2350
490 989
441 1403
989 2569
2569 120
522 1541
1412 2141
1412 662
989 2388
2569 1780
2569 1905
2141 530
1403 28
120 1620
662 1001
1620 645
1620 2430
28 2402
2388 2517
645 351
2517 12
12 740
2517 1638
351 1048
1638 851
2517 1222
2517 129
2517 2025
2517 547
2025 2589
1048 1816
1638 1114
2025 73
1048 1900
547 1572
547 1514
73 764
1900 2
547 1901
1816 471
1114 366
1900 2724
1900 540
366 2432
1514 1498
1498 347
2432 2094
1498 2613
540 2512
540 614
2432 2415
2094 1700
347 1713
1498 1362
1700 2333
2613 1955
1713 896
1700 990
2333 952
1713 2561
990 208
2561 1361
2561 1102
1362 458
208 1227
458 1747
458 444
458 2134
458 2440
458 173
444 479
1102 324
1102 2481
1747 1767
173 1788
1788 2562
2440 1318
2481 1428
1428 819
1428 2407
819 13
2407 1056
1428 2056
2407 2133
1428 916
819 228
819 1146
916 2583
228 2040
1146 864
2056 637
2040 2047
1146 868
2040 1008
1008 749
2047 1210
2040 508
864 1237
2047 2358
637 1208
508 1844
749 2146
2358 1134
1844 1323
1323 886
1208 1240
1844 977
1134 2283
2146 315
977 931
977 1657
2146 2722
931 1703
315 1838
2283 1456
931 1689
1838 2073
931 843
843 1856
1456 734
1856 649
2722 491
1689 234
234 858
843 2643
491 63
234 1910
63 2229
2643 476
491 67
2229 546
2229 1207
63 1198
476 2270
67 2170
476 2041
1910 2087
2270 472
546 910
546 1718
2087 150
2041 739
1198 791
2170 582
2041 667
150 1529
582 617
910 1522
1718 2549
1718 1012
150 269
617 1966
617 847
269 1085
667 431
1085 735
1085 410
847 2355
431 1007
1085 30
269 1142
410 1440
847 1875
1875 422
1142 2640
1875 2467
1007 2567
2355 2019
1007 2273
30 2070
2567 1599
2467 1573
2567 1970
2567 2425
1573 1098
1573 1032
1098 2236
1599 1701
1970 1039
1573 1310
2236 1163
2425 1511
1970 822
1511 1099
1701 2156
1310 1084
2236 1396
1511 1674
1396 1352
822 2249
1396 1462
1511 1281
1352 785
1462 1705
1084 1383
1084 313
1396 1388
1462 2641
313 2708
1462 2711
2711 797
2708 1859
1388 320
313 1147
2641 1058
1388 1426
1426 2268
797 2335
1147 944
1426 99
1147 648
1058 359
1147 1667
648 451
2268 2275
944 143
451 2625
648 2433
2433 1658
451 525
451 716
2433 139
451 311
451 1549
311 2242
143 2682
716 157
2242 1015
311 1249
716 1534
2242 881
157 1288
157 726
726 1877
1015 2330
157 2546
726 1289
881 330
1534 434
881 957
1288 1217
1289 440
2330 2123
1877 2137
2123 1976
957 1934
2137 2400
957 2503
1976 2408
2408 2196
440 2710
2123 404
2123 155
2408 2513
2196 1615
2196 1551
2503 89
2513 529
2710 1143
2513 1954
2710 2471
1143 1026
2513 274
274 241
89 1169
2471 219
241 1559
219 1243
1954 180
1954 2332
241 1050
1559 2244
241 7
2244 1736
1243 103
2244 820
2244 2100
2100 2633
820 1804
2244 1140
820 1768
2100 1075
820 1752
1768 2286
1752 2151
2633 1373
1752 883
2286 1885
1373 2030
883 2395
1885 1375
1375 1468
2151 248
1373 1476
1373 2305
1885 803
2305 2000
248 45
248 2011
2011 2574
2305 1625
2574 606
2305 1835
1625 2228
2011 239
2228 1109
239 461
2228 2607
239 585
461 982
982 556
1109 1414
556 1006
239 2579
2607 1781
556 1567
1781 1571
1567 1494
1414 778
1006 897
1571 44
1571 1178
44 245
1781 874
1571 1516
245 2462
874 2447
44 2500
2447 465
897 1191
1191 272
272 1542
1542 984
2447 1080
1516 579
984 203
1080 310
310 1709
1191 836
1191 1544
579 1381
1080 682
1381 1876
1381 333
682 708
1709 475
310 1930
333 133
1876 2720
708 2116
133 1755
1876 352
1876 358
358 642
475 332
1930 2663
1755 2197
2116 658
658 835
658 1417
1755 426
1417 391
2663 1423
1423 1395
391 492
1423 2284
391 1566
1423 1115
1417 2060
1566 1745
1745 1197
1423 327
1395 1623
1745 2619
2284 2508
2619 1868
1868 1158
2060 432
1745 2487
2508 1935
2619 626
432 1255
432 2647
2487 307
432 2166
1255 253
2166 1682
307 853
1935 414
853 725
307 1299
2166 1906
853 1606
307 956
956 424
725 2261
956 687
414 1202
414 452
1606 1357
1906 561
956 1043
452 1640
1043 1106
1043 59
1106 1946
1106 2396
1202 2206
1640 2024
2206 162
2206 1579
2024 1819
1946 1041
162 565
162 33
2396 2162
2206 2112
1819 2292
1041 374
1041 1339
1041 1486
1339 2648
1041 430
1486 2560
2292 890
430 2226
2112 1732
1339 2194
890 1950
1732 1343
1343 1981
1950 1444
2560 244
2194 804
1343 1560
2194 2016
1444 2190
1560 2587
1950 925
2016 1524
2016 1477
1560 1892
1524 2642
2190 1467
2016 1475
2587 1278
2642 397
1475 1350
397 2488
1477 728
2642 1275
1467 308
2488 1814
1350 2048
397 2496
2048 987
1350 119
1350 638
638 2671
119 710
2048 394
710 1849
710 1985
2671 763
394 1521
119 746
1985 834
1521 1589
394 672
834 54
1521 720
746 184
672 2088
2088 1484
2088 2532
834 443
834 2007
443 686
2088 192
192 2221
686 1458
2532 2551
1484 1215
2551 2377
2007 2243
2221 1055
2377 1826
1055 456
2243 1847
1826 285
1826 2082
1055 1170
1055 1770
2243 2466
1826 1331
1331 1760
1826 2566
285 1317
1847 18
1170 158
1331 2290
2566 425
18 498
1760 1433
2566 1871
425 1697
498 2340
498 631
1433 2591
425 504
1433 1340
504 1920
631 167
1340 1401
1697 915
631 1030
1920 415
1030 1655
504 534
167 254
1030 193
1920 2367
915 1952
1401 1156
1156 537
537 1675
537 1506
1655 1629
537 768
2367 805
768 901
1675 1779
1506 2003
1675 845
768 1104
1629 2314
2314 1218
2003 1592
901 1431
2003 1183
1431 494
1218 127
2003 1902
1183 751
1902 1348
1183 1267
1218 2622
751 1821
1821 2343
1902 2161
1267 2659
1821 1382
2161 1322
1267 650
1267 126
1322 96
2161 1631
2161 2634
1322 473
473 927
2659 2287
2634 122
2287 1149
1631 1051
473 1345
1631 1880
927 2183
1149 174
1051 1405
122 252
174 264
1345 871
264 1974
1051 2224
1974 1490
1880 1052
1974 297
1490 1518
1518 1772
297 401
871 116
2224 1422
1974 2397
1772 2230
2397 1337
297 2669
2230 2105
401 1232
1772 2650
116 2698
1337 445
2397 2495
2698 2530
2669 2012
2669 2359
445 1270
2495 1602
2012 644
1270 416
416 790
1270 2315
1270 830
2359 2299
543 2572
1234 190
629 281
610 2107
787 1206
104 2076
2287 1707
859 1420
2364 29
519 2104
872 907
607 599
602 1515
1030 1062
1757 1118
1997 2472
368 2193
2512 1984
2726 2411
1881 128
2424 1418
2096 335
295 893
2657 402
1693 2179
1532 1715
1023 2537
517 1986
1080 869
2073 1888
2111 1545
2500 161
424 1487
1386 2499
881 1548
2230 1899
388 2431
315 510
2420 1453
2368 1799
1563 2477
538 1654
1477 2051
2109 2479
2643 1342
2184 1268
1137 1481
2681 2449
2219 1727
1891 1513
509 293
1503 2301
1073 398
2421 961
357 1004
63 385
2404 2476
2310 2306
2703 1851
2048 1533
1926 2354
2299 666
2046 300
2576 1963
876 1994
1099 2382
2558 598
1742 569
1788 457
1172 986
1287 2044
2140 1710
1635 1429
1866 1951
2728 988
2372 1840
787 235
1976 1597
1775 469
1396 920
1084 340
191 31
2009 1139
2206 2626
109 2719
1342 2231
1737 1568
1820 1455
2198 1869
2337 2324
451 967
1635 1565
506 762
406 1688
41 399
1870 1965
1343 777
1512 1053
281 454
85 2608
665 711
1940 1626
1967 2348
457 2378
2538 1507
569 262
2625 2680
14 2298
1240 844
358 2145
2255 152
908 1425
2411 4
497 1909
33 1059
1753 153
865 1309
574 2203
991 2435
1107 2036
1580 1673
1092 1334
1819 1157
277 765
1276 917
2087 970
1013 1336
1250 2342
535 2702
279 361
454 950
2551 1569
2224 842
1079 1472
45 294
1132 2054
1533 1863
1583 19
444 94
527 1257
2033 689
1403 1
2445 663
593 1938
1470 387
2055 1449
2555 548
1621 1887
85 1668
2522 66
1659 580
716 1618
2471 753
933 1616
1381 1003
510 1656
2176 90
412 1834
1413 236
1744 187
218 1155
2308 2209
2156 2701
764 1295
289 1447
1050 52
2700 1505
2725 2683
849 2498
1131 290
1415 2631
830 701
788 2085
1597 2605
2591 1292
1874 945
2385 271
1682 231
590 2067
854 1837
1940 2329
376 551
1222 2413
418 616
64 1942
1672 1706
2548 1256
427 132
1305 259
2411 334
2149 230
1453 1263
133 965
1252 1279
422 2293
1933 1332
2504 1452
774 567
1883 198
812 1509
2108 748
1478 1316
1906 83
81 2232
229 24
674 2729
287 1167
1662 1360
904 1277
1149 808
546 706
1938 2101
1788 467
865 782
2240 939
2442 1436
1422 1216
1691 1961
649 1996
698 2080
2359 2704
1039 2021
446 2685
1818 914
523 729
2546 1451
1410 747
2715 891
677 474
1119 2147
2197 1248
1841 823
343 442
2144 419
321 1402
1049 1335
2037 2465
2564 737
562 1000
2099 754
1986 2130
1244 2216
778 1794
170 2119
1422 1969
867 794
803 524
1276 1365
1593 2168
2464 2072
1628 1344
791 226
1615 112
2209 577
1968 2271
804 704
1625 2399
2578 912
90 1068
1127 817
779 2652
370 1862
34 130
861 2615
310 1596
1410 2106
1192 98
567 1769
369 1865
1723 636
1092 345
876 221
1826 1630
2528 102
81 1748
402 1262
1497 1643
1594 2182
2691 2624
1799 2189
1443 2405
505 1528
1642 60
1254 331
24 1730
2206 2409
2261 172
2702 1761
1216 588
1589 1762
120 1011
2461 1474
849 390
882 1298
1960 438
1410 1750
1700 1054
1983 564
272 1776
1020 1259
479 270
2686 2341
804 1639
960 1165
2483 1328
2067 2604
653 71
2679 1936
1105 2074
965 1303
1865 1377
1107 1590
2332 2618
1638 1791
1515 51
1575 1033
2207 233
1985 2727
1243 770
1981 647
2499 1369
1949 1479
1284 280
2012 1067
2677 1184
248 1069
2173 257
676 1135
94 766
2362 1302
502 2480
1510 373
396 360
404 884
1612 2351
1169 2069
732 2091
580 752
41 2361
1985 1430
700 1525
1765 2180
69 1101
1162 2515
1963 2136
1052 1971
540 1556
645 1324
620 632
83 741
31 1543
1862 2668
1711 2649
2137 2095
1855 169
71 1364
2433 2526
118 572
391 1988
485 1385
886 1867
1962 570
1539 1676
2684 2318
1201 1774
2704 2434
641 268
504 2010
2100 1562
402 1097
2601 2172
2279 1704
1383 2205
495 943
220 76
527 1291
933 1346
2620 1574
788 1083
575 256
542 1530
848 1853
366 17
1356 954
1059 1074
2572 2539
2653 2081
1080 964
1194 1144
456 1832
1199 946
193 123
1500 2688
1302 1972
350 1404
1521 541
2152 26
770 1223
75 100
1696 2059
2447 1123
629 2654
1255 1932
2499 1508
2701 690
480 2592
569 1313
164 5
2550 664
67 557
2680 1241
2466 375
2017 937
2542 863
697 2122
358 250
1255 386
1655 1047
1724 1311
118 213
2424 775
1841 769
663 2049
561 301
1319 1778
2457 2597
1206 74
30 312
527 1897
367 1860
336 2246
1784 2416
1936 57
330 628
518 2563
2655 589
2076 1913
54 801
804 1044
842 1726
706 715
1055 713
347 1889
2523 1537
533 2507
90 2595
325 976
1309 1536
1188 705
939 566
1645 2543
2201 166
622 1133
577 2598
62 1171
257 2313
328 1641
137 124
861 2239
1174 795
1054 1376
2146 2320
2138 2125
1778 809
2625 862
2395 2603
1727 1653
1307 338
2319 266
447 202
75 2460
1626 2412
2714 194
1860 783
884 953
746 1164
2447 2623
1579 141
2598 814
825 507
1012 2346
2556 1359
1704 70
1939 1924
234 877
706 1465
89 142
2182 2423
2209 2077
446 409
1086 743
1275 2014
1081 714
471 79
941 147
2000 364
1859 449
2093 1185
2073 591
738 2524
2711 603
1348 1261
67 429
2038 314
1558 2272
1393 681
2655 222
939 1439
2610 1634
2023 526
59 811
355 11
2576 197
1742 1424
673 2536
2454 688
2376 2514
990 1699
2262 2349
269 1789
467 255
2511 709
786 1116
2670 318
2361 1601
1621 1038
1012 625
26 2015
900 176
1280 727
306 1864
202 22
2244 199
1101 684
1329 1665
2370 487
2027 2398
53 2369
534 1982
112 1989
575 2570
1820 2257
634 2150
558 1613
1522 2426
2125 898
2353 450
575 586
1891 207
2518 2264
2162 1421
2686 1815
17 613
1388 594
1377 1927
261 1809
1577 178
1614 695
714 464
1383 1177
393 1378
2314 800
236 2707
2324 2651
1391 408
2524 1121
1320 767
1873 1493
2288 78
827 2200
1399 604
1870 2039
205 1759
2682 807
1733 2616
272 1235
1697 2028
777 2627
2650 2672
569 838
441 2482
1568 1872
1803 1690
2477 2510
279 1805
1135 2406
655 1333
273 2573
120 2535
2036 215
2663 671
1069 1861
2314 668
2526 2008
1681 1463
2344 1588
629 921
1787 2456
1704 1464
493 918
1503 1734
287 1585
525 1917
804 356
1195 484
2141 2418
303 38
948 247
214 148
907 1683
2607 692
772 2371
1279 8
1829 2160
23 501
379 1300
2706 1738
507 2676
2186 1019
2010 760
1375 1504
2641 145
2589 1037
2142 339
2608 643
370 1827
777 2084
446 2204
2181 68
692 906
1334 323
386 2068
747 887
119 1161
2674 759
1493 1922
2656 1435
1268 2675
2170 928
104 206
1023 2422
2068 2506
945 2374
1228 2468
1894 413
923 2632
2588 2325
1410 1720
1664 1810
1277 1034
1307 283
1312 346
2135 2339
2552 35
861 756
1412 304
2393 691
1399 2338
499 2164
2522 1714
85 1896
1433 382
2005 2553
2317 2241
72 1964
2075 2571
682 951
2181 516
2316 1729
1424 1546
2414 1441
47 1538
1178 1848
35 1226
2117 1306
411 48
800 171
468 1448
2707 1671
11 2644
1700 2053
2458 2384
1928 384
564 1766
202 2497
