100 200
48 93 90 76 37 35 34 27 24 36 20 99 95 92 86 77 64 51 50 46 42 41 40 33 30 23 21 19 16 13 12 10 8 7 3 2 1 4 9 11 14 15 22 49 57 61 74 81 85 87 88 45 43 38 28 18 6 5 17 25 26 29 39 47 54 58 67 68 78 83 84 89 98 52 53 56 60 63 66 91 94 96 97 100 62 73 72 69 70 71 79 82 44 55 75 65 31 32 80 59 
61 95
30 56
15 51
4 16
6 23
72 79
85 94
23 54
29 57
72 80
44 65
95 99
31 57
56 56
55 75
75 85
1 13
98 100
7 63
47 68
21 53
26 76
94 99
83 97
31 56
11 76
61 75
48 69
53 95
51 74
45 65
28 95
22 53
87 94
27 55
67 79
33 56
25 54
4 17
30 57
33 66
29 86
9 24
42 58
93 99
42 59
2 31
64 75
45 45
5 23
56 75
13 51
36 47
29 76
11 86
66 76
61 81
4 52
2 52
24 24
2 13
52 86
63 66
80 94
27 76
89 94
2 76
45 66
17 17
46 95
25 55
18 51
64 93
28 56
65 76
82 94
49 73
7 49
38 58
77 85
60 75
13 83
12 51
28 77
32 47
36 36
21 21
78 85
53 75
58 75
20 51
84 94
88 94
23 53
81 94
91 99
66 77
39 58
34 56
11 42
79 86
32 32
37 84
3 15
26 28
43 60
91 98
3 95
2 14
97 100
9 23
48 70
23 54
70 79
86 94
46 66
43 59
34 57
99 100
14 68
40 58
63 75
48 55
13 13
36 58
28 55
100 100
59 59
51 57
10 23
96 99
76 85
68 79
46 46
3 52
47 69
73 84
81 94
52 75
26 55
19 51
32 56
24 54
55 86
37 39
42 86
35 58
3 14
54 75
11 43
62 75
27 57
14 51
16 51
61 98
73 85
59 75
28 56
8 52
79 85
86 86
8 23
50 73
5 55
96 100
17 51
9 27
57 100
74 85
2 14
3 15
49 85
92 99
57 75
22 22
41 58
44 64
20 52
83 94
1 14
71 79
90 95
67 86
29 56
46 67
7 55
79 86
10 55
7 23
51 73
65 75
12 81
90 94
37 58
69 79
63 69
45 45
57 76
10 24
59 87
