12 66
3 6 53948691 11680162
3 4 66106812 59895329
6 7 78271481 13766358
5 5 2702569 47603331
9 6 52518425 76398563
11 3 70713690 89224154
12 7 17590110 45289979
7 10 73816867 10648253
10 8 11791366 51483588
8 10 49644236 79810449
1 6 72962444 42512202
3 11 81845831 84383538
9 10 92808203 5120083
5 7 56436990 34017147
10 6 28811208 16757144
5 7 65817758 58269567
9 1 91008904 86655955
3 6 30130349 16251253
6 3 46401543 50422754
11 7 1651987 43565199
11 1 9731313 29855253
11 6 30889475 34346018
7 3 36473116 41146235
3 8 44470970 54067039
4 7 27325625 17567019
6 2 95951563 36648215
3 1 34975063 50764743
11 1 71133119 32581044
8 2 72314642 33892383
2 9 9174011 41590358
11 1 56165952 47792235
10 2 77689148 95045069
12 6 53958201 61550154
8 8 13560271 48709283
7 3 95977572 58045900
10 7 45894954 51038178
6 7 48653020 71685847
8 11 73218229 51314915
4 4 81481779 5468722
8 6 16570344 86105705
12 11 97438335 61567552
5 11 8422055 20977176
11 12 54679773 31015068
12 11 1355670 36208644
12 1 15903021 5092584
1 11 518126 56571526
2 10 55785220 67876097
10 12 99737949 63547021
2 1 82916071 56084146
6 8 30823694 25136712
2 10 99996949 95365246
8 9 11348877 34289976
4 12 43945964 49029197
9 10 51756647 41961927
12 7 80041647 13487722
8 1 9449945 59405722
4 2 2927269 78852971
1 2 30054895 46696976
10 2 97434093 49572071
1 10 1466065 56480346
2 11 68417722 84884219
3 6 23502723 8429460
9 8 74292895 21907318
3 9 90258288 52788731
1 10 80276742 53132089
5 2 14438062 75327861
