1000 900 10
2 1 6
3 1 498
4 2 342
5 4 84
6 2 6
7 2 426
8 5 366
9 2 126
10 7 300
11 9 456
12 5 192
13 11 222
14 1 510
15 3 402
16 1 426
17 14 594
18 5 486
19 12 366
20 9 318
21 18 30
22 14 456
23 16 78
24 8 246
25 22 486
26 23 582
27 18 366
28 25 408
29 25 468
30 10 198
31 30 6
32 30 528
33 5 366
34 15 138
35 10 438
36 28 6
37 20 102
38 35 420
39 31 438
40 20 282
41 35 378
42 15 534
43 14 570
44 5 480
45 2 228
46 28 30
47 43 12
48 12 330
49 44 150
50 14 6
51 6 510
52 43 6
53 5 438
54 39 270
55 11 48
56 23 396
57 16 294
58 5 342
59 11 354
60 36 54
61 1 432
62 43 42
63 61 18
64 49 312
65 51 294
66 43 246
67 30 462
68 8 582
69 15 510
70 22 516
71 23 210
72 60 510
73 61 150
74 62 390
75 48 588
76 46 306
77 46 306
78 37 402
79 1 246
80 46 558
81 57 102
82 73 342
83 57 72
84 20 534
85 9 234
86 31 96
87 66 438
88 68 258
89 48 234
90 69 306
91 43 132
92 70 36
93 2 546
94 13 486
95 58 6
96 95 492
97 93 438
98 8 552
99 20 222
100 75 414
101 55 366
102 54 564
103 87 306
104 15 246
105 16 108
106 21 588
107 86 480
108 85 234
109 65 180
110 57 432
111 76 192
112 40 390
113 93 486
114 1 414
115 58 516
116 86 246
117 83 96
118 52 558
119 107 126
120 70 186
121 84 186
122 64 198
123 23 246
124 112 354
125 14 270
126 115 414
127 31 6
128 25 6
129 57 600
130 54 282
131 54 42
132 107 366
133 72 552
134 50 294
135 130 66
136 53 96
137 91 558
138 64 486
139 86 558
140 101 162
141 136 270
142 44 18
143 77 6
144 139 528
145 95 402
146 117 570
147 96 318
148 16 30
149 35 174
150 14 486
151 134 366
152 104 222
153 149 354
154 137 246
155 49 546
156 95 6
157 154 156
158 44 366
159 107 582
160 73 306
161 64 270
162 52 48
163 67 558
164 51 426
165 128 282
166 96 468
167 110 24
168 121 270
169 104 78
170 42 276
171 166 342
172 56 486
173 75 510
174 53 276
175 52 426
176 122 396
177 57 318
178 160 486
179 60 6
180 98 132
181 80 6
182 64 162
183 165 54
184 112 468
185 3 216
186 100 138
187 66 582
188 31 294
189 58 18
190 167 594
191 74 450
192 106 582
193 105 486
194 127 390
195 172 438
196 115 54
197 114 126
198 58 264
199 120 594
200 130 516
201 141 330
202 146 222
203 197 42
204 21 246
205 30 390
206 154 30
207 185 126
208 21 492
209 81 504
210 194 126
211 152 594
212 52 480
213 212 600
214 21 126
215 175 126
216 120 306
217 181 516
218 125 198
219 7 96
220 37 534
221 129 294
222 24 540
223 155 60
224 148 366
225 78 486
226 105 102
227 12 396
228 144 576
229 61 426
230 54 222
231 18 294
232 170 366
233 155 558
234 62 450
235 170 132
236 35 270
237 192 102
238 10 162
239 110 282
240 64 198
241 112 102
242 131 486
243 120 258
244 133 462
245 33 516
246 204 174
247 196 6
248 217 462
249 21 246
250 13 558
251 124 450
252 49 282
253 97 558
254 171 306
255 167 174
256 211 270
257 133 576
258 3 258
259 91 546
260 10 570
261 2 246
262 106 450
263 104 558
264 1 36
265 58 180
266 67 102
267 248 270
268 200 198
269 167 6
270 134 126
271 218 246
272 5 276
273 253 270
274 206 294
275 245 342
276 253 198
277 168 132
278 155 6
279 31 486
280 6 102
281 257 216
282 224 456
283 28 78
284 26 372
285 128 318
286 92 96
287 48 234
288 217 294
289 103 318
290 44 102
291 209 486
292 224 576
293 49 414
294 158 246
295 168 150
296 181 486
297 81 342
298 180 258
299 24 486
300 293 126
301 169 144
302 273 318
303 59 318
304 115 276
305 146 426
306 100 570
307 228 390
308 3 42
309 221 6
310 5 12
311 289 306
312 73 426
313 250 342
314 159 336
315 226 258
316 55 426
317 83 516
318 42 282
319 183 342
320 272 318
321 268 486
322 235 60
323 75 150
324 236 522
325 278 438
326 173 390
327 59 264
328 133 294
329 2 306
330 90 558
331 176 366
332 176 156
333 75 60
334 333 102
335 75 558
336 79 6
337 277 558
338 118 204
339 256 534
340 113 510
341 171 456
342 54 120
343 59 414
344 142 486
345 192 138
346 155 390
347 120 294
348 190 282
349 110 54
350 181 108
351 341 552
352 328 150
353 268 396
354 146 558
355 264 390
356 134 6
357 48 270
358 56 594
359 97 6
360 205 186
361 115 198
362 269 360
363 274 474
364 358 6
365 40 522
366 143 84
367 90 162
368 98 438
369 224 276
370 119 42
371 87 306
372 249 426
373 48 366
374 122 486
375 267 450
376 130 210
377 98 366
378 162 306
379 181 234
380 131 234
381 257 546
382 5 252
383 84 588
384 310 48
385 383 264
386 149 222
387 261 150
388 205 114
389 317 6
390 151 510
391 56 294
392 144 354
393 109 432
394 318 552
395 161 186
396 144 336
397 90 366
398 381 324
399 221 276
400 339 222
401 57 540
402 73 30
403 371 6
404 262 246
405 298 6
406 199 588
407 63 570
408 35 336
409 402 6
410 28 270
411 65 486
412 20 294
413 111 222
414 108 462
415 323 510
416 345 462
417 380 6
418 244 432
419 334 216
420 33 30
421 419 300
422 152 438
423 255 480
424 288 186
425 320 486
426 277 486
427 388 294
428 91 222
429 303 516
430 427 270
431 420 6
432 170 258
433 168 504
434 56 522
435 306 126
436 168 42
437 410 534
438 276 18
439 405 516
440 282 18
441 110 528
442 203 300
443 429 6
444 428 234
445 302 390
446 260 222
447 381 126
448 105 396
449 92 366
450 219 306
451 264 294
452 147 90
453 247 486
454 222 12
455 117 162
456 27 114
457 315 66
458 423 594
459 151 552
460 276 522
461 297 96
462 61 282
463 381 348
464 106 348
465 247 108
466 46 12
467 170 132
468 133 174
469 76 294
470 87 486
471 23 318
472 153 90
473 63 510
474 225 270
475 348 138
476 77 186
477 340 246
478 360 138
479 424 174
480 110 486
481 439 546
482 391 282
483 305 306
484 396 414
485 153 156
486 415 306
487 92 6
488 297 462
489 8 156
490 129 258
491 487 264
492 175 456
493 466 192
494 120 456
495 144 582
496 212 540
497 60 534
498 402 150
499 185 420
500 3 24
501 72 456
502 271 132
503 1 6
504 180 222
505 461 510
506 84 6
507 164 366
508 130 486
509 162 426
510 79 342
511 437 198
512 344 570
513 293 66
514 297 558
515 437 438
516 176 486
517 268 300
518 401 30
519 297 330
520 125 198
521 13 486
522 187 420
523 177 366
524 199 156
525 222 150
526 54 174
527 418 132
528 98 318
529 17 450
530 324 78
531 327 138
532 367 126
533 493 6
534 394 114
535 341 6
536 269 450
537 448 150
538 27 366
539 426 48
540 151 126
541 227 246
542 212 156
543 118 78
544 45 90
545 94 216
546 359 486
547 474 372
548 534 126
549 78 276
550 66 18
551 422 30
552 319 582
553 219 354
554 92 426
555 427 306
556 243 318
557 163 306
558 415 456
559 360 426
560 314 366
561 156 516
562 348 72
563 208 582
564 151 426
565 117 150
566 232 240
567 279 306
568 145 342
569 167 126
570 158 534
571 243 138
572 457 390
573 249 486
574 94 54
575 564 186
576 22 306
577 89 66
578 142 480
579 509 102
580 200 600
581 481 246
582 268 366
583 206 486
584 169 522
585 194 6
586 385 102
587 342 216
588 488 318
589 20 534
590 93 342
591 41 198
592 142 6
593 230 96
594 307 342
595 156 78
596 461 174
597 330 126
598 579 144
599 15 480
600 327 222
601 564 534
602 465 210
603 351 462
604 89 126
605 426 6
606 434 30
607 190 246
608 581 6
609 16 126
610 591 186
611 160 156
612 88 546
613 334 366
614 115 6
615 524 306
616 582 486
617 410 582
618 344 6
619 186 66
620 241 300
621 248 546
622 573 54
623 93 246
624 8 294
625 278 366
626 184 510
627 596 126
628 260 570
629 453 366
630 507 450
631 4 300
632 209 534
633 405 126
634 221 204
635 346 186
636 56 180
637 607 42
638 1 516
639 490 144
640 575 168
641 505 600
642 100 306
643 261 54
644 470 54
645 173 120
646 84 282
647 406 204
648 609 534
649 291 510
650 145 558
651 598 30
652 286 108
653 200 306
654 54 408
655 572 534
656 167 192
657 614 348
658 416 126
659 137 582
660 436 6
661 222 318
662 241 66
663 559 438
664 493 42
665 619 246
666 432 30
667 426 486
668 29 174
669 568 282
670 76 498
671 439 246
672 158 6
673 173 18
674 292 408
675 249 306
676 612 396
677 54 216
678 325 246
679 135 486
680 552 594
681 140 546
682 665 486
683 593 564
684 376 396
685 12 594
686 13 594
687 271 54
688 397 78
689 140 222
690 161 516
691 150 456
692 104 30
693 520 396
694 628 126
695 313 582
696 256 174
697 613 546
698 524 126
699 539 318
700 72 378
701 509 216
702 288 6
703 123 306
704 528 510
705 259 570
706 569 90
707 107 318
708 580 102
709 344 246
710 10 306
711 698 522
712 380 390
713 166 306
714 326 126
715 51 24
716 186 408
717 424 486
718 706 54
719 597 594
720 686 378
721 449 558
722 524 510
723 359 462
724 321 354
725 709 330
726 496 294
727 616 324
728 354 294
729 125 294
730 15 330
731 629 294
732 123 306
733 42 330
734 79 318
735 273 12
736 393 246
737 661 6
738 402 354
739 533 102
740 637 246
741 353 594
742 656 222
743 676 378
744 293 366
745 625 414
746 351 312
747 43 558
748 173 282
749 83 444
750 413 546
751 552 576
752 258 450
753 285 174
754 61 6
755 124 6
756 8 420
757 39 234
758 636 576
759 396 414
760 344 318
761 273 462
762 49 486
763 132 294
764 758 186
765 250 528
766 748 438
767 764 126
768 108 474
769 121 354
770 214 198
771 726 558
772 408 186
773 51 126
774 405 390
775 261 198
776 623 390
777 237 324
778 90 318
779 678 174
780 572 288
781 494 390
782 262 462
783 581 594
784 259 588
785 680 582
786 429 198
787 342 270
788 667 294
789 15 486
790 772 426
791 646 126
792 252 84
793 491 198
794 218 6
795 656 306
796 366 558
797 779 78
798 461 486
799 450 306
800 412 510
801 136 252
802 165 474
803 761 558
804 478 510
805 27 78
806 364 546
807 367 246
808 447 498
809 177 312
810 711 186
811 70 474
812 638 294
813 698 570
814 744 264
815 419 366
816 518 6
817 586 30
818 430 462
819 220 30
820 796 546
821 189 30
822 516 174
823 639 582
824 621 144
825 57 516
826 749 90
827 663 162
828 270 366
829 607 66
830 730 36
831 686 432
832 765 330
833 538 306
834 297 486
835 802 246
836 767 534
837 545 486
838 473 414
839 103 6
840 351 588
841 719 570
842 132 270
843 334 450
844 641 426
845 753 108
846 505 6
847 164 438
848 740 150
849 314 18
850 152 360
851 439 438
852 500 306
853 169 126
854 425 24
855 563 342
856 160 72
857 219 210
858 315 78
859 416 168
860 385 6
861 14 600
862 192 366
863 643 24
864 744 486
865 327 318
866 163 474
867 654 432
868 36 354
869 388 360
870 231 390
871 208 342
872 652 498
873 117 246
874 809 270
875 577 222
876 39 6
877 407 6
878 627 54
879 115 474
880 784 198
881 417 366
882 89 558
883 407 186
884 875 390
885 802 246
886 133 306
887 497 138
888 880 174
889 419 252
890 710 474
891 428 414
892 171 564
893 402 6
894 660 132
895 625 366
896 644 24
897 551 96
898 441 426
899 111 60
900 474 486
901 129 54
317 487 384
877 837 672
446 989 150
178 951 642
511 321 342
144 619 654
465 758 366
905 801 876
636 351 732
316 269 258
