CIKLUS
CIKLUS
CIKLUS
CIKLUS
CIKLUS
CIKLUS
CIKLUS
CIKLUS
CIKLUS
CIKLUS
CIKLUS
CIKLUS
CIKLUS
CIKLUS
CIKLUS
CIKLUS
CIKLUS
CIKLUS
CIKLUS
CIKLUS
CIKLUS
CIKLUS
CIKLUS
CIKLUS
CIKLUS
CIKLUS
CIKLUS
778
CIKLUS
CIKLUS
CIKLUS
250
250
CIKLUS
250
250
CIKLUS
250
250
250
918
2994
CIKLUS
2498
250
918
1456
CIKLUS
192
402
1765
250
2719
CIKLUS
CIKLUS
218
2908
218
218
CIKLUS
2719
1456
250
1057
918
CIKLUS
CIKLUS
CIKLUS
CIKLUS
CIKLUS
2719
85
1457
778
778
1456
1558
218
250
1456
250
778
92
CIKLUS
CIKLUS
CIKLUS
CIKLUS
2498
250
2498
CIKLUS
1838
2855
218
1057
2719
401
CIKLUS
89
218
CIKLUS
1456
778
CIKLUS
1838
CIKLUS
2707
2855
2498
CIKLUS
2489
2855
218
1509
2849
89
CIKLUS
2498
CIKLUS
2489
CIKLUS
CIKLUS
2718
2461
2268
2719
231
2855
CIKLUS
2718
984
2461
89
321
2757
778
2498
778
CIKLUS
218
2719
2475
2855
218
918
CIKLUS
1057
2498
1838
CIKLUS
2855
CIKLUS
778
918
1057
250
250
2126
1838
2551
CIKLUS
918
2855
1371
2461
2498
2150
1762
2757
1544
2719
218
430
2551
638
279
2551
1509
918
218
218
218
918
2054
2551
250
218
CIKLUS
2498
2525
2461
778
2718
2719
218
1218
430
778
218
2461
430
1838
2054
918
2461
2102
2150
699
CIKLUS
2990
638
1994
250
2551
2741
1762
1838
700
218
218
2551
218
250
CIKLUS
2461
1456
2054
2498
218
2866
2908
2279
2707
2498
CIKLUS
192
1696
1457
218
89
CIKLUS
2551
2423
92
89
2157
2551
112
2551
1456
218
511
1220
350
992
2551
2551
2718
369
778
2461
1838
673
369
2757
369
1697
963
1696
263
1838
2531
2498
CIKLUS
2461
2721
2866
2855
1509
1544
2776
992
918
350
2855
2054
918
1496
2855
2855
1707
231
992
2461
218
369
2498
2535
218
2757
2551
2461
209
2551
209
1838
2551
2719
2855
2551
628
503
10
2719
89
2719
1924
263
2498
1457
2551
992
2719
2917
2866
503
1836
2461
1754
1762
1091
657
818
2866
2525
211
1426
144
503
2551
1509
2757
1389
369
503
2551
218
2757
2855
144
1192
2315
2866
2385
2994
918
2866
2045
2675
369
992
2866
2675
218
112
2551
2096
2950
218
1799
42
2551
984
1509
89
1558
778
918
1838
918
907
2461
1924
918
348
2150
2853
2461
1762
1661
2498
2866
1544
2675
1838
2525
2855
503
218
1838
2551
98
112
2150
98
2551
2994
2866
2855
2461
1332
2551
1513
918
2461
1696
2551
1228
2688
2866
2498
242
2911
218
907
992
2592
992
367
739
98
2551
2376
203
2551
89
2592
2592
2376
2475
263
2157
2899
250
895
1590
2741
2475
818
992
1389
1371
348
503
1939
2551
2899
89
2757
1845
670
1838
2376
245
1544
2475
503
1935
778
1123
2498
2855
2899
1935
242
89
2551
1928
2475
2199
2943
1496
169
1192
2719
2498
1496
2911
2853
1838
160
695
2994
2866
2157
2757
2551
1845
27
2623
1988
852
2084
1042
2076
1959
2866
2212
218
1009
1700
2551
2126
1383
1845
2729
1057
895
112
218
2899
778
1839
503
663
2376
98
2551
2718
2908
1509
242
1699
2096
2475
1762
92
2711
870
992
1729
1645
719
2385
92
1513
830
437
992
27
2376
364
1129
2759
2060
218
1192
2384
2551
670
2711
2899
2853
416
390
2993
2551
2381
250
1426
390
442
218
2439
2326
92
2855
2929
2551
98
89
2596
2853
218
2271
242
1645
2718
1928
1924
89
2719
272
2316
2853
1057
2519
1968
747
2250
670
1770
2707
2204
2012
2840
891
657
2551
2853
1597
2732
234
160
2743
1597
1448
445
1091
1754
2157
1411
92
1187
2855
2551
1867
2849
503
2759
2984
2757
2719
2653
1344
1411
2098
1332
2102
160
687
2111
2966
2777
621
2853
1057
2585
2574
2376
53
814
2719
935
2102
525
2828
348
1770
2574
2132
2757
2110
2189
1299
699
2718
1716
1091
1811
1692
53
992
1763
1939
2714
1456
2840
416
2133
2351
2911
1740
865
2283
830
2919
218
2807
364
1456
2592
2574
2500
956
651
1444
1928
112
437
922
2517
818
1306
2169
1009
237
1193
2189
2531
1057
2098
170
531
475
89
1509
865
89
2157
2973
1187
160
1299
651
2212
112
992
2254
89
705
89
1308
663
1308
992
2839
1109
1963
870
2272
2719
1034
2110
437
221
336
1057
2624
1556
2777
963
885
2345
2955
1496
2098
512
2551
2853
1678
2200
245
1696
1799
747
909
609
389
1509
830
2551
89
564
2432
747
148
547
1959
2279
97
2916
1109
389
2592
2535
1645
663
402
902
760
369
326
2652
1766
2659
870
811
209
2028
475
612
1390
2886
1620
426
250
577
148
384
547
116
1770
193
2250
2551
2630
2866
1919
2757
2157
2200
89
2630
2376
1091
477
907
89
747
389
2904
657
475
1199
89
1513
2280
2828
1801
1022
907
2189
2631
2212
250
2461
2777
1091
2891
2719
1391
1546
2551
1496
273
1009
1043
2310
1509
2929
711
2808
2901
1150
2707
477
2551
2719
231
739
811
1529
221
2855
148
870
553
1558
2330
366
1590
191
552
2132
1696
747
2808
231
2791
245
811
2330
1723
2907
811
389
2551
1995
1034
2551
2525
852
1696
1838
2464
1560
2060
2204
1109
1496
2719
617
2321
2853
1109
112
342
1343
2009
273
2744
1134
2439
2954
2886
2204
1911
1940
1338
84
314
830
610
823
1389
1590
2800
657
242
1693
110
1762
2718
808
156
2886
832
627
2716
231
1384
2853
1154
577
909
2279
1703
242
2809
10
84
2385
1080
2528
855
2861
1988
980
2829
1016
1939
1180
1992
2804
2724
284
872
663
2330
2916
672
734
2660
2804
475
1252
826
2264
1998
1355
2022
1276
670
1308
1166
2160
1968
371
2592
2133
1384
285
221
2853
547
778
2858
2199
830
2294
10
116
296
2022
2159
2592
2891
811
1978
477
2791
2791
148
2087
917
1685
2475
1287
1411
2029
2592
433
231
2299
1210
1845
1062
1973
477
2960
2747
1546
609
748
2741
1850
1959
2791
2475
2804
2631
1075
1509
2290
2551
2132
1496
1091
747
191
1212
885
89
2891
409
1272
511
1358
1692
1926
2517
2239
1058
673
1645
157
112
14
1355
1080
2061
1020
719
1893
99
808
1899
2009
429
2719
2239
875
1448
2992
2200
2239
1824
2092
2394
1241
1811
1557
2719
2330
2613
89
1448
116
2630
898
1697
2340
429
2132
638
1759
2313
1699
1899
2791
1969
2208
2264
1899
2853
2780
2853
2133
374
2631
2308
844
2022
992
657
2865
984
1258
2110
1480
895
1845
2804
1899
1047
348
2451
2853
1899
1371
1939
1187
200
1110
1296
2061
413
2632
1959
200
389
1703
2586
1963
1011
1401
1091
2551
2290
1729
826
2092
2095
477
740
171
2345
1544
830
26
2461
1991
2264
899
174
1427
1287
2236
2200
1978
1509
258
193
2043
811
1358
2109
267
1091
1252
2345
1348
2364
672
2345
547
1088
552
2804
417
2714
2907
429
2029
2873
1889
993
927
395
1899
2623
2667
2891
2326
1378
711
2613
2718
2781
1225
2840
2208
110
830
2154
2200
963
870
1033
1401
2545
607
544
2319
259
1729
2200
109
1129
126
2729
1948
2208
245
2788
1091
626
1615
2919
374
865
1338
1939
1476
752
250
1058
2839
1189
1923
2081
2132
1471
1945
1810
396
2573
734
836
2199
2635
1619
1832
164
1586
234
2861
1760
2525
2729
433
2595
1338
311
497
1899
1189
907
2464
1940
1203
2111
278
942
1810
1061
2630
2087
1899
2527
2701
2551
2157
2190
2394
2376
120
279
1969
2887
1945
2707
1308
2732
909
413
1213
1407
443
2649
1824
2954
2477
444
2791
2321
89
1763
668
973
1777
2319
1802
1062
1645
2133
1527
1170
2217
1777
1312
519
2659
2092
1595
1011
2212
1723
2092
415
1348
1781
2239
2571
620
1355
242
2899
1595
68
1690
2118
2134
939
112
2899
2734
1723
1870
964
1899
1597
1213
23
2740
808
2531
1778
2740
1811
1352
2714
924
1199
2290
1334
580
2748
2899
1384
283
2140
2236
2098
314
2149
2623
597
308
2484
2719
547
2528
2508
2084
2687
207
446
2955
2659
2788
1391
2109
821
1766
1690
993
917
778
339
2759
389
1170
902
2586
437
1415
2918
2957
2239
420
1337
2279
1771
2755
2484
374
536
2622
2845
378
811
1646
2945
209
446
860
1969
272
1963
830
1544
375
2316
2938
2755
852
2132
2055
222
469
2448
346
292
116
2034
1995
2743
1091
2574
2204
1683
2396
2140
389
484
1619
2073
53
2128
2113
836
2819
2845
1192
2022
2430
