10661420
183142418
78756373
7222350
42462773
246889263
87241133
1272
12671435
460550
1242285
1245985
16444915
18007238
26831303
102394264
27725998
770
54005
162708420
67760
219385391
20212387
9130
329556565
702709986
163530743
694712731
112073305
182716942
9687299
31649
19293033
28159197
15364662
71513119
25470618
74906533
14100
108335
3960
4515
4169228
102525646
150102201
258932845
261971548
4620
266532148
113333161
90850270
168274151
119619240
19583465
53207080
75164820
66887102
47456447
44860984
208
100942
113356
28990599
10509112
176658615
66918486
123113802
89446581
54359608
49626
21602234
82422539
8878
28929788
195722
35678475
96768
1276665
3756153
1948770
2914395
26834421
62720
57842
1132454
4201027
9557099
563664
121968
2686460
11961
54349
3517043
6546966
6617203
71149
95587873
119595821
20742005
2691838
5256746
2520743
596396
89082
2120570
1392759
21662169
8456864
1321858
18370212
6163575
23435380
59649728
39120970
75448090
6392
30450
4686620
21070040
65540916
8266277
16000
1224677
87019375
960
105935923
389470921
67652
124365
150733549
109156448
350331866
125168598
476019324
291321735
124219977
147322245
132381
32899757
15926108
1616409
17558664
115297
313113
120875919
480292
31954809
5142438
1929505
41254629
13419580
10922200
83740129
21057302
13515759
4668389
73766637
84836538
4487711
17717321
35529570
16150
4352327
41551640
22324412
42502757
89420
146807
105768223
51596182
34746
62253180
66163051
6760
233718338
24090
23305
4833162
132070
5152620
1412412
88055766
31316306
78987031
8768
15880399
67489920
25763839
627922
12150420
2778180
11210351
8853421
60067807
223452834
61776673
11154614
1540
2202144
5948171
79850
8310362
2165856
27886163
48102117
316314
7480
8260
437892
102256
2329
186013
60783547
60666842
24024
2695139
2059980
6795925
4041840
473899
14288696
7453337
458379
413288
516854
14921511
11404983
4188801
6526690
1275723
2908655
6699176
1503
747
10816
61979028
82776819
92631
19855
4368636
1292723
99011
3827
33331515
24234
15722
230091
197199
28796
31050
150157
1257778
23888706
15032880
60308839
15834
243594
5204901
15789488
879753
734535
13537737
72989805
24824943
284592229
9296158
140201
74840714
58067567
34316880
31610
15446774
92125466
181699718
373208406
55431
78976
33589530
3078
15048
25417880
76636437
121943063
117277364
12711761
4714491
298960509
3942728
80462768
208595125
35372369
188777052
46363861
37425628
3872651
7336415
55629056
47949
31119
26862
9800057
691665
100
1729190
386810
3773088
4968272
1661312
1671153
1521186
31631741
31429583
17372074
12595149
19158587
776178
2203403
4438526
16026650
25285767
6545
280161
239645
67898213
20235
24677437
20324364
28931612
61272
2125
81701400
14492509
1388098
46535131
115902
51632694
2076690
812455
9623135
1150031
1169423
43087343
126355499
64226850
26551
6300862
6319542
656067
3982872
1617618
326100
10285927
87457
94095
12104803
16846
41222550
111697221
145188555
4608
70117023
141483680
26777187
262965726
33386008
179322042
268019789
8206287
9264410
1246866
15576
154222051
33042265
55792996
58152669
45756328
3526
80883
117320582
8148
9161355
82144
8862342
11319
9526761
67787292
2382278
174771391
373806670
432
22468285
213916862
4381703
439630967
388311356
165161852
1348628
707651
271792
5092843
114125534
130340897
5769545
47601
8107201
57489190
93147021
9877636
98976173
272463941
232294475
181703479
32856596
23636723
82550539
57660058
8167464
44423187
72360714
99900686
53080217
169145652
657658
8177
30118
21038216
6659038
9156745
4366
187199251
397580689
22239248
139248139
69746273
31508
53106
32000
13182615
17182994
83216470
132407738
11745
42111336
16802663
48755089
38125917
83514
6225240
19313395
5316052
13053618
15561781
123972
20322
59928
14072440
10649094
43120
12568031
11276554
983241
10127147
191108503
138128
216438112
40312852
109874746
170460729
53689054
32341637
8519305
156088
14629601
230489352
7353
187863749
8437
9075
12681700
45172812
20519202
81948759
24024141
71708
53988
85166
1917188
222173682
32694
4235524
107492250
4661213
33720820
69680
1000527
2309761
8464170
771626
29839
842515
53428
592095
13804
3551
95652684
38202010
33993075
37844583
361962485
41510007
58395
37950
21450
1181003
6254037
1995526
48664
12662948
12693221
10350278
218730
177066
673391
79135
149940
44009585
75121666
41462
120202311
45454640
17458
48972833
56482463
176924
42746853
58027950
202098195
17298
12795291
49456470
100231303
154231647
6018
17479
859788
5177102
25970305
7522344
2670057
168024701
84729088
29136173
73270329
285058648
221887284
6478
41848651
405
65242362
92879491
38735996
80215196
38314349
13888872
63070
123305
239780
18380
10305719
1908897
2484596
41339404
40238
13115664
361083
12398553
23042248
74591
53342420
8389635
10234
99894327
99941503
111474221
99542635
787121
70664270
4991171
13447645
15903
16097879
12205616
45441
3987520
2045470
36834889
68406031
194531
33036840
31426185
106863946
82429185
7152368
201321228
148886716
15903
52505584
2166916
40641
122694938
123882606
17992345
51351097
57800815
91017442
393856991
318759746
1370232
474632
1809155
75257
63582
114360986
22790531
101021257
78284189
4571688
114043725
148222
11172
78571
6440
16459
9560
60406976
16614745
59088974
71760383
53635267
14090018
132888
2094487
2262
3120
19719452
8679910
150754694
30668990
81134761
606491291
399945057
634463012
18756038
29045501
54316548
26784
693228
33679541
45648917
48565301
56291701
3432
57205113
56040065
21957231
28616
11648
14530057
27310279
92400
40715
13428
3780679
1753647
26187548
56219411
46835793
3959452
81283316
3042064
14245897
51982
4434271
40445
53570497
18134631
331745744
116929609
75370447
35091
630152
33805109
19662784
360220
16206
50408
64436859
18077381
34379283
37097864
67407
103569
112170
7097182
3333853
24538824
7186832
38458695
141417105
21421387
36764545
16530813
9092817
98130
61938
16579885
115218
17023234
22770
56569
16539
77976951
6468
4410295
32035900
162945498
42612
737886
558632
26432
24750265
32037
1771996
5127690
247068052
3716071
3520311
82634607
11770
23182
132240
212062
8110185
145063140
15949857
72280
129390108
207948234
7721256
127798
4901409
55528
22704
82808
16497434
61842
76560
102772
25513998
15261
43297
97964598
10950
38209230
63427
69430
