15.000000 15.000000
15.000000 45.000000
15.000000 90.000000
15.000000 150.000000
15.000000 225.000000
15.000000 315.000000
15.000000 420.000000
15.000000 540.000000
15.000000 675.000000
15.000000 825.000000
15.000000 985.000000
17.812500 1000.000000
31.112500 1000.000000
31.112500 1000.000000
31.112500 895.000000
31.112500 805.000000
31.112500 730.000000
31.112500 670.000000
31.112500 625.000000
31.112500 595.000000
31.112500 580.000000
31.112500 580.000000
31.112500 595.000000
31.112500 625.000000
31.112500 670.000000
31.112500 730.000000
31.112500 805.000000
31.112500 895.000000
31.112500 1000.000000
31.112500 1000.000000
59.412500 1000.000000
42.712500 1000.000000
-18.987500 1000.000000
-69.887500 1015.000000
-109.987500 1045.000000
-139.287500 1090.000000
-157.787500 1150.000000
-165.487500 1225.000000
