1331.000000 731.000000
1162.000000 562.000000
993.000000 393.000000
824.000000 224.000000
655.000000 55.000000
486.000000 -114.000000
317.000000 -283.000000
148.000000 -452.000000
-21.000000 -621.000000
-190.000000 -790.000000
-292.200000 -888.000000
-383.600000 -971.000000
-464.200000 -1039.000000
-534.000000 -1092.000000
-593.000000 -1130.000000
-641.200000 -1153.000000
-678.600000 -1161.000000
-705.200000 -1154.000000
-721.000000 -1132.000000
-726.000000 -1095.000000
-701.000000 -1043.000000
-646.000000 -976.000000
-561.000000 -894.000000
-471.000000 -797.000000
-381.000000 -685.000000
-291.000000 -558.000000
-201.000000 -416.000000
-111.000000 -259.000000
-21.000000 -99.000000
34.687500 0.000000
124.687500 0.000000
214.687500 0.000000
304.687500 0.000000
394.687500 15.000000
563.687500 -154.000000
732.687500 -323.000000
901.687500 -492.000000
1070.687500 -661.000000
1239.687500 -830.000000
1408.687500 -999.000000
1577.687500 -1168.000000
1746.687500 -1337.000000
1915.687500 -1506.000000
2084.687500 -1675.000000
2186.887500 -1773.000000
2278.287500 -1856.000000
2358.887500 -1924.000000
2428.687500 -1977.000000
2487.687500 -2015.000000
2535.887500 -2038.000000
2573.287500 -2046.000000
2599.887500 -2039.000000
2615.687500 -2017.000000
2620.687500 -1980.000000
2620.687500 -1928.000000
2620.687500 -1861.000000
2620.687500 -1779.000000
2620.687500 -1682.000000
2620.687500 -1570.000000
2620.687500 -1443.000000
2620.687500 -1301.000000
2620.687500 -1144.000000
2620.687500 -972.000000
2620.687500 -785.000000
2620.687500 -583.000000
2620.687500 -366.000000
2620.687500 -134.000000
2620.687500 106.000000
2620.687500 346.000000
2620.687500 586.000000
2620.687500 826.000000
2620.687500 1066.000000
2451.687500 1235.000000
2282.687500 1404.000000
2113.687500 1573.000000
1944.687500 1742.000000
1775.687500 1911.000000
1606.687500 2080.000000
1437.687500 2249.000000
1268.687500 2418.000000
1099.687500 2587.000000
930.687500 2756.000000
828.487500 2884.000000
737.087500 3027.000000
656.487500 3185.000000
586.687500 3345.000000
527.687500 3505.000000
479.487500 3665.000000
442.087500 3825.000000
415.487500 3985.000000
