1455.000000 900.000000
1426.700000 900.000000
1415.100000 900.000000
1415.100000 795.000000
1415.100000 690.000000
1385.100000 600.000000
1325.100000 525.000000
1275.900000 465.000000
1237.500000 420.000000
1209.900000 390.000000
1152.300000 375.000000
1105.500000 375.000000
1069.500000 390.000000
1044.300000 420.000000
989.100000 465.000000
944.700000 525.000000
911.100000 600.000000
911.100000 600.000000
910.900000 495.000000
910.900000 390.000000
880.900000 300.000000
820.900000 225.000000
771.700000 165.000000
733.300000 120.000000
705.700000 90.000000
648.100000 75.000000
601.300000 75.000000
565.300000 90.000000
540.100000 120.000000
484.900000 165.000000
440.500000 225.000000
406.900000 300.000000
406.900000 300.000000
