1455.000000 900.000000
1426.700000 900.000000
1415.100000 900.000000
1415.100000 795.000000
1415.100000 690.000000
1385.100000 600.000000
1325.100000 525.000000
1275.900000 465.000000
1237.500000 420.000000
1209.900000 390.000000
1152.300000 375.000000
1105.500000 375.000000
1069.500000 390.000000
1044.300000 420.000000
875.300000 251.000000
706.300000 82.000000
537.300000 -87.000000
368.300000 -256.000000
199.300000 -425.000000
30.300000 -594.000000
-138.700000 -763.000000
-307.700000 -932.000000
-476.700000 -1101.000000
-645.700000 -1270.000000
-747.900000 -1368.000000
-845.800000 -1451.000000
-932.900000 -1519.000000
-1009.200000 -1572.000000
-1074.700000 -1610.000000
-1164.700000 -1633.000000
-1243.900000 -1641.000000
-1312.300000 -1634.000000
-1369.900000 -1612.000000
-1416.700000 -1575.000000
-1452.700000 -1523.000000
-1477.900000 -1456.000000
-1492.300000 -1374.000000
-1495.900000 -1277.000000
-1495.900000 -1165.000000
-1495.900000 -1038.000000
-1495.900000 -896.000000
-1495.900000 -739.000000
-1495.900000 -579.000000
-1495.900000 -419.000000
-1495.900000 -259.000000
-1495.900000 -99.000000
-1495.900000 61.000000
-1255.900000 61.000000
-1015.900000 61.000000
-775.900000 61.000000
-535.900000 61.000000
-295.900000 61.000000
-55.900000 61.000000
0.000000 61.000000
0.000000 61.000000
0.000000 61.000000
0.000000 61.000000
0.000000 61.000000
0.000000 64.800000
0.000000 70.500000
0.000000 78.100000
0.000000 87.600000
0.000000 99.000000
0.000000 112.300000
0.000000 127.500000
0.000000 144.600000
0.000000 163.600000
0.000000 184.500000
0.000000 207.300000
0.000000 232.000000
0.000000 258.600000
0.000000 287.100000
0.000000 317.500000
-130.000000 212.500000
-249.200000 122.500000
-357.600000 47.500000
-455.200000 -12.500000
-542.000000 -57.500000
-618.000000 -87.500000
-683.200000 -102.500000
