5000
1 2
1 3
1 4
4 5
1 6
1 7
5 8
8 9
8 10
5 11
4 12
11 13
12 14
1 15
12 16
5 17
11 18
12 19
3 20
16 21
4 22
16 23
5 24
6 25
5 26
5 27
13 28
28 29
22 30
14 31
12 32
5 33
21 34
26 35
22 36
22 37
14 38
5 39
13 40
32 41
19 42
39 43
1 44
21 45
21 46
31 47
11 48
40 49
7 50
37 51
20 52
19 53
34 54
5 55
55 56
1 57
16 58
16 59
55 60
49 61
61 62
34 63
45 64
39 65
5 66
59 67
59 68
47 69
29 70
69 71
70 72
42 73
33 74
15 75
16 76
42 77
40 78
18 79
46 80
56 81
68 82
77 83
77 84
42 85
31 86
9 87
74 88
60 89
33 90
41 91
72 92
54 93
54 94
56 95
28 96
40 97
97 98
57 99
37 100
93 101
79 102
99 103
13 104
14 105
26 106
80 107
17 108
78 109
99 110
106 111
106 112
104 113
37 114
83 115
66 116
15 117
42 118
65 119
71 120
1 121
119 122
54 123
117 124
80 125
102 126
82 127
5 128
74 129
87 130
2 131
29 132
23 133
107 134
91 135
121 136
101 137
16 138
72 139
73 140
55 141
60 142
93 143
124 144
1 145
93 146
56 147
83 148
14 149
9 150
95 151
80 152
73 153
119 154
31 155
148 156
139 157
142 158
111 159
128 160
131 161
27 162
113 163
104 164
99 165
34 166
84 167
109 168
76 169
3 170
121 171
150 172
91 173
49 174
160 175
107 176
123 177
175 178
52 179
117 180
110 181
10 182
139 183
126 184
154 185
90 186
136 187
87 188
119 189
166 190
16 191
190 192
113 193
106 194
4 195
109 196
21 197
32 198
175 199
78 200
193 201
183 202
179 203
97 204
203 205
3 206
30 207
58 208
75 209
162 210
139 211
60 212
156 213
106 214
187 215
139 216
37 217
185 218
14 219
53 220
87 221
137 222
219 223
115 224
156 225
3 226
74 227
62 228
69 229
98 230
104 231
91 232
171 233
230 234
173 235
67 236
153 237
121 238
112 239
20 240
91 241
222 242
117 243
162 244
73 245
201 246
222 247
177 248
89 249
167 250
92 251
161 252
4 253
49 254
221 255
186 256
123 257
124 258
177 259
69 260
184 261
60 262
44 263
102 264
51 265
21 266
250 267
143 268
248 269
75 270
258 271
177 272
25 273
84 274
138 275
136 276
244 277
170 278
156 279
136 280
21 281
261 282
199 283
29 284
44 285
247 286
169 287
120 288
285 289
138 290
134 291
95 292
205 293
89 294
135 295
228 296
149 297
84 298
146 299
69 300
32 301
42 302
66 303
283 304
157 305
99 306
86 307
29 308
250 309
256 310
156 311
283 312
159 313
297 314
242 315
44 316
79 317
64 318
217 319
289 320
219 321
314 322
72 323
135 324
124 325
124 326
92 327
108 328
84 329
121 330
199 331
96 332
281 333
113 334
117 335
209 336
50 337
331 338
336 339
124 340
173 341
281 342
255 343
21 344
327 345
173 346
130 347
330 348
295 349
298 350
250 351
116 352
232 353
334 354
244 355
135 356
254 357
270 358
326 359
75 360
126 361
3 362
27 363
175 364
177 365
163 366
145 367
5 368
111 369
139 370
122 371
125 372
182 373
104 374
188 375
37 376
287 377
300 378
13 379
177 380
9 381
311 382
144 383
249 384
126 385
160 386
270 387
211 388
13 389
368 390
355 391
65 392
278 393
266 394
241 395
356 396
388 397
365 398
162 399
213 400
47 401
10 402
355 403
323 404
396 405
205 406
258 407
206 408
294 409
191 410
18 411
21 412
362 413
326 414
137 415
274 416
340 417
5 418
323 419
183 420
86 421
354 422
25 423
238 424
280 425
226 426
6 427
354 428
125 429
351 430
274 431
261 432
402 433
50 434
283 435
21 436
346 437
40 438
176 439
212 440
169 441
33 442
111 443
277 444
170 445
368 446
166 447
25 448
252 449
430 450
362 451
372 452
337 453
298 454
95 455
183 456
241 457
283 458
309 459
308 460
411 461
254 462
28 463
373 464
54 465
233 466
47 467
276 468
272 469
23 470
162 471
348 472
87 473
166 474
418 475
173 476
68 477
52 478
345 479
14 480
302 481
128 482
110 483
425 484
14 485
462 486
62 487
16 488
329 489
308 490
282 491
171 492
162 493
418 494
377 495
19 496
60 497
274 498
187 499
426 500
351 501
144 502
469 503
23 504
321 505
497 506
234 507
381 508
211 509
418 510
458 511
312 512
1 513
419 514
217 515
26 516
257 517
385 518
36 519
357 520
197 521
243 522
224 523
464 524
299 525
430 526
478 527
433 528
213 529
483 530
439 531
7 532
251 533
414 534
124 535
431 536
197 537
387 538
449 539
389 540
15 541
132 542
533 543
489 544
542 545
393 546
110 547
367 548
505 549
259 550
73 551
476 552
39 553
399 554
543 555
69 556
158 557
373 558
110 559
211 560
219 561
272 562
66 563
452 564
255 565
88 566
565 567
415 568
542 569
264 570
199 571
313 572
271 573
468 574
359 575
492 576
29 577
141 578
275 579
152 580
225 581
117 582
487 583
35 584
373 585
261 586
543 587
190 588
430 589
289 590
270 591
11 592
422 593
371 594
556 595
90 596
38 597
271 598
232 599
316 600
438 601
601 602
373 603
174 604
385 605
194 606
66 607
255 608
195 609
60 610
348 611
578 612
402 613
424 614
329 615
288 616
227 617
605 618
54 619
10 620
296 621
127 622
56 623
112 624
83 625
239 626
574 627
397 628
145 629
564 630
258 631
586 632
174 633
620 634
600 635
496 636
327 637
122 638
94 639
135 640
592 641
171 642
362 643
35 644
279 645
416 646
176 647
241 648
312 649
612 650
1 651
293 652
309 653
514 654
102 655
281 656
582 657
589 658
629 659
452 660
659 661
103 662
378 663
381 664
353 665
99 666
315 667
614 668
656 669
542 670
221 671
199 672
572 673
475 674
144 675
383 676
386 677
341 678
539 679
265 680
650 681
435 682
357 683
455 684
361 685
268 686
346 687
612 688
98 689
165 690
451 691
431 692
641 693
628 694
170 695
528 696
331 697
258 698
386 699
285 700
58 701
440 702
632 703
16 704
620 705
200 706
658 707
478 708
270 709
101 710
459 711
610 712
299 713
333 714
178 715
383 716
525 717
578 718
571 719
627 720
692 721
609 722
199 723
558 724
688 725
313 726
686 727
243 728
725 729
425 730
273 731
231 732
528 733
518 734
17 735
611 736
263 737
523 738
372 739
106 740
222 741
52 742
432 743
372 744
48 745
440 746
43 747
480 748
225 749
152 750
541 751
343 752
607 753
51 754
659 755
250 756
153 757
399 758
490 759
276 760
169 761
455 762
348 763
526 764
666 765
164 766
705 767
107 768
277 769
127 770
36 771
450 772
5 773
674 774
529 775
681 776
445 777
297 778
509 779
292 780
516 781
559 782
642 783
40 784
180 785
322 786
568 787
722 788
454 789
509 790
779 791
362 792
769 793
323 794
732 795
373 796
25 797
134 798
717 799
80 800
423 801
237 802
664 803
649 804
47 805
703 806
223 807
103 808
636 809
73 810
346 811
669 812
677 813
798 814
780 815
728 816
229 817
91 818
306 819
458 820
726 821
802 822
306 823
797 824
164 825
530 826
804 827
392 828
813 829
683 830
726 831
579 832
605 833
793 834
823 835
205 836
144 837
203 838
335 839
284 840
798 841
357 842
472 843
121 844
126 845
788 846
423 847
156 848
245 849
186 850
435 851
324 852
350 853
722 854
354 855
186 856
247 857
262 858
3 859
81 860
564 861
255 862
608 863
533 864
636 865
759 866
308 867
219 868
538 869
643 870
95 871
860 872
784 873
810 874
259 875
40 876
215 877
856 878
523 879
419 880
546 881
711 882
881 883
478 884
299 885
229 886
124 887
756 888
864 889
450 890
148 891
749 892
654 893
55 894
311 895
686 896
403 897
505 898
388 899
215 900
118 901
60 902
899 903
202 904
414 905
511 906
153 907
312 908
430 909
237 910
73 911
853 912
290 913
601 914
175 915
667 916
907 917
159 918
57 919
51 920
446 921
51 922
823 923
631 924
753 925
416 926
60 927
847 928
69 929
167 930
697 931
522 932
584 933
234 934
584 935
621 936
731 937
770 938
240 939
739 940
365 941
145 942
191 943
439 944
855 945
799 946
629 947
754 948
827 949
261 950
499 951
434 952
32 953
777 954
474 955
856 956
851 957
200 958
865 959
111 960
820 961
654 962
272 963
930 964
178 965
586 966
559 967
60 968
941 969
277 970
276 971
928 972
836 973
959 974
752 975
902 976
79 977
782 978
99 979
551 980
703 981
790 982
329 983
849 984
202 985
786 986
71 987
669 988
720 989
692 990
72 991
944 992
794 993
711 994
48 995
875 996
833 997
514 998
527 999
488 1000
766 1001
272 1002
443 1003
290 1004
1004 1005
84 1006
798 1007
375 1008
543 1009
74 1010
152 1011
750 1012
809 1013
103 1014
929 1015
43 1016
986 1017
784 1018
246 1019
72 1020
876 1021
363 1022
347 1023
154 1024
141 1025
688 1026
259 1027
189 1028
487 1029
876 1030
314 1031
16 1032
874 1033
467 1034
817 1035
1035 1036
100 1037
439 1038
995 1039
498 1040
340 1041
716 1042
798 1043
872 1044
416 1045
674 1046
214 1047
430 1048
132 1049
590 1050
328 1051
828 1052
648 1053
541 1054
485 1055
236 1056
867 1057
399 1058
1000 1059
213 1060
848 1061
769 1062
887 1063
595 1064
495 1065
471 1066
440 1067
882 1068
99 1069
208 1070
214 1071
19 1072
325 1073
103 1074
1010 1075
969 1076
181 1077
456 1078
283 1079
130 1080
1034 1081
1075 1082
202 1083
499 1084
958 1085
554 1086
656 1087
342 1088
613 1089
836 1090
662 1091
955 1092
331 1093
162 1094
872 1095
280 1096
401 1097
352 1098
819 1099
397 1100
711 1101
680 1102
872 1103
433 1104
561 1105
859 1106
974 1107
774 1108
287 1109
919 1110
264 1111
602 1112
107 1113
90 1114
444 1115
81 1116
888 1117
270 1118
679 1119
153 1120
987 1121
667 1122
337 1123
241 1124
814 1125
419 1126
729 1127
1029 1128
182 1129
338 1130
150 1131
1053 1132
117 1133
1014 1134
1056 1135
834 1136
86 1137
1026 1138
1129 1139
322 1140
897 1141
692 1142
997 1143
35 1144
740 1145
160 1146
52 1147
890 1148
692 1149
379 1150
407 1151
119 1152
330 1153
833 1154
660 1155
914 1156
865 1157
708 1158
877 1159
970 1160
729 1161
1133 1162
430 1163
1005 1164
666 1165
994 1166
353 1167
107 1168
168 1169
1147 1170
93 1171
211 1172
840 1173
253 1174
97 1175
1015 1176
141 1177
634 1178
617 1179
421 1180
380 1181
595 1182
25 1183
1096 1184
1085 1185
16 1186
991 1187
411 1188
1025 1189
516 1190
388 1191
586 1192
825 1193
36 1194
929 1195
422 1196
163 1197
858 1198
261 1199
1108 1200
790 1201
1009 1202
480 1203
140 1204
1190 1205
595 1206
415 1207
563 1208
228 1209
1043 1210
913 1211
1131 1212
997 1213
326 1214
17 1215
180 1216
674 1217
123 1218
317 1219
46 1220
979 1221
2 1222
1032 1223
917 1224
739 1225
149 1226
1102 1227
405 1228
982 1229
443 1230
101 1231
916 1232
1130 1233
12 1234
545 1235
777 1236
758 1237
1022 1238
1089 1239
606 1240
669 1241
136 1242
151 1243
186 1244
139 1245
963 1246
366 1247
400 1248
119 1249
297 1250
968 1251
928 1252
297 1253
1101 1254
177 1255
53 1256
1150 1257
927 1258
382 1259
548 1260
4 1261
1027 1262
118 1263
892 1264
712 1265
1189 1266
403 1267
906 1268
164 1269
662 1270
956 1271
778 1272
1169 1273
1113 1274
1057 1275
669 1276
1058 1277
769 1278
71 1279
381 1280
108 1281
1009 1282
578 1283
1271 1284
773 1285
396 1286
152 1287
393 1288
236 1289
417 1290
634 1291
224 1292
444 1293
816 1294
635 1295
495 1296
168 1297
1285 1298
367 1299
1239 1300
738 1301
771 1302
1051 1303
901 1304
191 1305
330 1306
1204 1307
942 1308
67 1309
713 1310
749 1311
466 1312
55 1313
810 1314
86 1315
285 1316
876 1317
480 1318
1270 1319
386 1320
312 1321
488 1322
699 1323
746 1324
84 1325
1037 1326
291 1327
698 1328
572 1329
341 1330
560 1331
356 1332
773 1333
451 1334
769 1335
1038 1336
1173 1337
336 1338
1204 1339
301 1340
653 1341
18 1342
471 1343
907 1344
1249 1345
1042 1346
221 1347
511 1348
1182 1349
625 1350
95 1351
22 1352
397 1353
467 1354
255 1355
481 1356
1315 1357
1314 1358
392 1359
521 1360
198 1361
439 1362
859 1363
283 1364
890 1365
1321 1366
1177 1367
371 1368
601 1369
206 1370
688 1371
923 1372
34 1373
1194 1374
208 1375
191 1376
876 1377
618 1378
1263 1379
594 1380
16 1381
297 1382
1009 1383
380 1384
400 1385
813 1386
924 1387
543 1388
842 1389
97 1390
151 1391
185 1392
15 1393
197 1394
76 1395
231 1396
624 1397
1170 1398
877 1399
1055 1400
18 1401
1023 1402
978 1403
237 1404
575 1405
80 1406
391 1407
472 1408
408 1409
994 1410
236 1411
176 1412
138 1413
959 1414
336 1415
931 1416
833 1417
1367 1418
712 1419
236 1420
847 1421
1016 1422
637 1423
419 1424
644 1425
1333 1426
533 1427
1115 1428
18 1429
95 1430
1316 1431
207 1432
722 1433
589 1434
1302 1435
1321 1436
168 1437
831 1438
1086 1439
894 1440
364 1441
1110 1442
1092 1443
576 1444
916 1445
605 1446
939 1447
455 1448
1010 1449
797 1450
875 1451
158 1452
66 1453
522 1454
48 1455
945 1456
1197 1457
1095 1458
381 1459
1372 1460
1145 1461
884 1462
247 1463
1320 1464
321 1465
358 1466
988 1467
760 1468
477 1469
829 1470
148 1471
1020 1472
849 1473
384 1474
480 1475
1237 1476
362 1477
277 1478
899 1479
88 1480
588 1481
843 1482
472 1483
563 1484
518 1485
555 1486
880 1487
914 1488
1367 1489
374 1490
256 1491
1161 1492
75 1493
1279 1494
33 1495
825 1496
117 1497
136 1498
1020 1499
132 1500
1406 1501
1228 1502
781 1503
804 1504
411 1505
465 1506
925 1507
646 1508
505 1509
1324 1510
674 1511
1346 1512
54 1513
1041 1514
1268 1515
556 1516
209 1517
928 1518
744 1519
603 1520
684 1521
534 1522
216 1523
780 1524
70 1525
380 1526
1145 1527
1395 1528
156 1529
253 1530
1373 1531
350 1532
203 1533
1375 1534
340 1535
605 1536
753 1537
802 1538
109 1539
457 1540
1449 1541
1362 1542
552 1543
1419 1544
201 1545
723 1546
753 1547
364 1548
990 1549
406 1550
79 1551
1288 1552
128 1553
535 1554
324 1555
251 1556
875 1557
182 1558
505 1559
1377 1560
259 1561
98 1562
1494 1563
1483 1564
351 1565
458 1566
773 1567
741 1568
273 1569
1069 1570
1241 1571
562 1572
1456 1573
666 1574
666 1575
557 1576
1420 1577
544 1578
740 1579
72 1580
190 1581
1227 1582
875 1583
1494 1584
801 1585
1420 1586
887 1587
1561 1588
1151 1589
635 1590
1509 1591
1457 1592
32 1593
364 1594
718 1595
388 1596
147 1597
232 1598
548 1599
40 1600
372 1601
1219 1602
1137 1603
39 1604
1211 1605
894 1606
842 1607
319 1608
215 1609
958 1610
734 1611
252 1612
329 1613
389 1614
702 1615
1239 1616
1410 1617
1491 1618
41 1619
1213 1620
7 1621
1354 1622
576 1623
830 1624
957 1625
83 1626
1011 1627
1552 1628
588 1629
49 1630
1271 1631
1471 1632
378 1633
1455 1634
1056 1635
622 1636
375 1637
823 1638
920 1639
82 1640
362 1641
442 1642
1089 1643
1286 1644
355 1645
1622 1646
861 1647
1351 1648
577 1649
1578 1650
1251 1651
266 1652
650 1653
787 1654
499 1655
790 1656
637 1657
1610 1658
225 1659
1466 1660
1135 1661
1182 1662
881 1663
849 1664
1126 1665
19 1666
1353 1667
931 1668
1633 1669
636 1670
947 1671
553 1672
289 1673
765 1674
579 1675
855 1676
966 1677
1087 1678
1529 1679
721 1680
53 1681
1001 1682
95 1683
1443 1684
513 1685
381 1686
556 1687
1554 1688
1220 1689
803 1690
867 1691
1011 1692
497 1693
1185 1694
106 1695
1643 1696
853 1697
904 1698
1137 1699
933 1700
702 1701
1419 1702
796 1703
1118 1704
941 1705
1664 1706
871 1707
620 1708
311 1709
1511 1710
1505 1711
876 1712
192 1713
1418 1714
473 1715
1219 1716
437 1717
870 1718
654 1719
1358 1720
433 1721
559 1722
428 1723
1427 1724
1625 1725
1534 1726
1615 1727
329 1728
86 1729
693 1730
686 1731
496 1732
100 1733
467 1734
1457 1735
1664 1736
794 1737
909 1738
965 1739
836 1740
1386 1741
1608 1742
1109 1743
576 1744
2 1745
1052 1746
545 1747
570 1748
335 1749
417 1750
911 1751
918 1752
1268 1753
1467 1754
495 1755
199 1756
226 1757
1684 1758
28 1759
1526 1760
1694 1761
1132 1762
1415 1763
1745 1764
907 1765
775 1766
992 1767
1683 1768
1370 1769
288 1770
316 1771
1258 1772
1373 1773
1550 1774
1354 1775
965 1776
259 1777
988 1778
842 1779
850 1780
380 1781
1144 1782
204 1783
1780 1784
1366 1785
762 1786
1695 1787
927 1788
1257 1789
749 1790
1230 1791
488 1792
563 1793
286 1794
768 1795
289 1796
1480 1797
1744 1798
976 1799
620 1800
135 1801
1134 1802
933 1803
865 1804
160 1805
815 1806
1242 1807
982 1808
1186 1809
1758 1810
1754 1811
1578 1812
1803 1813
1750 1814
263 1815
1177 1816
616 1817
1511 1818
1439 1819
1038 1820
1595 1821
517 1822
181 1823
1370 1824
1455 1825
984 1826
1237 1827
751 1828
1624 1829
1202 1830
586 1831
812 1832
189 1833
280 1834
954 1835
589 1836
1009 1837
191 1838
1342 1839
1565 1840
705 1841
180 1842
286 1843
997 1844
267 1845
617 1846
1030 1847
574 1848
366 1849
1194 1850
195 1851
419 1852
310 1853
1615 1854
332 1855
1245 1856
533 1857
1451 1858
1718 1859
1571 1860
1249 1861
1569 1862
116 1863
723 1864
664 1865
1333 1866
958 1867
361 1868
1048 1869
432 1870
944 1871
699 1872
225 1873
393 1874
386 1875
524 1876
378 1877
1254 1878
1499 1879
970 1880
612 1881
545 1882
630 1883
343 1884
642 1885
1041 1886
886 1887
73 1888
1244 1889
1405 1890
812 1891
1594 1892
853 1893
232 1894
860 1895
1266 1896
1605 1897
887 1898
1286 1899
468 1900
1105 1901
380 1902
505 1903
1393 1904
1435 1905
671 1906
687 1907
478 1908
569 1909
1128 1910
1454 1911
1112 1912
326 1913
240 1914
357 1915
1739 1916
1475 1917
1714 1918
308 1919
406 1920
1805 1921
925 1922
1281 1923
556 1924
521 1925
372 1926
89 1927
1725 1928
1020 1929
963 1930
1078 1931
1253 1932
894 1933
1930 1934
436 1935
427 1936
447 1937
999 1938
652 1939
1307 1940
1837 1941
1832 1942
77 1943
232 1944
1353 1945
219 1946
1353 1947
860 1948
1166 1949
1592 1950
1574 1951
1466 1952
418 1953
104 1954
193 1955
229 1956
1290 1957
1507 1958
1409 1959
1714 1960
427 1961
513 1962
691 1963
1774 1964
1122 1965
1401 1966
315 1967
631 1968
1631 1969
430 1970
238 1971
539 1972
1684 1973
1410 1974
324 1975
321 1976
872 1977
1647 1978
1732 1979
1129 1980
1881 1981
147 1982
99 1983
1805 1984
799 1985
1724 1986
659 1987
168 1988
78 1989
455 1990
252 1991
978 1992
524 1993
890 1994
1589 1995
1096 1996
1246 1997
314 1998
480 1999
30 2000
731 2001
16 2002
1212 2003
803 2004
168 2005
509 2006
830 2007
150 2008
1098 2009
1334 2010
1554 2011
1973 2012
959 2013
394 2014
1485 2015
24 2016
1078 2017
1683 2018
928 2019
1307 2020
237 2021
1347 2022
442 2023
1740 2024
950 2025
895 2026
922 2027
690 2028
1035 2029
1710 2030
738 2031
603 2032
518 2033
1472 2034
604 2035
228 2036
324 2037
880 2038
1435 2039
1824 2040
210 2041
2018 2042
992 2043
1388 2044
642 2045
1423 2046
301 2047
1096 2048
957 2049
814 2050
1590 2051
1467 2052
803 2053
1240 2054
1918 2055
1305 2056
462 2057
114 2058
1166 2059
80 2060
519 2061
997 2062
216 2063
1030 2064
1044 2065
1909 2066
1380 2067
1061 2068
1333 2069
1470 2070
1889 2071
1913 2072
1258 2073
1820 2074
317 2075
1498 2076
1133 2077
331 2078
870 2079
1237 2080
1626 2081
1363 2082
1328 2083
1310 2084
1140 2085
1865 2086
756 2087
1575 2088
959 2089
2001 2090
457 2091
75 2092
57 2093
510 2094
1655 2095
1388 2096
522 2097
787 2098
1410 2099
851 2100
1104 2101
2008 2102
1202 2103
339 2104
841 2105
1449 2106
190 2107
323 2108
2 2109
915 2110
684 2111
1371 2112
798 2113
233 2114
921 2115
955 2116
1764 2117
1776 2118
1201 2119
1309 2120
1900 2121
781 2122
1604 2123
1221 2124
378 2125
532 2126
1500 2127
340 2128
17 2129
1173 2130
1834 2131
1444 2132
1497 2133
776 2134
1037 2135
131 2136
670 2137
1584 2138
2125 2139
1336 2140
1875 2141
433 2142
1626 2143
1440 2144
2054 2145
1987 2146
848 2147
80 2148
2057 2149
411 2150
587 2151
1502 2152
564 2153
186 2154
231 2155
366 2156
1273 2157
525 2158
303 2159
2128 2160
1651 2161
1371 2162
2123 2163
173 2164
1889 2165
1218 2166
152 2167
1195 2168
953 2169
1003 2170
370 2171
2139 2172
1170 2173
548 2174
735 2175
878 2176
353 2177
1293 2178
590 2179
1115 2180
1210 2181
10 2182
1905 2183
1213 2184
266 2185
830 2186
836 2187
1663 2188
596 2189
1301 2190
1403 2191
2186 2192
1308 2193
1884 2194
1746 2195
1619 2196
1536 2197
26 2198
467 2199
1388 2200
40 2201
977 2202
1234 2203
759 2204
1088 2205
1 2206
747 2207
579 2208
261 2209
1958 2210
588 2211
1168 2212
354 2213
909 2214
1695 2215
1611 2216
327 2217
282 2218
270 2219
1274 2220
1412 2221
391 2222
90 2223
538 2224
745 2225
90 2226
794 2227
456 2228
1541 2229
1308 2230
1245 2231
1272 2232
232 2233
921 2234
573 2235
1089 2236
1373 2237
560 2238
649 2239
396 2240
2198 2241
1076 2242
797 2243
541 2244
1508 2245
148 2246
1142 2247
1762 2248
284 2249
2004 2250
1841 2251
354 2252
651 2253
1235 2254
2038 2255
2 2256
2106 2257
1601 2258
1646 2259
1875 2260
640 2261
850 2262
1881 2263
779 2264
1609 2265
1805 2266
1858 2267
1314 2268
4 2269
1382 2270
2200 2271
559 2272
1000 2273
1758 2274
1248 2275
161 2276
34 2277
1308 2278
2030 2279
1174 2280
729 2281
1038 2282
22 2283
670 2284
29 2285
42 2286
1126 2287
977 2288
1677 2289
542 2290
2122 2291
2121 2292
530 2293
831 2294
151 2295
1346 2296
803 2297
979 2298
2033 2299
1352 2300
1891 2301
771 2302
1980 2303
37 2304
1862 2305
296 2306
1755 2307
1056 2308
1586 2309
423 2310
1771 2311
1716 2312
268 2313
831 2314
1999 2315
1700 2316
399 2317
1684 2318
466 2319
286 2320
896 2321
355 2322
1028 2323
1626 2324
2307 2325
1139 2326
1705 2327
391 2328
774 2329
20 2330
1287 2331
988 2332
1638 2333
775 2334
1724 2335
2034 2336
1055 2337
878 2338
2274 2339
1232 2340
935 2341
267 2342
1610 2343
2227 2344
1393 2345
2170 2346
572 2347
484 2348
1009 2349
2197 2350
2166 2351
1807 2352
492 2353
1205 2354
1446 2355
869 2356
1150 2357
1935 2358
408 2359
378 2360
1018 2361
172 2362
2324 2363
89 2364
1516 2365
2264 2366
1761 2367
1783 2368
1847 2369
739 2370
84 2371
1943 2372
2253 2373
1489 2374
1069 2375
60 2376
1425 2377
1978 2378
1065 2379
789 2380
428 2381
1657 2382
2044 2383
762 2384
2367 2385
634 2386
329 2387
706 2388
916 2389
2371 2390
1496 2391
1168 2392
226 2393
1828 2394
2137 2395
2095 2396
261 2397
352 2398
303 2399
599 2400
1632 2401
302 2402
688 2403
283 2404
1180 2405
1714 2406
1058 2407
774 2408
1968 2409
1375 2410
1625 2411
158 2412
817 2413
2091 2414
1992 2415
315 2416
783 2417
602 2418
1998 2419
1947 2420
1717 2421
2086 2422
654 2423
811 2424
2379 2425
701 2426
1196 2427
1349 2428
2267 2429
328 2430
213 2431
469 2432
1633 2433
760 2434
430 2435
512 2436
1050 2437
2028 2438
2091 2439
2381 2440
612 2441
1563 2442
2338 2443
212 2444
1099 2445
186 2446
400 2447
2238 2448
115 2449
2025 2450
1183 2451
2225 2452
138 2453
1508 2454
1921 2455
920 2456
1426 2457
872 2458
1529 2459
220 2460
759 2461
1107 2462
1490 2463
938 2464
732 2465
261 2466
898 2467
2115 2468
1157 2469
1779 2470
1005 2471
86 2472
1015 2473
1054 2474
49 2475
536 2476
2438 2477
1624 2478
874 2479
1077 2480
2092 2481
775 2482
794 2483
852 2484
75 2485
888 2486
1545 2487
38 2488
955 2489
2402 2490
374 2491
1427 2492
2284 2493
904 2494
1751 2495
1101 2496
830 2497
1611 2498
1805 2499
1096 2500
1057 2501
1156 2502
294 2503
940 2504
988 2505
1858 2506
1586 2507
892 2508
1557 2509
668 2510
1078 2511
1586 2512
2475 2513
1904 2514
151 2515
1027 2516
1128 2517
552 2518
1908 2519
1671 2520
687 2521
1522 2522
803 2523
2216 2524
1808 2525
1882 2526
2406 2527
1368 2528
796 2529
836 2530
1420 2531
1517 2532
2527 2533
328 2534
1393 2535
630 2536
650 2537
1634 2538
1038 2539
994 2540
1233 2541
886 2542
1281 2543
1114 2544
240 2545
2182 2546
1018 2547
911 2548
1643 2549
2449 2550
1892 2551
121 2552
1871 2553
539 2554
2102 2555
1796 2556
1062 2557
141 2558
2308 2559
256 2560
2354 2561
414 2562
2401 2563
1008 2564
1639 2565
2401 2566
1760 2567
2511 2568
2336 2569
670 2570
1196 2571
903 2572
150 2573
1351 2574
2131 2575
2330 2576
403 2577
2076 2578
218 2579
504 2580
2189 2581
1230 2582
1362 2583
2156 2584
1122 2585
1199 2586
1733 2587
2271 2588
289 2589
91 2590
681 2591
269 2592
2354 2593
233 2594
1270 2595
1119 2596
1862 2597
2138 2598
1396 2599
1481 2600
1965 2601
903 2602
283 2603
917 2604
1131 2605
1972 2606
1667 2607
1045 2608
48 2609
2491 2610
1573 2611
642 2612
1020 2613
831 2614
472 2615
467 2616
912 2617
302 2618
384 2619
659 2620
2554 2621
2349 2622
2272 2623
147 2624
1705 2625
163 2626
622 2627
2186 2628
2455 2629
669 2630
1601 2631
203 2632
663 2633
33 2634
468 2635
98 2636
1071 2637
1929 2638
1684 2639
1302 2640
2592 2641
1395 2642
2121 2643
985 2644
1321 2645
1035 2646
5 2647
2485 2648
2483 2649
2033 2650
304 2651
996 2652
1813 2653
500 2654
727 2655
2533 2656
2408 2657
679 2658
1769 2659
502 2660
1872 2661
432 2662
2139 2663
898 2664
644 2665
1065 2666
1602 2667
554 2668
1503 2669
1197 2670
2603 2671
692 2672
699 2673
524 2674
2099 2675
468 2676
1943 2677
2316 2678
413 2679
2251 2680
1421 2681
226 2682
1053 2683
1713 2684
106 2685
1672 2686
1877 2687
349 2688
739 2689
569 2690
1347 2691
2487 2692
1620 2693
1351 2694
1262 2695
2123 2696
973 2697
2319 2698
1794 2699
1386 2700
1396 2701
422 2702
2444 2703
1178 2704
1874 2705
520 2706
217 2707
1479 2708
1483 2709
743 2710
604 2711
2195 2712
339 2713
1508 2714
1785 2715
1508 2716
321 2717
950 2718
2420 2719
1029 2720
849 2721
2235 2722
1551 2723
72 2724
30 2725
879 2726
2368 2727
2152 2728
487 2729
2292 2730
669 2731
785 2732
851 2733
2503 2734
330 2735
2473 2736
2443 2737
1764 2738
2518 2739
1698 2740
1976 2741
1468 2742
1383 2743
1953 2744
352 2745
1135 2746
941 2747
2246 2748
1574 2749
2423 2750
1220 2751
2031 2752
2707 2753
2464 2754
1397 2755
1832 2756
2015 2757
2606 2758
2526 2759
405 2760
2678 2761
282 2762
2478 2763
2552 2764
500 2765
180 2766
1612 2767
843 2768
1667 2769
2167 2770
1232 2771
760 2772
2492 2773
1591 2774
1444 2775
1693 2776
162 2777
509 2778
1630 2779
909 2780
2327 2781
2164 2782
993 2783
2532 2784
2235 2785
1935 2786
940 2787
1430 2788
532 2789
1779 2790
1773 2791
1784 2792
701 2793
2173 2794
902 2795
343 2796
160 2797
878 2798
1151 2799
1995 2800
394 2801
2118 2802
2644 2803
123 2804
1497 2805
54 2806
1388 2807
2089 2808
163 2809
823 2810
869 2811
1730 2812
2321 2813
2638 2814
695 2815
2092 2816
2145 2817
2288 2818
2558 2819
652 2820
1454 2821
1009 2822
667 2823
827 2824
946 2825
2312 2826
637 2827
1513 2828
2227 2829
1506 2830
638 2831
1956 2832
2668 2833
722 2834
2183 2835
1212 2836
1179 2837
2407 2838
2113 2839
2319 2840
1052 2841
2387 2842
1530 2843
112 2844
1461 2845
2222 2846
1438 2847
1292 2848
1736 2849
1357 2850
602 2851
1934 2852
2502 2853
527 2854
634 2855
2159 2856
479 2857
21 2858
2318 2859
2470 2860
170 2861
53 2862
1639 2863
2798 2864
2519 2865
2347 2866
714 2867
1253 2868
2072 2869
743 2870
92 2871
567 2872
20 2873
2656 2874
690 2875
2456 2876
7 2877
2220 2878
868 2879
960 2880
548 2881
2378 2882
768 2883
2740 2884
1509 2885
2037 2886
813 2887
1202 2888
2844 2889
2012 2890
1203 2891
1581 2892
1722 2893
1800 2894
100 2895
1541 2896
1102 2897
1050 2898
1546 2899
515 2900
1180 2901
2792 2902
2127 2903
260 2904
957 2905
2500 2906
1243 2907
638 2908
2370 2909
423 2910
696 2911
867 2912
1509 2913
587 2914
119 2915
2744 2916
738 2917
211 2918
1122 2919
2820 2920
1548 2921
2549 2922
1241 2923
1114 2924
2894 2925
28 2926
2455 2927
2246 2928
2506 2929
2336 2930
948 2931
584 2932
1579 2933
2018 2934
684 2935
1844 2936
1751 2937
241 2938
560 2939
605 2940
1434 2941
2088 2942
505 2943
1738 2944
2657 2945
967 2946
2733 2947
1965 2948
1786 2949
1416 2950
1917 2951
2865 2952
2237 2953
2924 2954
1285 2955
2552 2956
2610 2957
1978 2958
1304 2959
1942 2960
1132 2961
221 2962
2805 2963
487 2964
1628 2965
2301 2966
2025 2967
813 2968
1079 2969
588 2970
620 2971
2586 2972
714 2973
700 2974
900 2975
2838 2976
2425 2977
1085 2978
1926 2979
1842 2980
2937 2981
1993 2982
1488 2983
973 2984
314 2985
1558 2986
1190 2987
254 2988
1077 2989
1089 2990
988 2991
886 2992
700 2993
2248 2994
1360 2995
2461 2996
1877 2997
291 2998
1297 2999
1236 3000
1941 3001
1426 3002
552 3003
560 3004
94 3005
1469 3006
1749 3007
783 3008
2912 3009
348 3010
1870 3011
1096 3012
2879 3013
718 3014
2030 3015
2108 3016
198 3017
1973 3018
2968 3019
1668 3020
1555 3021
483 3022
1952 3023
2913 3024
2595 3025
1984 3026
2232 3027
607 3028
299 3029
2068 3030
2529 3031
587 3032
1440 3033
2919 3034
1319 3035
267 3036
33 3037
278 3038
1306 3039
1431 3040
2167 3041
2961 3042
1883 3043
2919 3044
2532 3045
1307 3046
992 3047
1132 3048
1875 3049
2126 3050
2394 3051
85 3052
431 3053
2076 3054
1304 3055
1421 3056
2600 3057
416 3058
2410 3059
596 3060
630 3061
753 3062
2152 3063
1100 3064
1956 3065
442 3066
2904 3067
1656 3068
2681 3069
1415 3070
1840 3071
1851 3072
141 3073
2204 3074
2892 3075
2774 3076
2736 3077
2998 3078
2434 3079
1452 3080
2668 3081
2760 3082
2762 3083
464 3084
2618 3085
1909 3086
2032 3087
2218 3088
2631 3089
785 3090
2049 3091
1523 3092
1945 3093
2188 3094
886 3095
2745 3096
1593 3097
620 3098
131 3099
2727 3100
1600 3101
426 3102
2012 3103
2720 3104
681 3105
1974 3106
3061 3107
140 3108
864 3109
3074 3110
1075 3111
488 3112
3064 3113
1827 3114
2017 3115
1984 3116
1311 3117
1054 3118
1065 3119
1153 3120
1832 3121
898 3122
2216 3123
2323 3124
405 3125
1543 3126
414 3127
1499 3128
2041 3129
687 3130
1538 3131
1831 3132
2622 3133
1027 3134
740 3135
297 3136
2197 3137
1115 3138
1880 3139
1126 3140
545 3141
2030 3142
1950 3143
2215 3144
615 3145
2809 3146
1174 3147
1316 3148
1639 3149
2385 3150
1616 3151
8 3152
1557 3153
871 3154
1410 3155
644 3156
1882 3157
425 3158
508 3159
55 3160
246 3161
1931 3162
495 3163
2021 3164
1157 3165
2155 3166
2374 3167
1167 3168
3051 3169
1307 3170
418 3171
1060 3172
1748 3173
1903 3174
573 3175
1579 3176
417 3177
28 3178
1344 3179
569 3180
2327 3181
2750 3182
939 3183
107 3184
1449 3185
1050 3186
1907 3187
2530 3188
2170 3189
1253 3190
739 3191
258 3192
3176 3193
1357 3194
1439 3195
2324 3196
201 3197
1867 3198
467 3199
238 3200
1742 3201
2107 3202
54 3203
760 3204
2042 3205
852 3206
921 3207
146 3208
1397 3209
87 3210
908 3211
1215 3212
1337 3213
2032 3214
1420 3215
401 3216
732 3217
79 3218
1875 3219
2749 3220
2453 3221
2946 3222
3209 3223
2841 3224
2150 3225
733 3226
685 3227
1713 3228
2224 3229
579 3230
2752 3231
1373 3232
247 3233
3045 3234
1881 3235
2188 3236
2114 3237
3168 3238
856 3239
112 3240
627 3241
3065 3242
1861 3243
642 3244
3181 3245
2907 3246
1500 3247
1763 3248
1053 3249
2185 3250
2154 3251
2944 3252
119 3253
2876 3254
3002 3255
1266 3256
2465 3257
269 3258
2278 3259
1398 3260
2408 3261
106 3262
781 3263
587 3264
2249 3265
1794 3266
2360 3267
840 3268
1706 3269
2954 3270
2455 3271
317 3272
1514 3273
2902 3274
394 3275
3059 3276
1432 3277
2097 3278
1704 3279
1849 3280
2872 3281
510 3282
562 3283
60 3284
498 3285
2736 3286
2186 3287
2992 3288
1818 3289
3022 3290
1748 3291
3158 3292
481 3293
1840 3294
789 3295
1513 3296
3129 3297
948 3298
3109 3299
943 3300
1555 3301
2319 3302
2762 3303
3200 3304
1823 3305
955 3306
2008 3307
1059 3308
1102 3309
2647 3310
2086 3311
1551 3312
3186 3313
738 3314
1401 3315
1860 3316
1375 3317
910 3318
560 3319
2344 3320
368 3321
2993 3322
2870 3323
303 3324
13 3325
2845 3326
500 3327
88 3328
2224 3329
1648 3330
805 3331
358 3332
1316 3333
342 3334
2681 3335
28 3336
560 3337
75 3338
944 3339
1809 3340
1007 3341
553 3342
1619 3343
2782 3344
3288 3345
358 3346
2022 3347
1257 3348
1612 3349
2583 3350
756 3351
90 3352
2565 3353
3122 3354
1462 3355
2615 3356
2944 3357
1828 3358
1920 3359
572 3360
1013 3361
1264 3362
1011 3363
1138 3364
441 3365
2103 3366
1659 3367
772 3368
2900 3369
2260 3370
1901 3371
2761 3372
1788 3373
1254 3374
1057 3375
3375 3376
597 3377
2133 3378
2104 3379
3054 3380
3329 3381
1885 3382
185 3383
2572 3384
1149 3385
120 3386
1410 3387
2105 3388
1161 3389
1272 3390
551 3391
2009 3392
2370 3393
2426 3394
1767 3395
3158 3396
1842 3397
1304 3398
2804 3399
309 3400
408 3401
3275 3402
2243 3403
2195 3404
1359 3405
2388 3406
2713 3407
1334 3408
2269 3409
2233 3410
146 3411
3087 3412
2112 3413
2333 3414
1220 3415
2848 3416
2003 3417
3206 3418
1691 3419
2582 3420
1820 3421
784 3422
2482 3423
2405 3424
1745 3425
2812 3426
3351 3427
2650 3428
478 3429
154 3430
3379 3431
501 3432
2599 3433
2455 3434
1990 3435
1932 3436
411 3437
2627 3438
3049 3439
959 3440
1278 3441
751 3442
180 3443
269 3444
191 3445
1952 3446
481 3447
459 3448
2837 3449
2061 3450
2071 3451
61 3452
3096 3453
1765 3454
2213 3455
2450 3456
1083 3457
557 3458
315 3459
2686 3460
1588 3461
2293 3462
887 3463
2986 3464
2249 3465
2662 3466
3133 3467
962 3468
3058 3469
132 3470
556 3471
424 3472
2595 3473
1263 3474
3056 3475
600 3476
619 3477
1341 3478
1203 3479
815 3480
43 3481
792 3482
3098 3483
276 3484
1771 3485
1899 3486
2907 3487
3473 3488
2692 3489
3046 3490
246 3491
2284 3492
747 3493
3189 3494
983 3495
1000 3496
1168 3497
654 3498
2485 3499
267 3500
1587 3501
824 3502
371 3503
3226 3504
534 3505
2152 3506
3021 3507
34 3508
567 3509
2124 3510
2123 3511
3151 3512
1106 3513
3455 3514
2612 3515
1777 3516
2673 3517
1832 3518
2109 3519
1321 3520
793 3521
1273 3522
2752 3523
662 3524
1743 3525
1325 3526
1105 3527
1687 3528
1577 3529
2804 3530
1424 3531
117 3532
1247 3533
854 3534
3132 3535
282 3536
2629 3537
1559 3538
116 3539
1022 3540
1708 3541
3411 3542
753 3543
2483 3544
3285 3545
2646 3546
2593 3547
2605 3548
1814 3549
2353 3550
2374 3551
1558 3552
1537 3553
57 3554
3452 3555
3040 3556
3152 3557
3525 3558
172 3559
2385 3560
3255 3561
2600 3562
2461 3563
2605 3564
1777 3565
125 3566
2318 3567
3383 3568
1507 3569
938 3570
2962 3571
1039 3572
1368 3573
369 3574
1581 3575
3520 3576
2251 3577
23 3578
1690 3579
1320 3580
2738 3581
488 3582
293 3583
2566 3584
1251 3585
1166 3586
3261 3587
742 3588
1648 3589
1610 3590
2782 3591
2803 3592
2408 3593
2337 3594
2860 3595
2576 3596
1413 3597
2178 3598
222 3599
2124 3600
1657 3601
1464 3602
2181 3603
2600 3604
523 3605
3072 3606
2594 3607
2819 3608
1259 3609
3567 3610
3457 3611
2076 3612
2978 3613
553 3614
2724 3615
2766 3616
558 3617
3490 3618
2309 3619
2711 3620
456 3621
3336 3622
1905 3623
3158 3624
3567 3625
2834 3626
494 3627
2864 3628
612 3629
267 3630
2709 3631
1884 3632
2721 3633
101 3634
1035 3635
3358 3636
3086 3637
1015 3638
2285 3639
2449 3640
927 3641
1095 3642
260 3643
491 3644
221 3645
2763 3646
2091 3647
3010 3648
118 3649
1181 3650
2900 3651
387 3652
1815 3653
2262 3654
3624 3655
3365 3656
1818 3657
821 3658
2378 3659
2221 3660
388 3661
1043 3662
2200 3663
2012 3664
3651 3665
111 3666
2071 3667
3564 3668
3454 3669
289 3670
934 3671
2057 3672
2933 3673
2006 3674
2460 3675
2520 3676
797 3677
140 3678
3093 3679
179 3680
1826 3681
3531 3682
970 3683
2290 3684
1734 3685
2911 3686
1975 3687
769 3688
219 3689
2243 3690
900 3691
1314 3692
2685 3693
3296 3694
2891 3695
2567 3696
812 3697
1540 3698
2230 3699
411 3700
3276 3701
912 3702
2874 3703
2886 3704
2929 3705
3377 3706
67 3707
824 3708
3037 3709
1598 3710
811 3711
1433 3712
169 3713
3683 3714
565 3715
1912 3716
5 3717
3244 3718
729 3719
1023 3720
2044 3721
2834 3722
2239 3723
102 3724
2326 3725
2051 3726
844 3727
197 3728
706 3729
1764 3730
358 3731
236 3732
273 3733
581 3734
3727 3735
801 3736
2819 3737
2885 3738
3456 3739
962 3740
37 3741
2090 3742
2373 3743
1140 3744
672 3745
373 3746
3174 3747
1344 3748
961 3749
2960 3750
1635 3751
889 3752
423 3753
1296 3754
203 3755
2425 3756
1925 3757
3478 3758
3009 3759
3588 3760
1838 3761
1801 3762
1172 3763
949 3764
3405 3765
3083 3766
1259 3767
736 3768
1937 3769
2582 3770
2230 3771
2080 3772
1080 3773
2815 3774
1879 3775
3519 3776
3484 3777
3530 3778
183 3779
3159 3780
2689 3781
1563 3782
3080 3783
208 3784
1673 3785
2913 3786
2707 3787
1661 3788
2186 3789
3291 3790
202 3791
2340 3792
222 3793
650 3794
2086 3795
3168 3796
1183 3797
1670 3798
2525 3799
486 3800
2439 3801
1827 3802
2230 3803
3685 3804
3611 3805
3125 3806
3636 3807
2741 3808
644 3809
3185 3810
2711 3811
1909 3812
1422 3813
268 3814
1904 3815
1229 3816
1506 3817
251 3818
2914 3819
3569 3820
337 3821
3252 3822
2574 3823
2900 3824
1820 3825
438 3826
617 3827
2345 3828
2148 3829
78 3830
1985 3831
2010 3832
516 3833
1829 3834
3639 3835
2559 3836
2359 3837
1457 3838
1570 3839
3600 3840
2244 3841
3609 3842
893 3843
379 3844
274 3845
2607 3846
1652 3847
1090 3848
2544 3849
2904 3850
3715 3851
2147 3852
302 3853
3663 3854
3817 3855
1611 3856
664 3857
1111 3858
3774 3859
1649 3860
3112 3861
460 3862
3086 3863
2615 3864
2143 3865
2947 3866
3629 3867
2984 3868
160 3869
2715 3870
2598 3871
3585 3872
472 3873
1918 3874
3315 3875
2759 3876
1275 3877
1672 3878
3871 3879
243 3880
1241 3881
2351 3882
1780 3883
2475 3884
881 3885
2139 3886
484 3887
2933 3888
3387 3889
3502 3890
686 3891
760 3892
2642 3893
847 3894
453 3895
2789 3896
3415 3897
2691 3898
2086 3899
2374 3900
3496 3901
937 3902
2920 3903
3854 3904
1127 3905
3685 3906
3766 3907
2970 3908
719 3909
1964 3910
255 3911
3356 3912
857 3913
1917 3914
2870 3915
3007 3916
1289 3917
3827 3918
383 3919
187 3920
1875 3921
940 3922
3408 3923
1141 3924
2274 3925
2268 3926
3882 3927
2753 3928
2331 3929
1912 3930
1423 3931
1134 3932
3287 3933
2384 3934
2231 3935
3068 3936
1025 3937
1997 3938
3486 3939
2353 3940
58 3941
1888 3942
2321 3943
1331 3944
3632 3945
1814 3946
3753 3947
2408 3948
429 3949
567 3950
3665 3951
1189 3952
1967 3953
1582 3954
2073 3955
406 3956
2968 3957
3645 3958
530 3959
1622 3960
3496 3961
2392 3962
2785 3963
2740 3964
658 3965
2796 3966
1023 3967
3233 3968
2361 3969
2338 3970
631 3971
658 3972
2693 3973
3035 3974
2425 3975
261 3976
357 3977
2048 3978
175 3979
2432 3980
3616 3981
2442 3982
989 3983
540 3984
2839 3985
679 3986
3513 3987
3777 3988
2434 3989
3664 3990
2867 3991
1519 3992
993 3993
1483 3994
1760 3995
2903 3996
1545 3997
2305 3998
2474 3999
3994 4000
398 4001
3756 4002
440 4003
593 4004
2114 4005
2151 4006
2632 4007
3027 4008
2525 4009
1119 4010
748 4011
3268 4012
3482 4013
3618 4014
2816 4015
2007 4016
678 4017
3484 4018
99 4019
631 4020
3760 4021
2595 4022
1102 4023
1878 4024
36 4025
461 4026
3855 4027
1286 4028
3355 4029
452 4030
2774 4031
714 4032
3261 4033
365 4034
3912 4035
3570 4036
1545 4037
427 4038
1789 4039
3160 4040
3318 4041
2683 4042
3161 4043
2443 4044
1722 4045
2654 4046
1772 4047
995 4048
2164 4049
2965 4050
3320 4051
3770 4052
2695 4053
2044 4054
4016 4055
750 4056
2398 4057
42 4058
1280 4059
2935 4060
650 4061
1864 4062
1944 4063
415 4064
3626 4065
3407 4066
1451 4067
2885 4068
148 4069
1623 4070
3532 4071
2245 4072
3467 4073
3758 4074
2807 4075
3909 4076
2503 4077
1432 4078
3488 4079
599 4080
3871 4081
3145 4082
1210 4083
3211 4084
2613 4085
451 4086
3039 4087
3184 4088
4049 4089
2212 4090
3543 4091
3031 4092
1142 4093
2809 4094
100 4095
4042 4096
2142 4097
3081 4098
937 4099
3183 4100
450 4101
1501 4102
80 4103
680 4104
2794 4105
540 4106
2798 4107
1426 4108
770 4109
1250 4110
2185 4111
3878 4112
3339 4113
1403 4114
2005 4115
1616 4116
1918 4117
1129 4118
3090 4119
2246 4120
1638 4121
993 4122
2948 4123
847 4124
39 4125
3529 4126
719 4127
556 4128
3656 4129
652 4130
2974 4131
1641 4132
2871 4133
3634 4134
3731 4135
114 4136
1833 4137
602 4138
1167 4139
2827 4140
1813 4141
4026 4142
3083 4143
1341 4144
1590 4145
3735 4146
254 4147
683 4148
3278 4149
832 4150
146 4151
1758 4152
2490 4153
450 4154
323 4155
1742 4156
974 4157
4136 4158
3807 4159
2146 4160
2102 4161
1455 4162
3284 4163
3982 4164
3821 4165
607 4166
3265 4167
4111 4168
693 4169
2546 4170
429 4171
3328 4172
2418 4173
180 4174
1460 4175
3095 4176
295 4177
3772 4178
2416 4179
2329 4180
3824 4181
1362 4182
81 4183
2264 4184
388 4185
2798 4186
290 4187
1588 4188
3383 4189
177 4190
3395 4191
1815 4192
652 4193
3150 4194
116 4195
1731 4196
679 4197
2884 4198
1346 4199
1425 4200
1136 4201
2144 4202
3145 4203
538 4204
1703 4205
2874 4206
1884 4207
865 4208
4048 4209
2024 4210
2177 4211
2702 4212
41 4213
2978 4214
365 4215
2462 4216
1664 4217
1094 4218
2905 4219
2987 4220
3456 4221
3543 4222
40 4223
3188 4224
1140 4225
3159 4226
3406 4227
731 4228
2806 4229
2241 4230
734 4231
3492 4232
1857 4233
1209 4234
1525 4235
3646 4236
3213 4237
2177 4238
3109 4239
870 4240
3995 4241
2054 4242
3950 4243
3598 4244
3456 4245
2613 4246
802 4247
2046 4248
418 4249
3800 4250
1205 4251
560 4252
213 4253
865 4254
1089 4255
4154 4256
2502 4257
3129 4258
2288 4259
3342 4260
1448 4261
961 4262
1127 4263
2257 4264
1864 4265
4244 4266
2383 4267
4056 4268
336 4269
72 4270
4080 4271
980 4272
723 4273
1985 4274
2143 4275
333 4276
1312 4277
3531 4278
1909 4279
3336 4280
46 4281
3861 4282
1331 4283
3119 4284
4281 4285
2981 4286
420 4287
2886 4288
584 4289
473 4290
1737 4291
437 4292
4084 4293
1063 4294
2669 4295
2569 4296
888 4297
1180 4298
1492 4299
412 4300
2116 4301
3977 4302
370 4303
3932 4304
2566 4305
1576 4306
16 4307
3454 4308
2993 4309
1724 4310
1993 4311
3993 4312
2630 4313
1298 4314
2391 4315
1868 4316
3481 4317
3667 4318
934 4319
254 4320
283 4321
2523 4322
1349 4323
2980 4324
2442 4325
4076 4326
1844 4327
2317 4328
3596 4329
77 4330
3427 4331
2320 4332
2408 4333
1145 4334
2246 4335
2983 4336
1776 4337
236 4338
476 4339
1148 4340
3300 4341
1627 4342
1653 4343
1495 4344
4088 4345
1815 4346
210 4347
3673 4348
4098 4349
4283 4350
2683 4351
1365 4352
3908 4353
3393 4354
1389 4355
4094 4356
4246 4357
3682 4358
3868 4359
71 4360
2287 4361
3429 4362
1924 4363
1109 4364
3129 4365
2512 4366
921 4367
2068 4368
4000 4369
974 4370
3975 4371
3228 4372
2533 4373
3925 4374
1374 4375
634 4376
4277 4377
2953 4378
51 4379
4277 4380
2661 4381
1571 4382
3671 4383
3313 4384
3185 4385
2562 4386
3063 4387
2513 4388
3819 4389
406 4390
2462 4391
2362 4392
3153 4393
2853 4394
3809 4395
259 4396
2436 4397
3847 4398
4315 4399
374 4400
1925 4401
1854 4402
3578 4403
1582 4404
3702 4405
3048 4406
1909 4407
2105 4408
1978 4409
1589 4410
1487 4411
746 4412
2798 4413
644 4414
3343 4415
3927 4416
134 4417
2356 4418
2301 4419
3704 4420
1189 4421
3657 4422
3963 4423
3450 4424
3199 4425
1054 4426
2502 4427
4146 4428
3186 4429
474 4430
743 4431
746 4432
593 4433
3459 4434
228 4435
1612 4436
3925 4437
1178 4438
3856 4439
3728 4440
138 4441
3021 4442
511 4443
2824 4444
2388 4445
2073 4446
852 4447
4282 4448
3991 4449
4154 4450
3329 4451
2060 4452
3235 4453
1942 4454
677 4455
1721 4456
2186 4457
1043 4458
1540 4459
745 4460
4281 4461
1171 4462
1115 4463
3753 4464
4408 4465
687 4466
3985 4467
2110 4468
441 4469
601 4470
2519 4471
1900 4472
2736 4473
134 4474
3769 4475
1455 4476
3095 4477
2088 4478
1514 4479
3162 4480
4165 4481
63 4482
1806 4483
2001 4484
317 4485
1391 4486
4105 4487
237 4488
3199 4489
146 4490
2620 4491
3271 4492
1550 4493
3679 4494
1146 4495
2682 4496
2493 4497
3364 4498
2418 4499
3462 4500
1488 4501
874 4502
1319 4503
3400 4504
3303 4505
1856 4506
2151 4507
1412 4508
3530 4509
308 4510
607 4511
1072 4512
1517 4513
2345 4514
3971 4515
1055 4516
3180 4517
882 4518
3956 4519
2488 4520
2276 4521
688 4522
2238 4523
2151 4524
3630 4525
3232 4526
4365 4527
317 4528
4227 4529
936 4530
3934 4531
2595 4532
2534 4533
2634 4534
4204 4535
3365 4536
4418 4537
3431 4538
1495 4539
747 4540
2755 4541
1984 4542
1537 4543
214 4544
3943 4545
2288 4546
164 4547
245 4548
4203 4549
3993 4550
3706 4551
2306 4552
2546 4553
1088 4554
2545 4555
953 4556
49 4557
1355 4558
2589 4559
2489 4560
3498 4561
739 4562
1605 4563
1597 4564
4436 4565
1257 4566
3928 4567
4130 4568
3765 4569
4518 4570
3692 4571
2561 4572
3304 4573
877 4574
2525 4575
47 4576
2745 4577
3226 4578
2825 4579
3290 4580
715 4581
2491 4582
4334 4583
395 4584
4309 4585
1770 4586
4509 4587
2086 4588
606 4589
4417 4590
3055 4591
1493 4592
3382 4593
2281 4594
1456 4595
4026 4596
2972 4597
251 4598
2426 4599
1569 4600
319 4601
2529 4602
4330 4603
3549 4604
3097 4605
1751 4606
722 4607
3954 4608
3371 4609
2774 4610
1018 4611
3736 4612
4086 4613
619 4614
3016 4615
3118 4616
2237 4617
3321 4618
4196 4619
4436 4620
2426 4621
2809 4622
2227 4623
2486 4624
3140 4625
500 4626
2021 4627
802 4628
2452 4629
3900 4630
3519 4631
2904 4632
1781 4633
274 4634
436 4635
154 4636
2053 4637
1295 4638
2371 4639
1585 4640
4184 4641
2273 4642
3651 4643
3175 4644
3965 4645
2044 4646
2651 4647
1157 4648
2915 4649
2900 4650
2605 4651
3564 4652
3728 4653
4316 4654
53 4655
622 4656
4356 4657
4421 4658
388 4659
2246 4660
2366 4661
1113 4662
4328 4663
2646 4664
2307 4665
4486 4666
4367 4667
933 4668
331 4669
3388 4670
1428 4671
3513 4672
388 4673
3099 4674
2784 4675
931 4676
852 4677
863 4678
4206 4679
1365 4680
1729 4681
744 4682
4419 4683
2312 4684
2882 4685
170 4686
4069 4687
3522 4688
2324 4689
2589 4690
4030 4691
2994 4692
1603 4693
272 4694
220 4695
3490 4696
2259 4697
2054 4698
1864 4699
367 4700
4065 4701
1624 4702
1191 4703
1969 4704
3205 4705
4573 4706
806 4707
1216 4708
2738 4709
2330 4710
2015 4711
1556 4712
229 4713
1199 4714
57 4715
395 4716
109 4717
532 4718
3386 4719
2897 4720
496 4721
3733 4722
1566 4723
3107 4724
3362 4725
2457 4726
4503 4727
74 4728
82 4729
3627 4730
2508 4731
1645 4732
685 4733
1711 4734
1136 4735
4664 4736
556 4737
4206 4738
1196 4739
1730 4740
3232 4741
1830 4742
4599 4743
4009 4744
4499 4745
1712 4746
27 4747
1900 4748
4043 4749
1999 4750
4443 4751
2839 4752
3379 4753
687 4754
1547 4755
1128 4756
4005 4757
1292 4758
4040 4759
164 4760
1319 4761
405 4762
4127 4763
713 4764
1894 4765
2112 4766
428 4767
827 4768
1022 4769
3933 4770
4330 4771
2436 4772
3090 4773
3727 4774
1316 4775
1314 4776
2984 4777
4685 4778
2690 4779
2798 4780
2022 4781
716 4782
2049 4783
3811 4784
4593 4785
3519 4786
299 4787
1295 4788
1131 4789
3387 4790
1059 4791
2471 4792
2282 4793
1516 4794
634 4795
1526 4796
1449 4797
4190 4798
1196 4799
2938 4800
2950 4801
3664 4802
1747 4803
1270 4804
608 4805
4489 4806
2001 4807
2088 4808
3201 4809
505 4810
153 4811
1918 4812
3209 4813
4417 4814
4566 4815
957 4816
610 4817
600 4818
643 4819
2653 4820
4245 4821
990 4822
2028 4823
1516 4824
1207 4825
4715 4826
2921 4827
2225 4828
1536 4829
3926 4830
4278 4831
218 4832
209 4833
4578 4834
431 4835
2321 4836
2643 4837
2066 4838
1098 4839
3128 4840
1849 4841
451 4842
3998 4843
2849 4844
3361 4845
545 4846
1700 4847
4607 4848
2356 4849
2294 4850
4526 4851
3662 4852
4481 4853
2612 4854
4499 4855
4310 4856
3493 4857
1554 4858
2559 4859
1789 4860
1926 4861
497 4862
985 4863
2278 4864
1410 4865
955 4866
2505 4867
689 4868
1819 4869
2985 4870
3367 4871
2398 4872
2909 4873
607 4874
68 4875
226 4876
2433 4877
209 4878
1151 4879
3741 4880
2355 4881
4063 4882
2186 4883
3115 4884
3048 4885
3199 4886
2883 4887
1889 4888
2498 4889
3771 4890
2160 4891
1528 4892
1149 4893
4030 4894
283 4895
4653 4896
717 4897
968 4898
1833 4899
3025 4900
3966 4901
2519 4902
2049 4903
4859 4904
878 4905
4012 4906
65 4907
3906 4908
4495 4909
4671 4910
3834 4911
182 4912
4445 4913
2285 4914
4461 4915
2573 4916
4647 4917
1298 4918
3016 4919
336 4920
4297 4921
4527 4922
2049 4923
3313 4924
1467 4925
3797 4926
4487 4927
1628 4928
576 4929
4130 4930
709 4931
2800 4932
2387 4933
4815 4934
1766 4935
2043 4936
3912 4937
1788 4938
4500 4939
2498 4940
2002 4941
151 4942
16 4943
3509 4944
1100 4945
986 4946
1503 4947
3530 4948
2801 4949
1673 4950
1988 4951
703 4952
4450 4953
4808 4954
4262 4955
2601 4956
2243 4957
3925 4958
3353 4959
3343 4960
54 4961
501 4962
1226 4963
526 4964
2219 4965
1696 4966
2951 4967
2301 4968
2121 4969
3018 4970
1043 4971
53 4972
1432 4973
2135 4974
3636 4975
2795 4976
1562 4977
3115 4978
4848 4979
3442 4980
381 4981
552 4982
3748 4983
2714 4984
4171 4985
1054 4986
209 4987
2063 4988
4249 4989
144 4990
1429 4991
3327 4992
1485 4993
3604 4994
4341 4995
685 4996
3184 4997
4392 4998
3891 4999
2011 5000
3370 773 78 1393 4609 309 4549 2348 3647 2756 1007 1318 2320 2612 3555 719 2810 2003 455 2835 9 2055 4575 1110 1091 672 154 619 2600 1897 1294 2663 2057 3605 2826 1118 1314 2584 1641 197 4430 89 853 565 575 2238 4534 4489 3243 1362 2363 3870 4654 4854 2844 4380 4127 3318 3026 1264 784 3418 4782 1000 4004 1311 3658 1407 2377 4792 4348 1726 2995 3650 4951 1622 4003 3292 1429 3387 4241 4118 4627 3076 1606 1479 2865 2365 378 3756 4710 827 2755 800 2443 4256 3564 3107 2178 247 1308 1877 3207 399 3531 860 116 1101 3390 3686 3704 1269 1776 1284 775 917 2771 16 1288 2664 4417 458 2035 1276 1556 2258 730 2061 1252 1995 1591 959 806 2412 2978 2262 4960 918 2690 4350 4520 328 1975 4325 2049 3981 4748 3039 4156 3511 4505 4962 895 257 2384 3481 3743 4461 2639 3604 467 3212 3375 2480 2294 333 558 4500 315 2534 3500 1868 1760 1153 3348 187 2670 3949 3467 1126 75 1593 4910 987 4781 3193 2444 6 3307 4826 1588 1481 282 465 1317 2430 671 2301 338 2806 3018 905 4288 696 3277 2289 409 3364 1754 562 3819 1821 4347 325 4449 1789 4137 2770 1162 4716 2251 365 3988 1056 4141 1930 3616 2819 232 3951 1585 601 3663 2624 1372 722 923 2418 1222 1517 4416 4670 1809 4737 3038 2096 2359 640 4158 2219 4386 349 4656 3695 2147 3719 3024 1935 1454 3037 561 4766 2043 3033 4117 523 1737 835 2911 2662 586 3953 194 1200 466 765 177 3682 1864 1667 2030 3532 876 1997 548 831 3442 2709 1719 3731 819 1287 4022 1655 4393 1795 1851 459 3317 2594 3455 537 1818 4723 4163 1350 3701 3258 3330 4482 2768 3436 163 2875 1149 2864 641 1445 926 430 4499 1676 2489 3119 4244 362 283 2180 1631 4494 1360 2915 3480 943 1072 2506 1985 444 1949 1599 1860 4053 1640 3347 869 3950 3159 1639 1812 3054 2966 1417 1673 1855 199 2161 4420 4974 3452 407 1242 4208 277 2243 3134 4602 4827 2414 1968 4171 428 1459 4128 2746 3961 4522 2129 97 3287 4641 2451 4447 46 4953 1885 415 859 3336 4838 2626 2241 2781 2683 368 2653 2604 4164 2627 4126 1630 1651 914 2944 2093 3742 2878 1102 1024 98 3898 4725 4991 3804 3490 1383 4741 4877 502 3246 222 555 1271 4608 596 3201 4153 342 4823 471 2880 227 2069 4481 1031 1917 251 3864 1906 823 2916 4436 2947 3893 4922 3313 716 4264 4521 4589 1763 1720 1291 4305 1409 4011 570 2415 1516 2403 3210 3321 3552 2081 2885 2170 4142 2632 2734 3603 60 3537 3813 3010 2921 3168 2310 2072 920 3276 4606 550 3549 4631 4324 4354 2263 2225 2879 2706 2335 2508 1420 1686 3938 2491 877 2736 4331 3196 3314 3502 653 4424 3111 2992 2543 1460 3137 3871 2509 2933 462 122 3465 3642 2266 4570 3978 4403 3068 2214 1810 1745 4835 2769 1380 4165 408 2264 4740 4036 1300 1044 3245 2316 166 3156 967 4130 1368 3512 1614 1617 52 2307 607 3546 2039 4272 1114 1918 1642 57 2778 2446 3545 3541 2710 4806 4178 3113 111 3558 360 366 3643 4125 2834 375 884 4046 3267 3077 2716 2388 2207 2850 2272 1482 2825 720 1099 1012 2967 4856 3468 2346 866 2235 1816 164 4578 3011 4066 22 1361 2932 4849 1620 1852 1391 2794 4693 4536 2015 1937 1501 1733 319 1491 4172 3209 3793 474 4155 3837 4157 3654 3849 3529 1742 3936 939 92 1600 4851 4 4200 4904 2252 382 3673 1584 420 2074 3395 3239 4236 1094 1898 1558 3726 4621 936 1628 2193 3858 88 687 968 2156 4306 2839 1397 953 1408 4568 1400 4091 224 881 3737 1257 2014 766 4216 3995 1349 353 4226 2428 4993 636 2151 741 133 2894 2497 435 4502 1332 80 4715 1343 4954 2896 980 1214 456 3957 755 1074 2409 3231 1699 2656 3088 578 4415 4554 1881 1571 2132 842 3553 4863 3410 3226 441 2867 4453 3099 2034 1305 3918 434 3208 231 2899 4760 1480 3994 1237 410 4488 4315 610 131 3736 3948 2142 788 4276 2661 1411 1356 1650 2145 1345 4948 631 2569 2245 1669 3000 3621 1921 4060 2261 1574 2735 820 4755 4579 3086 4628 2621 4146 3205 36 3798 2500 3723 4167 3652 3814 3498 1011 3827 1527 1718 2777 4207 3118 2592 167 4245 807 2338 1988 2318 4470 4956 4346 1436 4603 2897 2750 2089 3780 73 2298 1296 4999 2965 3328 2680 1066 1320 1525 2591 284 4529 4087 1402 1647 264 4810 1962 772 3661 4738 4940 120 3721 2701 2567 4013 173 1439 3585 3910 3902 4780 978 1211 2108 2783 289 2669 4571 1697 1158 3293 1831 2981 2526 1684 994 2765 3251 3007 1337 3595 2535 2123 3715 4326 2920 1580 798 4858 269 440 4546 2369 2532 2114 3513 2905 2168 4154 1758 4530 3306 3969 2817 1083 4765 2288 4234 4450 2685 4397 1544 4979 144 1546 2679 4421 4100 3660 1017 683 1643 3023 4280 3979 401 3690 4730 2206 3699 3568 1424 1886 4250 2191 4822 767 2485 648 3248 3785 1098 1378 4187 3640 1262 2020 3501 1680 2371 4572 219 4114 2128 810 4446 4714 3160 813 3912 1088 3755 2583 3877 749 2837 1105 1060 3109 1748 1859 1665 4081 779 2133 3669 4334 4938 1741 1757 1893 1775 3383 3049 1167 3683 1663 682 463 3551 4919 4804 4964 115 406 1583 1581 1947 1692 3824 70 4891 405 1573 986 4709 261 4728 1904 3058 2406 1047 3057 3839 4965 4041 2439 195 2776 617 1499 3996 4304 2634 3157 1464 1346 4616 3116 2993 4349 4474 567 3308 2693 4355 3406 1168 3538 159 2636 4865 4977 296 4517 947 3040 2733 1475 2332 1703 1457 1781 1657 4845 1442 1025 263 4514 501 2675 4560 3149 1381 606 3610 4677 4173 3874 4626 4408 2134 2874 4985 659 3852 1759 3133 4989 235 168 2602 1562 4887 3354 3580 4336 1272 4045 487 1221 157 2048 1998 1872 298 165 913 275 28 4293 2876 4565 916 397 1705 2659 87 241 4052 2347 4088 2948 4686 1399 872 417 3815 4884 2695 4994 101 185 2611 1261 4636 1739 1799 4924 2217 1721 2493 4679 1774 4102 1082 731 1958 841 2849 4301 1535 2909 95 4590 3901 580 142 1123 4707 3386 3342 37 2254 1438 357 3976 2488 2820 4539 473 3741 2007 190 1425 3070 2331 2808 2522 4116 1534 2898 3200 621 4703 3522 4353 3572 4492 1048 1078 512 2660 77 3114 1034 2747 4485 3216 411 4192 1209 3992 3235 732 1059 3315 1395 4454 1204 1216 3402 99 272 597 4867 2175 2315 4001 175 4870 1612 2201 3344 2651 2803 2615 4275 3093 1992 603 106 2767 1316 3359 83 833 2432 493 2472 3855 3854 4278 4569 4969 3433 3727 4328 1596 780 2886 2759 4105 2025 4601 3897 2159 2118 2130 4772 4685 3233 4519 1027 1112 2725 3008 3434 960 3612 392 3847 3052 4357 4214 2833 504 4381 1052 3748 1447 2796 2982 4064 1575 1563 799 2775 889 2392 890 995 2213 4239 845 2441 2452 3495 3559 692 3089 4078 3932 2284 549 660 1282 2721 1994 2576 4261 340 3443 4399 2187 3863 3417 3333 1979 174 3199 1771 900 2410 225 1045 4132 288 4330 2969 1030 3403 1496 1389 1331 4797 1241 4138 2420 1609 4477 2024 3131 3983 2842 1836 1909 4224 883 1080 4317 4093 4805 4661 162 2760 3126 1210 387 3062 2102 528 2248 393 3714 857 3575 413 2103 1929 294 2989 4798 946 4646 1825 352 1008 793 4295 829 3620 4820 2150 593 3680 3844 747 3464 4321 4382 2374 4523 206 2042 4538 1188 4098 1880 2976 3252 2080 79 661 306 1176 1664 2236 1054 2614 4705 868 3329 679 1505 1423 1092 505 1302 4803 3649 3718 2942 2095 1752 1263 2303 3351 691 4982 3474 4070 2752 689 2985 1111 4829 937 3491 3816 2125 1508 1043 2853 611 1532 2998 3411 4615 4213 32 1750 4463 797 3835 178 4815 3084 3925 818 3186 3889 2766 2596 3769 2681 1837 3584 1307 398 2297 4859 139 2586 3576 1605 3105 2640 4466 1850 4504 2931 581 1096 180 4233 3483 880 598 4229 3517 840 2858 2801 2973 1277 1566 680 583 4285 4729 4268 1820 510 717 2167 4836 3724 2606 863 4943 371 4597 55 198 1987 768 4373 4747 1236 796 4075 2000 4586 760 2357 451 4675 1178 85 2712 112 1899 4147 3343 1510 1206 998 3557 1840 4510 949 4691 2257 344 1539 1519 4202 201 2339 369 2595 4657 4862 2174 1867 1451 815 2184 4582 2691 3678 3635 3240 3162 1857 492 2843 665 3830 3496 2699 1969 2404 879 1856 3739 2703 1983 4614 4491 1410 2786 4009 1590 3931 2378 2941 2311 2070 3752 2417 4640 4853 2232 814 1384 3968 389 86 1001 668 697 4487 3369 4931 1693 4103 4123 903 4633 3377 27 3818 1783 727 3025 954 4379 4666 3853 1722 4837 4361 3092 2111 4907 2092 334 4955 1736 2383 1993 1972 2220 4978 35 714 666 1404 1927 1351 3845 642 4992 4595 3597 3127 1334 121 2924 1755 1913 2199 482 1869 3345 2579 3242 764 1355 4732 4068 1195 4783 2126 2851 1827 189 403 1749 322 3191 4255 2782 1653 1744 3219 2105 4251 1554 4913 3158 4556 3238 3101 229 2477 4802 3164 2540 335 2665 2648 1371 1552 2240 3883 4176 3263 1607 3879 3123 1152 2507 3725 4006 1363 3060 3021 290 4340 1928 4852 4297 1730 4695 1260 3074 2589 1572 4394 1379 3469 2350 1526 3662 3631 4990 301 1440 1875 3779 546 3202 4844 1689 1171 852 1374 2456 147 2381 1421 1338 4109 4619 1058 1289 3684 1139 2435 419 875 2684 938 127 4188 4384 3590 4754 3361 2425 3570 4345 3812 2171 299 4486 4663 243 1887 339 176 68 2868 4945 3440 74 3220 103 422 2411 220 1468 2578 303 3831 2469 2787 2738 1822 2705 4111 2548 1495 4074 669 1782 388 2848 3787 3577 1063 1219 204 391 2073 837 4313 3244 4201 4600 2226 141 4545 1364 1892 58 3130 1882 1702 1326 345 326 2678 4469 279 4623 2312 3771 753 3644 3296 678 1089 3865 904 3674 2305 2618 2271 1971 4756 2386 2593 4083 3172 1310 1555 3270 1250 538 3781 3171 887 4768 2732 927 4923 1879 1884 1452 3794 1431 2017 1359 2056 4281 1529 262 1833 271 1085 3015 2366 4076 1243 1246 3536 2633 3710 3427 955 4888 4700 2708 622 3425 341 1829 1154 3214 3729 4660 1084 3016 1081 3627 47 2157 270 2991 196 763 4048 4135 1610 2019 439 158 1419 396 1223 3751 1203 1634 1616 3012 327 1323 2890 2900 2860 2183 4871 2996 1912 4809 4042 3005 4289 1662 992 984 3942 4139 3817 1861 787 3707 4210 2555 63 557 4773 4303 4764 2290 2053 3846 3376 664 2568 1073 1787 572 2838 2974 1843 1636 2823 2970 1808 2340 964 3497 2470 1734 2390 1568 2895 2552 4916 2630 4555 3229 2761 677 2940 1672 649 1849 4375 481 2603 4701 2743 579 4580 128 1348 2953 1301 824 1309 3047 4612 3439 4793 1907 40 4287 2972 4392 4071 54 2901 1150 3836 3990 1768 3535 1036 4591 4120 3782 4220 2714 896 3048 4005 535 4426 4038 1354 2022 915 2572 3061 1247 1324 3102 4039 208 3163 4471 1802 4434 3732 1484 1145 4372 1597 4217 2809 560 4124 1366 1249 3943 3601 3356 3332 102 1841 2728 448 1796 2047 1018 1807 65 3525 1259 4262 3106 4174 1902 4655 4309 862 1042 4652 2585 3392 573 568 4946 4731 942 53 223 2788 94 1557 150 3405 3984 254 1061 2891 3972 4531 4119 3230 1711 4644 4319 2221 3540 2355 738 2616 4697 4936 3066 1595 3613 4090 1547 3777 2646 1696 3593 48 3811 64 2309 3019 1515 3935 2215 4320 1053 4444 961 2181 912 1426 31 2162 136 2229 5000 3104 4774 2501 4413 3108 1192 4335 2812 3338 4883 1685 1706 4089 4323 3409 4496 2291 1403 3035 4721 426 4258 3295 3139 4018 2085 2795 8 3857 4308 1472 2779 4746 771 3097 2936 4898 442 3083 2780 278 4669 3466 651 3569 4699 2265 1463 1844 854 614 1051 1235 2253 3013 1155 2619 4513 4237 999 3090 1832 1015 4682 941 3519 3821 740 361 1967 3268 2571 3147 3478 589 4967 1691 4405 81 4553 2672 4096 541 4880 1973 1652 2975 3962 4724 2692 3063 3182 4947 2204 770 1946 2599 2774 1020 886 4365 2467 4588 386 525 3636 4909 4581 242 1121 307 213 3510 2205 184 4260 29 3664 4284 3712 2437 2784 1834 1028 681 4378 210 3921 1594 503 427 3770 418 865 3826 1321 3676 1201 4072 2016 4390 4942 4407 3299 1613 3179 507 2450 4918 1828 1212 4168 2463 3476 3808 3913 1800 873 551 267 2564 3430 4257 3722 260 3820 1353 1981 1941 1258 114 3326 1727 3266 2913 4900 4926 1533 3523 4860 3225 3533 2005 2124 2326 4935 3708 4552 2520 3009 3688 4049 3880 477 4961 1677 3152 3638 1070 4061 3166 3940 2476 308 2912 2988 4719 1373 4821 3970 3516 2342 1369 4573 4395 1103 3980 545 4162 3775 1095 39 4484 2117 62 3283 3298 933 4322 3255 2416 1537 1239 4984 2964 295 2814 3346 4501 613 445 4771 4122 3713 109 1874 287 2163 2799 4753 1187 2135 3400 3588 4099 4358 4063 4585 1553 757 3626 4095 3989 2120 1432 125 1406 3548 3924 1658 1494 848 2745 4031 783 1725 4996 2427 2903 3254 3856 2798 2002 3034 4577 3096 291 3122 3174 4688 2696 1076 4843 4101 4017 4212 508 2731 2866 3758 847 708 4596 850 1910 4762 1228 45 2961 3404 2144 902 4367 156 4630 4445 4524 695 3487 4687 2426 2652 4396 3125 3482 3349 1954 1794 4861 1339 3215 3103 3280 276 346 2805 2816 3689 2198 4599 2862 2100 4828 1540 2464 1806 2856 330 4770 1587 145 1865 4886 2938 1925 2726 1953 3505 2952 1817 1683 1735 4833 4957 4668 2401 2510 2062 193 3486 3362 1724 3165 1747 3366 3762 4613 1064 743 1446 4129 4543 3606 2249 1441 2986 4279 4196 2337 3352 3508 2638 3140 4267 4779 647 2113 4185 3702 2458 1638 2060 790 2789 2394 675 107 4683 4634 3703 3264 616 2822 4684 2641 3747 3055 3905 4051 3380 4108 3749 3075 4243 2361 4376 2505 3587 2031 2013 1502 1160 1492 952 1006 2523 1330 3768 1186 2754 2587 1769 3799 3841 4020 1625 1173 929 3184 1377 4439 4370 3148 2545 553 836 1644 4592 332 3507 1477 615 2119 108 3971 3761 1357 1278 4561 3408 3041 4987 3868 351 3458 484 756 4932 1996 1159 4152 2514 15 4897 255 3800 1635 2737 3665 3757 3297 1950 733 4711 4647 3974 1847 704 1963 3003 3056 2077 4291 161 1511 4975 4179 930 2676 4008 3833 1896 273 723 4300 4658 1503 1127 2400 1416 1347 1952 2064 4825 721 620 2211 2413 3960 2962 2700 3472 3444 2436 991 801 1405 2984 146 2937 4401 431 3121 4511 2513 4097 381 1905 2574 2530 1542 4054 364 2063 483 3645 701 2246 2757 639 4418 3681 2846 3493 4819 4462 1292 2314 3767 149 559 4493 4720 1138 4800 536 1106 4254 3282 1177 1939 2610 4318 4664 571 2216 1444 2563 3842 3550 4629 1483 3589 910 2 2224 843 3790 460 4299 1932 4402 1839 1767 805 2239 1894 312 2654 4934 4432 1926 1846 4170 1049 214 4717 3218 3115 1713 1002 337 521 1761 4742 1509 1951 4465 2354 2396 1143 2538 3547 2471 3371 1984 132 2079 591 3705 1298 67 540 1493 3765 1283 4736 1151 3002 1901 3524 3566 38 795 76 1290 2230 4739 1141 2673 4915 794 489 4338 4906 1199 4598 4963 160 2840 1714 1244 2200 2275 1108 4029 2138 1698 3956 3027 4745 2352 4885 2010 585 1240 1065 4058 404 1035 41 867 4296 1723 4811 1097 33 3675 4927 3959 4933 2051 1545 3528 425 124 3668 4266 358 2511 2313 2023 4363 4564 1245 612 3862 1589 2460 4584 4902 4516 4786 516 1695 1414 4551 3142 3521 2925 2918 2539 2194 3843 552 4937 1193 2393 4528 244 2067 4872 350 2570 2405 51 400 4680 3071 4944 3997 359 2208 699 3259 3079 2811 4808 2841 3372 3759 1551 3151 587 1751 2647 1273 4563 3908 4030 464 4467 2445 2424 2462 2601 3504 3592 2524 769 3223 2914 3653 1229 3615 2281 544 3073 4366 2959 134 1710 4359 1319 3934 2802 974 1780 66 4692 192 3416 2098 3764 705 3687 2620 2800 3381 542 750 2830 3659 4472 1304 1785 2109 2791 2688 1792 1815 2075 1147 1660 169 4610 3634 2908 1387 304 922 416 209 4435 2994 82 4757 4352 2527 2302 2977 3900 3378 1023 4930 3154 4183 3489 1435 4086 3203 3153 1522 4911 3929 2551 4021 320 2686 3632 395 1486 3185 4840 608 1608 2541 1960 1465 3087 4194 3611 3838 1819 792 2968 2831 18 1033 2231 4294 4576 4197 2399 822 858 42 1497 1232 2625 2212 2713 4249 707 2012 3985 4562 3488 539 1418 3720 4752 1957 3319 4912 3224 2607 1959 956 200 1528 4015 2836 2512 4892 3141 637 3428 1956 3648 4218 3414 1559 2149 1295 4371 4831 4970 4400 3195 3485 2498 1888 3574 56 530 4440 4648 2433 2963 2011 4016 3484 3042 216 3477 4150 2531 674 2717 4594 2071 135 3890 1041 1079 2536 1530 171 673 3188 3859 3379 4043 3365 2438 1344 4311 3783 43 1858 1144 1709 4645 4855 3438 2279 2629 3129 990 1226 1626 951 2929 3903 2906 1618 17 2164 2276 4438 2173 1645 1671 2741 1712 2577 4925 4203 3599 3462 2723 3479 4878 1986 4104 2099 1433 761 1174 2269 1182 3463 594 3952 4718 3340 1520 4443 486 1871 2645 4875 130 2484 1633 2644 3866 2544 1772 367 563 3822 3358 2351 2408 4895 4939 1621 104 1471 1075 155 2979 443 3829 3628 316 2328 2146 421 1700 4094 4574 3144 2999 4182 2561 1190 3305 488 4368 4067 4448 658 26 3067 4976 3867 1870 2160 3941 202 1129 3337 317 377 3206 2666 2562 3581 2887 1524 1119 2256 2429 476 3272 2222 1184 3554 2343 2475 3095 3211 4227 3217 2247 3565 2260 3175 329 3646 3526 123 965 4790 500 2431 1991 2066 882 84 4263 3117 2402 234 812 3382 759 4027 4879 4807 2758 2580 2395 3325 874 2628 3792 1461 3309 2772 4360 834 423 4231 1090 1285 3692 3679 3001 1729 3385 2423 2155 4949 3619 2333 2086 809 2153 3834 3928 1541 3919 928 3906 2930 1382 3275 3020 1805 1728 3274 3422 3706 1567 4704 3623 2813 1674 3709 3560 4497 3506 2980 2192 739 4744 3861 4839 3556 3697 1146 3043 2304 776 4526 1293 3050 4080 515 746 2790 363 4495 485 1466 250 2698 1003 25 380 3420 2059 3735 4864 2336 4473 1205 702 3335 4065 3954 3598 4816 983 402 110 513 3014 2597 4310 2121 3423 3331 996 2228 2203 4777 1999 1392 1866 211 2581 3860 4618 1490 4115 4874 1 906 1560 3146 3449 2719 1213 1577 1916 3098 1507 3374 1050 2419 2730 4082 901 4749 4374 569 1068 3801 934 266 1238 830 4899 3250 3677 1940 3607 931 4441 1666 1934 151 4533 252 2242 1194 2537 3562 1130 4769 2565 4890 2657 1268 2032 2368 1136 93 4611 962 2857 3353 3651 2954 4971 3437 2195 3878 3909 436 2090 878 4468 3760 3602 2131 3693 3832 1124 3617 3303 4219 228 2041 2398 1225 3738 3895 4190 893 100 1914 2483 2319 1217 11 4151 982 2322 3955 556 379 4525 4277 1120 4253 4252 3514 1543 2345 1104 1582 1848 644 1113 449 4351 2515 292 2397 1512 3249 3161 735 1681 4735 1428 2122 3963 1797 4795 3441 4866 2453 632 4801 966 1218 2018 751 384 609 4034 945 4209 4452 3499 4767 2370 153 1069 3069 246 4958 372 1931 3624 2529 1086 390 1632 90 754 3591 2521 3407 2516 3896 2268 4490 856 744 944 3534 447 925 3633 256 2045 3036 2367 2877 518 777 2821 623 3413 4830 3734 4145 1038 2468 1156 762 1661 2139 2519 3265 4617 1010 718 932 3904 4676 1863 4558 712 3840 4019 1569 3100 1536 742 1161 356 4014 2827 4235 2955 684 1131 713 4841 2227 2499 3029 2702 238 2448 1394 3656 2922 3302 2990 2033 258 4950 2259 2084 1964 1933 2209 871 3933 2152 1777 4422 1004 864 221 4186 348 1179 3064 4458 2044 470 4069 1895 564 3594 4002 491 1966 181 626 4369 2308 1990 1746 3341 4639 286 1813 1891 3600 4112 1611 3256 685 2267 4713 4726 3944 3323 1578 4727 3393 646 2104 4411 2528 2997 921 4456 2250 3300 1322 2176 2502 844 4273 529 2329 3772 1842 300 3 3848 4282 1803 2287 1396 4364 3543 2136 3966 472 3360 3473 1071 629 1942 688 3078 4929 4230 703 3461 2285 324 1270 1093 4672 745 2503 3261 2058 3807 3939 778 3784 4624 4690 655 2474 2704 2623 4356 1668 2928 310 4274 1180 1766 781 3629 1586 4409 2459 2028 4995 1365 1220 748 4706 1915 1115 2957 3515 3850 1498 1134 2949 2455 602 821 3459 2277 1386 2558 4986 148 2197 958 3247 207 2166 2882 2244 907 3825 2847 3120 1513 3273 3290 1196 2720 2447 1474 786 3746 1443 1603 3527 4205 654 1765 2671 3911 3045 520 2490 1415 305 3803 2375 2461 4314 2106 3173 3582 1181 911 2116 331 3271 3927 274 205 4133 1740 826 4140 1521 4508 2598 3227 3339 3530 1055 4136 3234 4791 3503 662 3426 3579 2554 4642 495 3964 3786 4643 236 511 2872 4033 1659 3922 2951 452 2008 4503 1738 524 4283 1476 2454 438 2582 117 4559 2457 3454 3544 3977 4941 1467 3415 3796 1488 1923 113 2722 355 3475 3802 3923 2674 4398 2560 4085 2004 4344 4211 3873 4968 4794 3091 588 1067 4973 2188 1197 4604 526 2027 2486 1375 4751 2658 976 2845 3237 4632 2863 595 318 3991 3363 1163 1175 935 2945 1281 1570 3993 2815 3030 2613 2107 2718 461 4824 2391 453 4059 4812 725 4107 2907 1717 1814 321 182 2902 2360 3672 2926 4972 514 3110 1132 2001 627 643 973 152 3285 2344 2637 804 957 1022 2143 4763 802 4869 1801 1961 138 3916 468 3312 736 4077 34 499 4650 105 1679 3494 924 2052 1716 1233 4607 828 1878 1453 237 4532 2855 861 2237 1487 3887 1523 4377 2556 2649 849 908 1398 2321 2218 2270 4480 1804 1107 3886 1286 1026 1376 4920 981 532 2550 10 838 2487 4905 1313 1506 3136 2306 2036 248 2223 20 1117 894 694 2087 3789 2362 3622 4383 3967 2785 1788 2382 1234 1135 1208 4527 4247 4389 4625 1602 3625 2148 2927 3401 2792 4298 480 2380 2076 4653 1778 1148 1185 509 1122 4222 2707 1965 3181 3899 3733 4028 4144 4228 1412 2029 3655 2751 3986 1576 989 4040 188 1040 3178 4425 1198 4410 347 728 1358 4240 670 3278 599 3445 2323 2473 4412 1046 2697 899 3167 4084 2748 1164 2482 2037 4901 582 4620 534 3397 3232 4622 1142 4121 1248 2140 2824 285 4544 4110 2026 950 816 533 4460 1945 2668 1340 1328 2588 4694 2888 21 2466 4248 2635 2349 3975 4689 3004 2210 3945 1784 433 412 3190 14 4796 1458 186 3571 3006 1385 140 2711 1165 2278 354 129 3236 2376 2334 3740 1215 531 4476 1254 2869 4204 3017 3291 4007 3170 1009 1019 172 4587 59 3823 383 3542 825 1615 3391 600 2274 2958 2910 2939 3213 3143 3881 1838 4635 3797 2729 657 1473 69 4759 137 1029 2650 1675 650 1434 4134 2946 2006 4857 811 4507 1388 3520 3806 4673 2525 4702 1604 1756 494 4148 3080 3999 1989 1549 3573 979 4818 1077 1900 2677 2861 3221 2158 4221 4665 645 3471 4327 1624 4169 3177 985 4385 1637 4433 4988 2643 576 3053 3031 1267 4850 3876 2492 1743 3795 2617 3946 3183 3253 554 3316 4024 706 212 1654 977 652 3567 3671 3872 543 2542 3204 3926 4959 3398 711 3828 4515 2021 4457 2983 4478 2687 3284 478 758 1790 2202 424 240 3810 1770 2101 3998 3766 3431 3711 4159 2631 2046 2434 3460 3094 429 498 940 3192 3583 191 2078 3750 437 1333 4842 3228 1231 3888 4404 3914 3446 3187 170 1489 3809 4903 3432 2065 4550 1731 2182 3667 1786 1014 2934 1016 4259 3450 803 3965 5 1948 1005 4292 4998 12 4290 1039 1690 971 3135 1627 2295 3947 2353 2919 1306 3447 4332 1367 4175 4423 2094 71 3138 3169 891 233 3892 4362 1826 1908 2385 3294 1646 3241 3982 1227 3180 1598 4307 3618 2356 2300 1427 4343 323 4776 2622 1037 3128 3176 4983 4181 988 4542 1823 4092 3973 3884 4637 2324 993 4605 1140 3194 215 2740 2088 44 1470 311 2682 126 2112 3987 3046 3373 3805 4177 1341 1500 1062 2724 1504 3388 4981 2804 3150 3262 1514 2127 2169 3301 4431 2590 96 1170 1845 1422 2859 24 855 635 3028 4161 1811 1682 3132 203 522 774 3518 1550 4696 2689 2040 791 3124 4535 2465 2533 4442 2950 3788 1903 1943 4451 4143 3763 715 1189 997 4873 3730 3368 3367 2884 2960 3700 1469 2655 1678 3907 3421 4055 1955 2179 2407 1100 4391 4131 259 584 2504 1708 2330 1128 4566 1687 2233 808 2764 4868 3451 2832 4184 4057 2573 630 226 3189 3457 4733 4388 625 1202 7 376 4056 2943 2115 663 1280 2749 4079 4286 2296 870 1125 374 30 4498 2495 2054 2694 3334 4044 506 1854 975 676 633 4270 1648 2379 1265 496 1455 710 373 2917 2442 302 4437 4106 3728 2870 4848 3324 1707 2546 2956 4674 1688 1824 817 1456 2325 3389 948 2421 3694 3578 2566 4541 4160 4037 3614 3670 1299 1157 4966 4784 4062 2667 1936 4708 1172 4483 2797 1911 2873 4339 2818 1251 2518 604 1297 4758 3289 963 782 1764 2893 3320 577 3882 1732 634 1021 4846 3260 4023 2575 1793 2559 23 183 2549 4406 3051 3448 2440 3286 2110 3085 414 2642 2189 2481 888 3586 4778 265 1890 253 2358 1342 628 1013 4464 1548 2234 1619 2478 3885 4921 61 3032 3304 1704 4659 1275 2739 3222 4712 1883 4734 3791 72 3322 566 4540 3851 4952 839 2387 1032 1191 846 280 2190 4917 3891 1889 3198 118 2083 4225 2422 1623 547 249 4548 4813 4750 4681 3744 4012 4667 4889 693 3470 3044 3696 1919 4189 4026 2373 2068 394 4509 618 119 245 2889 2165 217 4455 4817 2742 336 4333 497 4882 268 2715 1694 3059 2517 4032 3753 4547 2753 1325 1656 293 4761 4337 4832 2494 1779 3399 851 3875 1335 475 2881 3357 1255 2828 4914 4649 1579 1978 2496 1109 2605 605 1922 4512 1649 2763 4025 4000 3310 2608 4789 4387 3281 3022 2009 2341 1303 1791 4180 2547 4893 4223 4506 3563 143 3745 3930 2389 3492 469 1448 2091 2557 1976 1565 4010 517 4881 1924 2871 1873 1592 3894 2038 3384 2829 3917 4671 4557 2727 343 2097 3666 4928 370 2892 2854 1312 4242 3657 1116 3920 3774 3269 4232 3396 3937 1753 1133 1224 789 4302 4743 4414 1701 1715 3754 1853 2364 3145 4638 1390 3691 892 3419 2154 1137 4775 752 4198 3412 454 3639 4662 3698 4191 698 3539 1329 3716 1970 3081 4312 3155 2283 4195 2609 1401 4193 729 4166 2793 1437 3350 2082 385 4271 1449 2137 4518 4047 4428 3685 2299 527 3311 2479 1980 2971 4342 2987 432 4814 50 2186 4073 4583 1944 3197 4593 709 2293 2923 726 3596 4329 4698 2282 1315 4265 4459 686 4799 1087 4206 590 519 4894 1830 592 1920 4050 3456 4475 1876 2280 2196 2177 1862 1413 19 1256 690 2172 3279 3112 1629 3072 885 1274 3608 1370 785 4896 1977 1169 4238 734 1538 281 179 737 4787 832 3641 1279 1564 1450 1670 2773 1336 446 3355 91 1485 1183 1762 2762 4651 897 2273 450 1462 2292 2904 3958 638 3424 4316 1207 2935 4537 2449 3082 969 724 1253 3869 4113 4246 4785 3288 1166 2327 4788 1430 3778 1531 1798 297 479 3561 313 1230 2317 2553 4567 3609 919 2372 1773 3327 970 3637 1601 624 2286 3773 4269 4876 2185 4035 2852 2807 2744 909 4149 4479 4834 4847 972 1057 2883 1974 656 3630 2141 239 1835 1478 3435 4419 13 4215 2050 3453 314 3776 1561 457 1518 898 4429 3257 2255 3915 4678 230 4722 4427 4908 3429 3394 4980 49 4997 1352 218 1982 4199 700 1266 1938 3509 574 490 667 3717 1327 3065 
