1235192429.5
1260835716.5
1268912491.5
1289418987.0
1289801298.0
1261138387.0
1223426452.0
1220658869.0
1231193020.0
1210095057.0
1234828706.5
1238917955.0
1261768815.0
1249725798.0
1215787475.0
1281785395.0
1228730174.0
1262155963.5
1291465064.5
1262684476.0
1271586085.5
1252248190.0
1257383517.5
1254657765.0
1270333582.5
1263413630.5
1225059019.5
1248319789.5
1246014526.5
1280088161.5
1265951063.5
1247174660.0
1221134325.5
1245908065.5
1288002986.5
1238664402.0
1214357544.5
1271358374.0
1225224659.5
1276836841.0
