450 500 296
401 319
262 103
146 212
47 67
49 248
209 174
370 263
328 197
288 149
74 201
82 32
164 362
47 209
163 132
348 312
65 184
100 277
13 18
395 83
374 327
195 394
298 198
388 54
35 407
193 129
404 18
344 188
339 419
16 384
32 128
433 168
275 208
130 137
12 189
79 219
132 92
437 107
47 90
181 79
449 89
289 53
404 32
226 385
168 186
369 365
325 271
208 276
7 194
108 246
63 344
112 286
108 97
106 64
1 4
28 369
346 169
147 440
407 408
305 300
220 343
250 272
439 123
319 349
96 144
18 370
182 212
237 152
257 357
31 258
138 21
357 235
415 368
386 286
60 281
284 431
132 403
415 59
220 113
86 58
117 250
211 190
130 391
448 413
117 330
19 191
58 312
384 380
399 324
75 191
292 281
73 386
448 62
242 115
231 96
441 296
424 138
25 31
156 263
347 7
310 247
251 152
422 260
188 128
50 413
320 112
257 353
442 31
12 419
386 78
426 230
242 363
211 159
440 269
27 306
439 295
85 344
38 405
194 126
8 266
387 384
49 353
7 179
79 365
267 180
134 7
319 37
335 308
307 234
397 117
171 283
44 198
173 104
266 121
109 24
409 185
440 11
219 146
343 448
208 141
222 297
309 331
109 78
345 239
73 325
243 250
43 370
202 280
199 438
75 102
216 385
123 174
11 441
411 379
271 83
276 375
162 132
220 193
163 218
335 129
376 365
133 315
107 369
409 228
72 53
77 65
183 178
131 37
164 120
372 10
382 172
126 114
245 119
273 255
126 198
156 85
293 107
349 163
42 400
304 180
303 103
83 243
168 446
346 396
228 93
341 375
408 338
69 409
252 27
358 187
253 309
414 42
57 92
313 130
138 390
321 29
119 87
194 165
170 8
121 257
376 405
219 371
277 325
333 391
185 161
417 19
162 7
130 373
155 339
326 18
72 358
28 139
277 107
129 323
99 36
116 315
396 137
371 400
167 349
194 2
70 17
38 377
385 54
304 65
106 394
331 187
130 108
444 151
377 345
106 146
390 60
84 432
389 313
137 216
194 407
237 94
130 58
2 340
109 221
394 95
392 236
160 356
170 420
18 167
201 4
27 22
292 373
182 310
1 421
291 350
397 336
281 133
79 408
200 22
277 88
299 433
224 125
372 393
291 105
350 4
258 47
417 16
370 229
97 13
115 231
141 21
372 295
257 130
310 424
448 348
82 106
303 430
293 208
320 31
141 6
394 404
7 1
438 444
274 343
33 346
360 121
14 116
238 380
19 121
210 330
341 378
184 267
274 238
90 277
108 225
380 220
298 233
194 403
120 72
108 397
328 92
117 236
11 81
364 450
435 408
247 255
20 183
28 233
233 174
274 170
280 243
159 90
158 266
359 99
209 117
309 53
267 119
294 435
382 431
170 16
376 126
222 346
373 213
163 344
406 202
260 146
4 110
176 249
286 130
54 398
425 68
176 265
277 419
306 169
145 233
267 70
185 345
223 415
398 156
77 239
343 81
30 369
10 294
120 44
197 220
246 142
281 437
404 64
401 93
160 311
254 105
142 34
428 215
67 280
429 426
272 9
397 28
401 64
16 161
342 246
347 204
257 261
15 334
395 216
217 131
110 90
105 138
112 373
106 68
51 236
278 373
99 403
144 46
305 176
136 358
399 349
441 363
242 220
412 178
448 179
427 89
237 225
98 404
426 241
3 144
265 381
211 98
289 143
184 237
283 376
322 371
87 312
338 381
376 360
142 79
133 4
352 450
189 112
382 56
417 330
200 314
18 375
376 179
371 409
131 167
48 32
420 294
39 149
331 404
374 161
283 379
282 332
228 31
266 273
100 442
279 398
114 87
156 334
221 395
62 46
277 319
390 133
446 16
24 363
347 320
424 77
324 120
268 146
386 216
202 149
95 389
223 262
418 9
10 139
286 268
270 301
163 13
108 148
26 411
241 303
387 167
209 124
417 372
284 436
123 259
269 354
303 270
111 209
342 242
230 83
132 360
6 192
370 28
377 383
167 372
169 8
307 144
2 373
106 340
182 180
138 245
395 314
172 166
331 181
343 111
354 259
176 26
273 232
306 415
211 252
20 67
196 171
376 231
117 268
314 272
442 222
277 44
168 7
296 384
380 36
371 341
144 83
67 141
292 297
183 57
223 122
390 78
157 262
213 76
321 305
442 256
57 395
160 126
255 296
276 34
270 332
357 424
294 314
106 67
55 251
418 13
278 100
417 411
334 19
350 80
318 256
