112
93
157
181
99
168
78
10
187
137
187
92
152
150
44
44
16
168
48
137
152
120
95
126
188
36
161
95
90
114
229
2
108
60
135
38
113
65
25
126
114
188
168
5
126
122
168
158
185
107
22
114
1
114
6
44
21
95
197
94
94
209
152
31
137
112
120
137
171
2
95
112
170
99
93
127
75
87
63
151
151
80
82
4
67
152
152
121
80
152
116
107
67
137
90
80
44
151
71
105
152
151
145
63
151
168
90
81
90
152
105
74
93
52
93
73
80
152
152
71
47
71
90
147
152
126
90
28
135
75
118
138
169
118
147
147
147
183
187
6
147
107
122
88
107
19
108
94
88
225
164
79
170
207
122
9
170
86
126
170
137
107
72
126
89
105
58
20
147
105
188
137
91
56
86
120
104
3
104
77
76
116
116
137
120
116
135
108
0
171
165
127
127
41
137
5
151
151
171
107
158
57
121
158
198
107
2
92
151
147
92
112
27
56
121
107
152
121
116
121
165
116
121
34
152
93
88
93
39
72
170
28
94
135
52
135
86
0
87
122
82
13
29
173
86
171
120
107
152
120
89
121
75
94
155
112
141
120
120
112
147
151
107
172
151
90
151
135
160
44
139
105
14
137
112
103
94
74
71
4
72
16
147
168
152
171
14
127
46
94
133
46
144
138
32
145
137
112
74
107
91
108
0
24
152
112
108
57
18
121
6
94
107
112
48
91
112
112
147
156
156
70
90
68
191
112
51
109
112
137
64
24
11
63
89
121
116
147
126
109
89
50
12
63
89
121
99
93
87
115
107
171
112
73
168
127
112
58
159
3
58
122
126
25
5
90
157
41
95
154
94
152
112
168
90
65
90
79
112
94
109
172
147
94
135
93
58
116
5
110
126
137
88
84
110
94
23
88
80
168
0
57
99
35
105
137
118
112
116
107
2
181
165
35
65
137
118
90
165
90
7
73
51
165
127
92
92
73
171
135
4
29
51
45
77
55
99
73
107
116
40
137
94
72
183
22
90
2
34
107
126
82
126
126
107
107
152
149
6
0
126
126
102
170
3
170
137
126
39
110
86
127
147
147
71
147
17
187
107
112
147
107
12
68
58
79
112
126
126
39
147
118
81
118
20
35
138
63
73
147
113
112
126
117
63
75
147
145
147
63
67
24
152
113
147
45
107
113
53
113
126
90
0
97
147
45
95
121
187
126
72
116
116
98
116
187
0
129
3
147
6
169
75
20
1
116
169
169
116
147
31
171
80
154
77
131
171
127
116
121
94
94
116
116
151
116
116
211
89
151
97
93
28
107
120
154
135
2
116
7
211
126
28
77
197
74
127
113
135
47
49
169
51
124
154
121
152
192
152
137
209
134
90
209
31
120
165
120
90
120
187
106
91
140
140
69
160
38
71
41
5
73
60
120
135
94
133
155
107
112
134
107
80
85
152
127
152
152
3
6
89
10
121
88
55
107
94
9
124
116
141
114
70
152
116
161
112
105
107
107
73
116
124
94
165
121
238
170
107
114
103
107
107
107
105
170
107
116
86
107
103
135
74
3
63
137
2
116
116
7
135
146
58
127
116
152
114
152
113
114
161
89
20
155
21
44
147
10
51
145
137
88
155
170
60
79
137
151
137
137
115
137
116
109
158
98
111
67
39
91
115
183
27
103
57
72
0
60
37
121
106
124
0
89
102
168
112
124
124
47
107
61
89
147
42
0
93
129
23
93
121
14
37
50
182
116
0
147
188
116
141
107
38
60
9
89
5
114
158
105
0
161
173
114
5
93
62
105
152
94
57
105
89
68
0
152
116
114
168
57
105
135
152
124
152
168
44
154
107
124
124
154
94
6
149
183
121
169
113
188
28
112
1
137
188
137
5
88
126
135
45
124
88
93
73
108
0
188
113
158
13
23
158
147
88
51
112
99
72
147
99
170
55
112
147
147
114
135
94
188
4
147
55
51
57
127
84
97
114
81
112
94
121
81
28
67
46
152
127
79
168
112
126
86
81
169
31
21
127
153
158
16
168
112
10
94
127
94
171
171
141
112
112
25
26
118
118
118
181
30
181
95
154
0
137
198
90
93
44
88
116
143
116
168
170
2
2
4
121
112
51
107
107
137
91
170
107
61
138
5
25
188
101
151
105
151
198
73
51
63
181
141
16
94
116
141
198
198
187
45
121
116
189
120
94
105
38
45
141
116
51
18
107
108
18
120
187
97
158
187
55
132
79
91
73
0
120
35
154
116
126
181
126
118
126
1
104
152
95
152
64
137
77
122
47
141
135
104
18
152
171
105
80
126
126
108
147
51
114
114
86
245
112
114
71
126
186
22
126
93
57
30
135
116
172
120
127
127
144
112
2
40
137
137
88
172
124
137
88
89
172
112
113
124
82
108
9
79
30
76
82
94
129
121
147
154
37
73
121
72
29
135
157
17
1
170
88
127
135
141
112
94
75
121
111
37
183
46
94
51
6
94
93
94
116
73
72
85
62
152
67
94
147
157
116
152
112
107
94
147
103
88
90
90
102
116
102
23
141
6
135
31
94
119
135
125
116
173
45
188
40
120
179
106
112
137
94
245
137
56
93
12
147
171
171
98
60
127
122
77
172
74
58
124
58
147
157
53
80
107
112
147
94
105
94
157
94
49
94
185
105
105
201
14
80
147
137
103
127
127
18
15
201
116
112
170
116
4
107
152
7
94
94
107
80
126
227
172
124
83
168
99
7
126
127
152
126
135
137
89
88
6
88
105
94
124
94
188
126
9
170
126
74
27
61
121
120
109
183
121
126
152
114
114
147
126
122
86
93
26
50
120
127
183
114
147
112
169
88
93
135
108
105
157
112
157
157
100
120
6
113
124
105
60
124
105
168
109
124
94
60
170
51
170
158
127
33
94
28
49
45
85
183
12
121
183
107
127
182
258
82
113
87
169
155
155
114
114
112
107
171
171
135
97
170
3
52
0
74
95
2
10
74
100
194
147
29
138
74
121
125
57
103
121
0
127
51
80
137
172
186
2
11
108
75
81
12
114
19
95
122
168
133
112
70
94
127
194
57
127
59
57
114
92
97
105
28
185
80
137
111
152
74
97
10
133
137
185
121
74
172
18
172
121
74
125
171
157
133
138
116
116
100
185
74
86
121
121
116
104
81
86
185
3
185
135
6
94
112
185
154
125
125
28
152
14
161
1
26
70
58
121
112
107
51
219
152
111
41
10
59
120
112
171
71
58
148
115
173
107
171
42
148
112
173
172
74
0
90
166
147
93
147
121
147
121
121
121
95
30
170
147
61
95
2
147
156
121
61
99
147
7
85
74
97
113
71
1
197
55
169
105
70
133
94
126
0
99
137
95
119
135
71
147
168
111
169
225
94
197
107
127
137
107
81
107
81
107
13
60
119
107
151
8
44
67
42
156
218
185
112
139
51
95
30
61
58
112
107
69
107
147
168
113
131
169
79
147
74
112
152
173
112
49
90
183
124
152
110
170
121
121
157
9
138
88
99
152
49
152
95
121
80
115
170
99
121
126
27
10
6
171
35
126
63
71
147
126
37
117
141
126
3
126
35
126
109
119
86
6
109
94
126
23
67
56
141
141
43
127
0
135
112
74
95
129
126
156
171
1
133
120
156
141
79
38
152
121
147
93
124
147
108
120
74
47
72
194
25
108
47
156
112
120
0
187
69
108
30
147
113
77
147
78
3
6
147
147
111
4
147
17
67
67
80
6
90
69
112
183
80
205
77
147
14
71
112
165
194
112
98
112
151
101
92
156
164
46
171
0
55
145
105
26
89
4
89
95
114
23
189
147
127
135
186
107
74
116
147
26
99
10
171
170
147
99
147
105
165
171
73
12
149
169
113
135
79
73
110
156
126
112
116
152
47
165
26
171
170
20
94
127
55
50
10
152
118
71
5
46
12
112
152
0
147
55
71
13
164
73
132
147
94
0
122
120
17
64
34
12
1
127
9
112
78
105
188
170
170
137
126
116
132
56
160
49
108
112
112
121
165
116
28
113
129
127
168
94
72
109
178
72
156
28
24
121
164
112
127
70
164
112
112
112
112
99
127
0
202
6
151
127
129
126
126
129
149
111
62
82
136
133
183
173
23
72
110
6
98
98
0
116
93
100
95
43
1
95
121
50
72
79
97
152
126
71
105
28
153
121
139
116
112
94
112
94
77
147
110
77
198
112
179
3
147
147
110
94
108
14
124
145
35
112
89
142
189
115
112
258
110
94
15
110
126
110
95
51
87
183
121
133
156
92
0
151
127
2
69
125
89
36
99
112
99
183
168
31
147
183
113
71
38
127
113
100
107
23
158
88
71
160
158
158
135
122
78
171
158
46
57
181
113
14
105
26
114
183
95
92
171
152
77
183
43
55
120
57
92
79
79
98
152
113
83
67
198
86
29
140
152
80
43
154
97
154
105
114
120
44
114
116
171
113
114
137
0
141
107
124
37
3
169
188
116
45
135
116
61
92
107
147
155
116
147
116
107
58
171
89
152
59
3
152
161
202
37
118
120
94
32
112
43
169
45
94
135
25
92
6
135
73
92
0
94
113
170
113
152
133
113
105
133
105
112
151
105
117
110
7
86
120
26
172
6
169
164
144
121
170
38
85
110
127
94
99
44
94
127
170
127
121
49
102
116
14
111
94
126
86
147
171
94
74
154
0
151
9
112
1
46
18
112
101
94
127
29
12
79
2
168
120
74
2
3
92
2
71
61
57
99
99
107
74
94
105
1
164
89
87
147
9
151
122
169
169
0
94
127
126
154
94
171
113
161
68
68
126
42
161
120
82
51
61
114
118
171
94
0
116
114
86
127
15
28
153
89
127
114
89
94
10
116
121
94
94
35
171
170
77
170
94
105
121
164
131
93
75
135
110
194
138
105
133
124
170
95
94
202
64
129
151
202
94
59
43
94
127
58
44
81
63
55
94
94
0
94
55
120
156
121
0
2
183
121
61
93
81
31
121
121
170
0
171
202
105
75
94
171
105
118
94
109
171
154
20
154
105
158
165
107
182
94
112
4
146
77
152
118
94
87
21
110
114
13
151
107
171
188
129
94
8
114
63
171
0
18
4
6
182
117
152
94
94
121
35
63
94
95
113
16
107
135
61
145
154
172
102
151
171
107
115
86
0
133
133
89
154
172
86
29
107
116
191
107
77
135
7
107
154
183
124
116
127
151
147
60
49
107
76
151
93
93
0
89
151
151
112
44
154
112
88
81
126
52
29
154
51
3
104
154
172
171
137
59
171
103
105
11
26
132
54
112
68
87
89
109
168
88
87
145
23
171
112
86
135
137
88
135
94
73
183
194
127
121
165
105
120
56
32
7
194
1
169
35
147
120
172
75
147
172
124
172
137
121
56
94
124
94
88
65
107
105
124
116
132
124
126
152
43
137
71
43
137
152
29
77
29
52
112
107
48
194
14
112
116
124
169
105
194
89
70
114
137
3
130
142
149
152
33
183
125
127
152
5
126
152
114
8
137
97
51
112
97
133
152
32
121
74
100
2
152
152
94
29
42
72
126
171
4
64
43
122
110
121
116
126
107
28
135
45
129
121
71
126
129
57
111
116
114
114
26
170
93
96
93
0
70
168
55
152
124
114
183
170
0
110
170
7
0
121
67
116
122
94
101
35
99
88
144
26
171
194
121
24
121
169
90
72
112
194
26
108
42
8
105
156
191
84
5
160
27
6
112
