0
1685122
0
0
0
0
0
927162647
0
0
214087430
0
214087430
86383958
0
579907239
20470293
585345101
393907898
956242646
132704672
576723167
38432617
664559774
188589547
420235970
307332626
547143895
33752998
426554950
214087430
288520036
214087430
373437605
5774278
460693891
534571466
467998065
545611460
953076374
57647196
868393551
476136469
280479540
327621624
493429386
562853919
868107480
817184738
191862825
851485162
215935009
189491851
5774278
910407045
0
0
566954742
343782701
748280182
30853009
415943139
655701749
214087430
407395815
191862825
160544914
625275920
814323410
727588674
132981202
156361929
463432582
652597911
0
18505060
319759780
755521918
837445774
882196275
315407633
644863136
38292335
174091922
365292571
290113384
900776994
631579065
750183045
258579410
590964467
24551585
538014750
885861505
386945511
294430468
311838911
951955039
0
866648422
654886480
479225388
988532267
866648422
396579521
668119997
99733549
322007537
320180961
962716035
330993438
655953638
631570541
214487744
46936442
492046042
145494596
115672975
252919316
170775123
864734520
307123056
0
602031816
719165727
708518187
724050720
247213502
946903354
626182379
142846456
243351531
598199529
946104561
755521918
397228030
15509107
951360391
304154526
719165727
668489687
367449922
464772806
494145559
572962078
818284767
672867026
23036207
642265419
31225061
474758400
921194332
828196155
282599968
101197924
647479711
24987404
932425943
502234285
911356562
431005926
902946401
425587445
624874593
594386781
236804886
627901120
36180950
923817052
18556565
600746527
952116025
0
408638805
542993011
633414408
282145836
348244528
155893569
467120468
242924096
573611172
905274697
161215919
98820853
480457215
982219085
315607737
784930979
3633858
932294139
119489257
437612743
0
195744904
482329368
525171229
466689838
389836280
38710032
294128718
919039895
572717563
398076638
197162050
817309014
880588993
745785196
155893569
534815474
62820531
669164982
850566717
53374749
314926007
352873174
387404211
254880932
62934115
682486310
140921657
114153392
594271383
62095075
999584164
684700475
988406467
44417271
72161445
975187582
124122637
116615021
196654915
0
191093380
708395999
5923602
142267562
369980999
948130128
238875610
376207222
602607972
227556665
853299162
675882687
330796139
523940106
7122732
817435049
936664325
580842683
986034452
214087430
500136978
716288521
416326580
217299994
1361005
881578643
29048846
572551662
544134149
608314882
703910180
389836280
573348077
123273988
838393466
168584716
138438982
557426935
259708455
375955589
385260401
711530561
604031255
625679165
977625663
364302209
709403874
625268202
935852431
938533632
269670437
228309894
725564317
472271810
728124722
305772989
956381648
986713229
216313026
50834804
83099097
81216451
140015433
850937416
959438092
907843082
652038814
961942543
581892844
391188925
49490710
456774094
927134874
358925671
934688233
805226360
781285493
947861340
375794060
0
123125633
597288056
478596687
502664347
444656042
540403719
149218855
896185587
580689817
19538939
436058527
983650033
497189157
0
868198674
335322007
428142696
157701914
331324764
228825404
727550780
279117858
961938667
695799356
974450132
213732249
627918394
557326099
488881797
877249424
0
96086440
944799216
632730470
557928098
220121830
493901389
785709998
809054313
350819599
372276320
879776806
593985912
41312661
290555714
917350531
643597484
181993433
264608164
129249629
750398364
203753561
461210452
603226294
84279321
58744796
271936378
106410189
494682805
494962522
711660863
68995988
62145425
546589170
709738853
850067453
599404936
0
135010124
933349347
397487050
824889618
980253356
404589132
564122071
444858063
108148775
486245664
102666809
676752443
568945803
164210051
66657533
400865734
530987822
410397747
980802111
158579382
738485368
243905327
218115209
590156343
605699026
276696480
777625190
377786505
683434757
861079776
693188699
212048802
550158405
0
893870595
942925338
835928717
677404731
727920576
453584516
332547000
852465158
349334247
833862278
925937989
983058118
442601071
950025905
609101685
936284239
28137415
23953123
425624181
944980508
215695017
153912550
117206288
610547562
400037799
280289384
811864584
325958321
300646240
492701922
128001448
803483432
926551137
0
565573086
910745426
585810918
226561570
655425611
92586005
441208384
572843964
810009267
67160530
586364574
457047395
746915902
839647012
924547763
861383370
951600388
329983867
78407442
978639511
656274040
667966639
522010140
218687581
120912389
896461817
614749962
104596445
457247520
85794621
762946280
698729901
303819136
526614192
782092997
827809861
406879020
997474393
393593632
701498520
378118600
808068461
525044914
861866455
235371318
960581879
862350240
158984474
718181622
296691291
510767074
710420767
171450925
923111014
808958652
348183270
88892672
846915110
265208081
672090349
398268897
704812901
339884477
407801764
119383788
469644857
405538599
234927528
243815803
681772386
106272947
886486824
709906118
963291573
36538360
246359045
491762315
485688853
115727248
90747048
886620755
717305070
608877339
310498721
807324039
88527360
23768074
85362405
271895504
211248632
35245883
832869865
303951729
132430307
239693448
862038307
339500178
793518383
461084302
302974959
854835021
874576815
129850133
435627358
359563165
857612666
57615330
496232056
844182385
555053792
680845416
119454697
521812324
469376125
945452527
102921532
720033533
939691657
753386623
471228946
398071715
998539433
702919971
269251808
292006007
930745194
171016799
978155246
397443085
928438123
855992587
852492637
465907313
579506649
699606400
105570976
377902108
703846434
621322720
893425196
684487398
269829509
887405335
772983025
187019762
355290438
205890463
525580673
773008279
991312982
551969537
261230129
873016493
69428385
18704363
430308330
481196536
995320655
575704667
884205793
258835132
984089180
543616968
435003447
219823534
116552670
788977760
415120627
776853273
852629028
196855038
631579065
743987801
124602031
94758784
158984633
622672328
72285885
955934671
45816999
119022055
361116039
913130644
957084913
586510886
739199458
219444598
732015284
720602433
691095544
328004237
855991708
56089039
788100324
282491306
805214938
721697431
484863309
881260970
119778038
605961246
0
892342008
202117747
490289921
72731287
499133016
244150019
863527022
720468775
920173378
142591635
39184654
722015367
444211429
199604549
399564776
453223788
263228082
819746608
515216484
762156654
411373211
234897790
280111458
209524844
582373845
677955982
915741299
492528013
364938218
633833151
167166609
753234871
159365435
844938496
568082474
48919949
274052879
426898301
723878927
465363749
367474632
969842019
348828821
112935347
329891808
574816047
157602284
662538621
584733526
169826401
136598663
855020407
410998332
0
518632401
100133164
659662707
612116096
782012519
377362749
107341937
624917941
217901888
319341698
577290996
611613353
773869649
726538305
208827972
104041281
767345099
244653058
650753341
969102406
368177033
369417808
624325705
955968852
903252597
237043279
317674920
902318030
389074982
615403045
90201457
724685496
692620417
495663931
173338971
97972577
158164102
843700223
553211471
108783945
111068646
543764700
628035065
830307447
94927338
987175918
725191387
827073531
887060294
258529805
352040935
686492439
813276863
521866280
615070846
569867991
575443690
506921631
651047849
243200819
194949768
938561973
190407236
931508043
1977885
826878872
0
840421949
415595974
903704793
452208266
390848935
284281646
219296393
183245446
46089476
289832402
378663391
82635394
125610292
842185006
360979273
423926431
418896154
291126684
929769539
215540490
646439903
578804990
633063178
934106536
204990933
652305944
74306568
856818411
3572149
169604806
21775059
745557625
177643121
399175315
517363005
252389406
849841042
810093007
24616765
594951860
982332725
539479051
598863019
171499025
625954741
667222219
966400454
456576382
389301628
654569314
692428827
546533679
86709234
714385918
384265143
488148920
348560947
961163071
946339569
537434654
868457781
378389120
772484656
629449340
452597865
128712976
100496367
829308849
266679774
384678025
638994502
395682708
152015138
878535718
504185048
441608742
268293868
586452171
568566979
769723783
518913746
97313384
389584338
561442223
955224286
175531321
970783876
294418541
743988655
137202677
873646316
259212651
264807031
686726182
626279089
615293111
295758850
659447683
727019595
222957351
695770832
113966867
120111365
506697907
714633162
116628857
940903488
22024172
842950741
214235133
566971840
57804347
667513581
549223582
615205206
570952823
294443357
23526404
921919947
953617169
577174699
676095509
477671472
833928589
387672494
693594908
153446125
507683628
349973632
460630315
886800920
320937423
663675561
428700205
120030131
125685874
142586438
887438658
276697902
819772895
574159157
497359215
807627325
446179499
977883450
138699259
3785206
453464476
363176670
817393190
762973372
354426674
123426730
60429855
852270198
514174525
145650138
683590454
946197564
337358590
318456044
360295697
4138327
801933381
551074230
634475834
138699259
604049571
87886547
83093248
211679333
992883102
710055207
211867918
252243138
444119518
577660275
690082240
33954022
316879275
842227785
863554530
604958965
893251974
884633251
578338640
902138881
175510143
812470360
529929142
856944268
355631161
961564368
786612628
45209598
244413661
977894737
975958056
782376844
793119732
282952977
193990424
512550852
795262016
330522838
183942675
560098914
469787884
709129420
418670161
487096940
798600138
699328790
897770329
188166074
716961455
30735616
359321307
492396735
396937152
225493334
695813832
705652603
736957794
960508074
958614660
946667667
671939651
255910944
517239540
192272815
283523747
586433895
471428749
767673834
834084288
901341076
466164935
544076862
892539136
937224102
379707069
990047541
533623170
218339149
475564645
785450120
716989015
777972765
168469318
595723304
15333022
941425210
208578382
960673288
175651771
463083824
557279445
780035036
348823959
376594115
121756346
532202282
332137926
59110826
815799774
716466190
847442762
29743460
128346334
972567480
243909065
65690421
871523740
428191672
929512098
440481238
811916800
0
871675262
798815744
923531458
994421303
469758150
78423134
576907735
791201386
477042894
731816482
623372113
200118089
635623100
638647558
456391752
909685066
806529652
867082087
914174917
81358564
561179364
750673938
531366144
992928232
435689295
627252534
0
366526985
611261257
574662858
989831301
337226226
993913679
0
715574735
326719224
200763015
4434493
610016292
55519436
339967014
676913532
990610801
79189238
840064184
1577738
242265153
33145724
492126400
868219988
538281599
88027172
544487714
124254734
380542249
578299109
410833428
927271602
192241380
558886686
192719972
852331686
30486947
409306321
266767548
67860262
591205578
145539683
622152949
360560001
80013420
453173418
74081086
214868863
765717590
876890526
738430402
133712446
668861786
879920157
180075254
916378668
158749921
6132846
671592839
526733731
112028568
42082627
440238910
960019027
870417253
669338087
366294556
473512384
307593792
534941248
692783297
892942929
406026338
766683723
322109479
360715702
930035592
289975004
935830048
386820549
918584991
428110235
94763504
264643592
976642830
229006872
176027819
748340027
782321105
505042891
483228362
368090045
551028731
282444031
657554388
704446488
500907753
660754058
468972028
307153053
47542497
48477759
112188508
209994701
452090542
335271200
918580960
314231995
0
815227061
607201017
666283512
717662178
85969140
903705101
879194191
987765372
475869986
265336197
547343485
588014951
428886717
960763113
44232210
897105086
370974601
26356270
690680422
0
727253434
632423887
366410585
493533897
687154793
19021197
633802989
626305622
765312535
100106
279360682
220480143
252142971
567225767
578446335
501757503
593212763
723423096
200182422
478901942
155893569
748511501
0
229130761
248830754
44051596
754486416
654559418
948261712
985918028
21619013
696535575
792370425
773348716
519435196
647956408
14490966
834456320
143140868
246512856
140414926
795017158
824706678
619797529
967034400
553814368
684884387
364685754
957126105
914255505
918828062
585283280
274238456
587693345
566572033
700736206
826422076
456078038
36711890
969701360
929008011
469692598
351185287
496237673
809211530
576538498
338059136
601430259
8143281
795424787
149130773
92334868
742654798
245052915
499905846
335313856
623116919
686211417
126849056
21012991
566182300
922504972
474892414
217324294
825245186
519957811
383203051
838280564
182967748
432531781
595656616
461436084
241195014
549857119
334739912
941567409
651843311
289909160
373552421
818789477
116402381
121936614
323715510
152120362
296400550
630866004
940981772
652253222
41518224
314413526
610269820
612680324
362541691
43393820
405098816
652570549
423912612
236894014
977057982
353013403
897538055
293190202
844368831
42699658
226012138
468211520
101824567
318298428
821790928
912308964
539393225
263633570
281894133
490804558
892474990
393370709
32394356
506885283
404853398
421492927
942169926
293356552
651671970
753724595
391127616
596688575
297369048
571986686
970485317
307448968
513093552
371101032
156120658
935372116
482252415
696233386
975130021
239606983
936320508
317584483
134191698
202099706
728938547
762154968
807365858
508369196
406076408
956901251
904467568
21090558
347617748
828147015
440468222
360671273
463521600
72331043
563417373
145862478
480885044
223958182
435058527
568857829
737992386
54087714
340476887
446218854
196202254
142853829
884060221
607837982
237745867
102217589
857295133
260421435
535094211
546791255
392106235
742537797
490464734
527400674
907079416
4076303
312889972
262300567
243151176
333278244
847999928
804548060
104269677
925031257
837929961
192715649
761614870
847259999
444090712
959020217
195709106
397790508
694493336
979741011
68686665
415375923
998509184
658368279
15999233
412319859
465915776
905862912
919482624
329141448
478731744
765216636
790214952
177324242
373146948
878491073
44661003
928405520
266753378
284767793
898136362
322386627
839244430
266452636
129669789
441314723
583525891
208687412
939142195
762455167
175548216
264979722
460271609
235653268
33325326
916102776
761140186
422087485
890487096
498041962
0
990054790
509161753
518603928
359657697
159374446
788172364
486824384
811975076
915689608
372378864
130362494
651842044
460559844
133967757
617966539
814336883
748295328
812510462
817469137
133112549
364373380
711442416
342158703
491459052
375069683
888115144
56119667
444126668
331787669
453384593
68059304
788818963
589743882
650305729
747661025
624855994
451508592
219750034
831455066
290330237
675828171
807739854
125774792
319499892
418301065
557457963
268382388
600559407
163504288
425470999
660127563
737843391
78512657
168051387
661222473
272824609
451377614
13049918
412696772
757265532
412749864
581166661
880180925
505711464
996883265
306204709
694855282
591549580
937801115
789360098
566833765
519723730
339827681
114579148
208972030
418127316
252208851
403068326
309962834
24536137
920945209
338537353
874745164
337769543
262040296
121995344
793181600
786489657
715532154
106676721
580048570
682264024
412353190
746274606
509920131
54542038
704226784
158830925
232068452
862399622
66559807
966886396
511989121
924467242
372658540
34246025
479738061
247743292
44122389
96203958
860480407
761946385
696169092
86465256
205874628
356865968
720774380
845596243
549510579
671422450
664359252
473785917
504516122
915567274
490805210
951873361
645082551
677079515
291406373
970958125
659454557
618125031
61950397
434814720
511318614
540659569
150084146
421658240
667849294
554912670
390247534
708675729
98748854
236529290
829463526
150381187
215896450
390090948
638756401
800002351
489801117
333380078
771444487
314909772
501071772
9039796
517145329
218192366
997363991
250877266
145349624
388810119
70888191
218005064
309278674
424086998
452023779
41771186
568765698
612075719
53817210
892854892
625608498
188446762
487059821
737756316
667430981
897694191
65716322
322357207
173179070
66093368
141734121
469773095
502612678
908078488
594031449
105543964
367072117
137751145
973874106
809797264
556506134
550880784
