1000
12984571
59956973
75163771
91743217
4086997
76853167
21270751
9642173
99759161
77578093
73361923
43934167
13669081
39059299
30460093
34379099
10376467
98816099
82102261
23355713
126227
46423189
82043371
56277889
77686333
64241981
48859387
85349183
31018721
77040779
41240579
26470247
100049
58042847
62503163
39686821
10163077
9684557
7869131
82678093
55785377
93469357
20256937
91795471
74166251
74431811
89508271
92153599
41293117
45233389
52406479
53326531
22218629
76698599
67931429
83013937
10115513
9559799
88608521
1100797
16512427
17121389
126349
10549453
63713801
1259107
70099399
10506227
20547983
4009639
26025787
91191449
12226999
79280359
58389259
28943557
14719667
90423379
85926779
96116071
12145093
13133531
89880137
78776857
46040087
64900217
66190511
14304793
53210897
77223631
58628789
45298243
75225851
64717
31304333
24650939
98764021
84215687
35799989
22093763
92670007
23384161
19950883
32467717
42653099
36625679
81000653
63194137
12251011
98883599
12586199
46339829
69501283
102793
69730127
93385283
95281493
68898931
47399483
67654931
85328053
92641247
74322799
22593013
1089457
85368259
67704509
56042671
71898173
29802287
72902849
73389377
22656779
52744891
57497123
98342381
73965833
67573943
11017319
28728991
4509647
11405533
219577
40915363
72719389
82466381
80300047
39486059
4620559
73354789
25261897
13112063
84162899
93739021
70085627
48099871
93053267
23478899
22811207
58930931
12513101
34731239
24823787
22078033
47780443
42420541
94113077
3982417
36730741
64764233
30536039
83842939
9003821
54722891
668617
3372163
42033623
68275703
79804363
89454881
76683701
25269773
9754891
51603779
43955671
44980823
16107473
87622567
27708887
86055379
3950657
91025647
4017919
18585631
12509591
82657787
18641419
57067921
42876221
95438227
95882467
8089187
70497299
811193
22329257
54487067
26668981
41503949
78515863
95497033
31945231
63341419
12717163
47606407
43507463
78458687
36861199
54610609
48544103
48987101
46904729
90904529
31175747
56680759
24395299
942031
9353749
86595779
94895267
28174409
2150719
53624789
10859993
68343991
69207571
99912581
16437899
86877619
9678241
91367693
14943083
48229471
61416473
46852369
30287921
94538453
13321663
72638521
31341137
89370223
29318921
57052349
34539061
89696977
7803979
18928411
675823
51669197
19603943
16495373
54738451
83393291
67436359
93065257
26247701
96530219
73068883
7623529
54586739
32343739
35704003
73448761
82450547
38926159
33518011
42263189
75426083
59501303
51239743
23362921
25934737
4624069
79447481
79624423
28390091
65930363
67322197
67999397
41600303
28107487
80345183
67715993
41720671
7776269
93349297
83339803
12167569
71774567
2060159
38946403
86781077
65688881
38484431
63329531
11529631
30828859
99609683
7342483
35366453
95319671
35461061
60908261
91438993
66437653
1097351
57939127
3321761
79478143
40454759
87803327
36847981
55418239
439853
87909571
94904123
39390643
44726471
74951057
1174739
90728969
94169459
43127779
49676371
60602131
53639903
5809151
50027371
67692439
40171517
13264519
58630711
828557
43066973
85338571
61468493
71227963
26111209
69398821
1653023
14502133
54503069
62895337
67429441
10171067
87565999
66781069
99472801
88501937
59074219
96907169
46969271
8438609
26009227
27537533
20937793
55210819
55849553
75108617
31403159
29606963
65628181
49008529
76219271
63971759
45367087
34603561
84849341
29948453
74424019
5972063
37615793
8758499
87440393
75589567
46070729
30917899
29445457
26608193
23987801
64082429
93880357
21117263
39187013
91659727
88296833
45890423
39593069
30682831
8861911
88389887
91982753
43947623
23310863
54272473
62811101
46805579
90636019
95349451
91048523
38328011
96517609
2504297
28867591
63796321
1080479
35602943
73232333
31477603
57688621
97972421
43461161
30006349
6330131
68774929
78378299
10876199
94013789
99000619
17811487
90029623
53704499
70837391
93068341
78604153
53391017
80224913
39515647
31895177
53844103
37481903
12557813
23243849
81418637
46792951
41425403
38759597
43855079
52344521
88596643
498439
88171327
34797251
68513707
8853457
79462283
36101921
88231531
66233039
27056899
26040571
89513339
92334733
70086013
89186959
14070151
92961857
61326553
93680669
86900339
70368107
21766597
6635527
9561521
95938487
74556347
80928377
16770757
40386911
61577171
84022139
56331073
86734891
56281549
95518061
45023651
23756063
13693607
22173031
73267003
15890123
36533227
25007413
65978189
79445881
31673141
67011137
25554443
96453703
27788357
42213089
51925348
59225013
5033097
60105935
73649753
23875007
21429361
93316085
4885175
85463351
26675443
71792807
15347671
46749607
49023203
6194165
5300485
50177869
86091371
59924979
49421129
86022817
69780734
4464479
80056045
57756047
91389094
67844209
22764305
92794253
41818053
268369
34407951
60845737
35494163
71109197
74819683
79524829
29668463
67669873
36641491
91740899
13539523
87483469
70861744
94890071
82945048
12430427
25757117
42563429
14085635
21567739
30258815
21527696
87045811
54663309
31003483
47274559
84939551
61026913
55011445
51309559
35572694
72291337
484039
43289131
70661744
20899319
30177409
96170233
2551193
26852498
90269392
93832529
8189099
71145549
64995053
36815929
86712311
44902391
67921173
67124546
71925901
45246841
66633901
5549471
87579112
83836443
8912714
26815241
93332579
84179558
84255214
18544525
27754903
49230716
88225972
69921163
76034236
28730571
5256921
11031843
65491931
12440633
3283634
83737525
227213
84054741
13943333
27742829
95230759
14320651
78752497
60531697
37193825
39109762
56562787
28958245
53920459
75210019
3774413
17611829
3170675
37803417
39251837
89963098
44209071
28542649
38689069
17969783
48972741
29514115
24299929
64243559
13838819
16475398
28810059
24580591
82787434
64872407
32962033
93542533
46815129
95498017
52751257
44304809
48097681
25177117
67941052
18879057
32558957
43409048
45788312
84199097
79452551
20779887
29961737
74294432
17019853
13790584
45404182
22331944
5462893
88009439
23460209
28106493
82369676
70838752
93735667
54577579
55849001
30901196
99124361
87781601
16475207
6433289
38215174
78255137
25233731
420743
42167059
2658644
2630141
11577812
31746557
63968823
90665936
55988351
14588425
45919541
3720263
82171615
348329
36974092
11612465
92178901
53454389
84429721
22626119
35921668
1580242
68290219
39851579
31782529
12717937
82526833
8055269
78641933
4252103
81156134
92165309
16263631
20941543
58391965
74373661
7284567
40170245
23810469
27919469
24485383
89485738
37837269
87483991
6009793
69464728
25667203
32002029
29637871
81102157
41806643
87082229
50499175
8484339
38718387
52624783
5130413
43890023
47537681
35948929
23164313
45655646
26448596
49842967
83563223
85660621
36562247
99009481
59331971
20799895
38644478
89517757
34337363
93438088
16293635
77310901
37476097
12561281
78436619
47567753
71801039
55222225
36156455
8212664
77206387
69877499
48308587
80364461
40501652
22386717
95168363
26147413
65417349
12510369
11075789
43197541
58750343
23559403
30796253
93339663
20808485
23275187
93632531
90044457
9593776
71820271
78245043
32740418
86999169
20939899
85492217
84345242
23396948
80231601
61322623
80957597
68596373
57446947
9892661
24748693
10490211
30154853
37782112
93311098
78865939
86635553
46600669
90333623
3456503
42114607
6897749
84198682
49742069
10602664
37242703
18518039
86972416
19642501
92022813
9924337
63997471
91838393
69551254
43204477
24516709
97110017
97629139
28115992
58508234
50328319
52003592
2688773
37130853
65407227
16289189
59915631
68216713
92444983
85137601
68100404
7231011
47497559
5254826
70380823
81021275
60876316
98166713
21114363
22730571
96797653
86810439
1551668
29612351
13325414
95311145
1929439
7376128
54039831
68118851
40726174
2842757
88503742
27880603
37960303
3554841
48336334
98698799
43464712
47938172
96550207
50843701
5513701
8088803
43988726
61228313
28659889
34895045
12472963
96794371
57628183
62496637
27811247
7556929
23065439
22174861
86451413
9302309
85866861
76716817
91226089
10731377
7157089
35976866
3507783
55762691
27509513
7927736
1850614
81975235
89162783
51139763
1580681
80890729
43943197
90559471
75068921
18050483
63601294
84560897
19237447
37844068
76721446
49020863
20112091
82411808
41982919
48664687
43351051
75473759
63930337
49453282
50545387
52512281
23903223
26013737
35865157
35831517
52774391
10849186
89211581
84213421
48444579
72637219
23470817
74367547
73191501
4271303
73520983
44611915
64576859
57763337
5866591
78361069
71880274
69729586
24674759
66436607
57825777
72964621
14684149
49390733
99166621
79495853
50763637
23537984
87993643
34731877
50421379
32932936
58247087
33196221
664481
70890441
42047107
49456007
33081206
71769944
8427218
36670997
33022813
41343161
23381417
35088065
61152244
74232415
79441837
93875791
82970447
76666624
54890361
80829501
32654471
31252003
33365821
14364393
11148283
93841282
90555221
1870251
49494968
12830341
76964221
68565271
11196097
19380129
33907294
81207433
29504143
26040601
13904917
62692166
