1000
219654
961855
396228
487544
890197
778603
290179
725128
92509
241274
966893
550239
412189
560163
359961
762203
169640
529924
479185
535864
486252
166209
788110
861027
998121
229638
186884
851460
134908
707234
135252
59758
322869
529062
818956
330802
538367
82226
495955
889476
792327
855328
691811
535711
959779
727382
624048
711396
403772
530748
863535
418579
461687
674236
4513
270086
412442
205162
903218
678613
706741
265380
578291
477046
286483
480288
334232
299652
535126
343088
551903
352396
817429
972183
196204
882070
192652
571415
994490
556835
252100
992852
244251
898087
654350
10040
159595
653506
507550
955332
360202
45870
330519
503392
47441
832517
388780
362747
87586
361853
856326
386162
70036
244153
562731
1434
181268
690283
418310
149886
418052
563001
326204
441813
43899
451830
131102
216781
595301
857782
103055
307330
644516
748667
597333
76892
289411
803855
686965
17291
695027
615949
188514
174270
589728
241811
731588
611084
617424
583821
919476
741915
381861
824916
406430
193802
88841
743594
466006
162737
716031
932360
123640
292085
630659
720832
26028
644133
287744
872233
250295
68024
162802
895022
403444
714551
790592
420405
809439
833437
91179
900496
641280
451127
825349
67923
655653
795557
793068
712042
527587
15719
433329
144231
989143
870922
884286
5622
333029
870554
368357
711079
623019
294566
208427
310316
949266
971066
65052
488586
304847
989357
67215
450982
206092
92626
716133
890165
297687
682381
698636
750430
407023
884133
394092
356661
895339
723785
493283
80743
164948
126292
678312
924754
606984
985096
417058
876903
991090
419221
856825
278862
839
134024
392653
101450
501586
733980
801844
614806
199162
673034
497581
899641
84698
998668
843973
475327
369321
470312
941020
233774
835112
73697
959574
918922
132956
353629
913827
162116
639939
187038
497655
845833
563269
926850
114009
642298
252672
355158
6868
136980
313951
256653
730043
423514
390035
531261
209622
601677
80030
353168
395999
305507
683963
77714
776384
714151
895166
241024
86826
96111
59502
223410
376625
258506
636678
603629
41055
902239
8888
367508
235783
586318
900057
553862
939500
396530
701330
587966
184240
639650
434706
308258
215824
185357
390922
603353
94092
825457
865157
465658
776119
417306
168921
162559
852076
142949
93705
69105
292686
954067
772883
272010
168795
689526
527180
174969
292679
408416
530191
908586
345116
350200
688416
6132
735499
912619
200818
560531
291399
564629
665548
503213
143958
330198
998075
856089
74992
946082
878846
346290
954756
418695
737742
713524
768731
499030
871396
212723
943876
167994
885115
284781
458873
653461
570517
290256
550791
898223
184218
855811
124281
835299
485241
52904
414229
597617
127337
191297
899619
985102
43406
287363
900409
796091
166612
974508
512217
443157
703994
194175
887260
508795
365557
189981
980625
170953
16633
67075
687029
917536
366176
131492
117884
79270
617367
160673
261673
581499
2445
435499
4449
524855
981491
544654
819256
772734
900618
990339
377343
239377
179532
839930
239486
313682
18209
473973
423985
509134
866380
61233
71072
923360
484694
57337
795762
718563
109620
507565
563092
357424
429056
633823
919985
71564
729960
135712
306272
894169
938651
154962
527576
691256
707781
775487
682910
631687
297633
984441
813614
249016
946052
195645
841075
745331
148069
746127
627520
758019
489233
298311
758512
89138
927384
278982
486433
85936
412486
290395
302578
257819
629299
245615
385853
295649
834435
844312
525946
980222
372870
848978
661818
937697
310413
77692
694179
728446
352351
655697
111615
299430
722407
873963
322903
39344
155613
752079
304885
671317
127368
935791
7676
972563
262260
16968
563915
294598
819916
251163
484993
219486
877013
291525
11454
699788
937381
996497
106216
279052
409773
361790
89550
235145
67847
975168
772437
955398
282410
35514
336626
759140
289083
132634
555663
195018
971295
896353
859520
16587
481671
159250
817765
889833
653684
523451
970638
466819
841250
948271
932705
425572
113113
621857
179278
361765
172199
946985
868709
346528
376404
803588
205104
57704
246723
203319
649512
606514
730793
527570
742701
519535
348928
191563
190341
319698
699356
411707
452115
17876
339455
257413
600349
197005
684317
1151
74871
101441
537558
381764
256806
635300
261419
132582
18244
485180
848608
69105
961811
627492
686482
181368
144343
319800
666348
301714
739947
725960
689436
302126
854171
965970
931465
54649
360323
410637
758558
287830
930832
203418
495455
900174
351609
284743
60677
261645
796261
384718
865462
485361
994328
630578
418135
719881
355681
14690
636063
935426
403594
219968
125974
26340
901920
471226
725217
855939
972622
519254
473270
788572
173947
32661
726539
338582
640651
860037
526129
673083
183325
720871
313437
399905
177593
791864
701989
563720
874458
507749
113683
884004
916985
937526
410521
951414
186698
246757
165315
5812
735170
236045
651310
951939
683895
931426
269253
710234
660213
599522
384833
112747
310521
564875
278584
496920
854806
305048
510861
402966
79749
207040
372751
250325
858271
824908
353271
614310
152681
797465
845900
537853
750357
688572
153554
27029
874139
60873
29946
587962
174945
906257
286493
93841
257293
429095
613200
138249
79454
845188
276588
275600
180975
324500
626325
263796
312566
115953
833408
46267
914606
702322
943875
529063
239406
442825
671845
651834
628525
200903
381271
355796
141985
971396
41178
911689
749521
581441
616988
623766
946660
302775
849183
947441
499879
850974
701391
482691
582995
49768
597080
919182
261911
103573
513841
633247
577062
236864
88839
23001
677530
11970
888579
306453
165844
437293
390997
937298
724924
508117
733834
194630
639261
648237
958749
797526
622077
553009
713395
971963
260283
318713
635634
191863
244519
928228
97140
370582
6720
785470
59711
932265
509724
441625
510520
192360
221342
344376
558118
299101
171859
6722
994993
679850
152350
359878
534858
484585
310109
369432
689643
83324
732025
593995
884957
159081
33613
474806
184892
628563
431904
231713
340512
709793
523937
124671
734371
853956
133689
805216
342665
494761
479099
422093
255793
391156
17863
319222
991966
788923
529437
417049
138754
734118
2191
760203
579776
625815
161021
194552
948251
989104
876971
477936
339738
330807
771509
632991
796177
876764
165407
388580
696259
926334
224285
60417
414914
8659
162891
253607
363209
347209
484493
816802
922805
384155
115453
252154
876728
400943
679181
432340
561044
290807
242426
97230
806275
438696
723106
522413
843254
130830
176577
22085
29042
931406
849250
542643
709882
349714
297194
854677
257140
267282
284278
50595
930175
831182
703560
148441
125424
303533
44503
143528
962588
117858
676651
792541
633416
792880
523758
433925
273860
501293
263664
162910
433369
755339
322514
194360
739192
669818
886401
478603
580362
619622
634441
256759
241043
439568
76147
663462
777302
760828
512149
653882
927009
139874
694495
457231
675021
563666
332924
358384
360106
571983
804702
535328
285486
273789
515393
632661
