10000
5478934
1366208
6677645
2829012
4994930
1424915
5220309
2134128
4986389
2386137
9971308
7492077
9209225
5325608
2305073
4876641
9648929
8882436
1207146
636427
355613
5437023
8326048
7606032
3758242
3723721
5654402
6725079
4007895
2962923
2207000
7520807
8729092
7469359
4360828
2958389
4913362
4246755
2761674
4933002
8367218
8450075
6905259
1910705
5831619
2429227
7864713
3818478
3844945
1334908
3957318
7883068
7052494
8085983
6259122
7125183
8214114
6321742
8895257
2517710
1365944
2069873
6103272
6701029
2224727
2149888
8738379
2603950
5939344
9184075
3371323
6662417
3588377
1071126
4567283
8379543
3365363
9588120
1913531
3442217
9573718
9312201
2266751
2824257
6688120
2854053
7555647
9843257
5397857
9954908
5917248
8536842
3151962
4013307
2972927
3228900
2536504
9933419
9546883
1560537
6044790
4423016
9715295
7715256
3081735
2800613
6787703
8888834
538382
1558178
749574
1276630
7477891
346400
6312945
1114793
8419627
3080203
3921660
9212921
8855047
1486535
4423371
6117886
112918
514455
3220133
4204373
5423410
7560766
494074
738993
4722532
2009525
4158523
6513816
3955531
9978107
8283001
50778
8348552
9827424
468432
6791427
4322833
364118
7730949
8568646
5750225
275052
3597305
5558497
5626314
8817883
7475500
4714442
2151484
810615
1000537
5774808
9844056
797823
5058349
198145
2619830
3409676
4469669
9471102
2337904
9572214
4003665
7027807
7708199
3492342
3811042
2620026
8738586
8666823
4354564
2804110
7292827
1228709
8986182
437390
9906991
9441742
8432077
4606457
2736567
9034441
6364342
7890345
7330456
8264675
1112911
818101
8397134
9945768
7598922
5732808
7235589
8922003
5238439
442445
8482241
5161176
7579123
145258
977063
4149070
5863048
243260
7151569
6432181
7687207
2807308
6903798
7949680
639297
133693
5810826
8073953
264818
9894310
8059656
8042827
8648304
1697850
742389
3723791
6041746
2118158
8584635
5846358
9062928
119770
3458767
5481789
8548821
4008396
1810560
3925382
8100518
3921878
7473353
7064052
3012890
433414
4318051
8451517
3928694
7652869
8983833
9128763
1182618
73348
7980178
959833
3221706
5297541
5940335
3871643
7612024
636781
6108666
4289839
3063888
2703311
2025894
7506105
6137897
8142684
2101734
8915083
5645790
7053227
15682
8892780
5104394
6211820
7586698
7600846
7387912
9048859
935326
7176512
7858622
3783901
191317
3407065
9053426
5892454
7399465
8155400
7549516
9916677
8851445
4438141
9935630
4494869
5031556
3614972
3368110
7409378
8677186
3245685
6984139
9962584
2988689
5209535
8195515
8040665
6462982
8489579
3212661
9113337
8909328
61929
9433268
694565
2769663
165623
3791718
3312809
6604376
6175654
5480224
9389174
8251956
2328449
720223
9224287
5505727
7402544
6787859
1973767
1102014
6095805
9221916
7875946
1564553
1452157
4518337
6944054
4891087
1800437
3513145
2491472
8317560
2235793
8750769
9470917
3564479
8513791
4907016
4611662
3772869
600752
1022149
2747524
2784553
2752803
9831059
3276515
2190993
8453059
1671445
6861636
7275728
9047533
3129889
5341851
2532962
794869
9608534
2300926
6691327
349580
1736492
5971940
9027238
5822739
5052553
6066520
5828568
4178425
3140591
566292
650275
1141107
2809908
4009291
9716805
536647
344369
6921516
8578039
9609472
7180313
7125267
515248
5281189
2600431
5409104
4651982
2391223
5529362
349251
1561432
1859951
6617057
3404982
1993473
7163419
8077067
4343213
5940859
179845
8658878
6682876
2562298
7456610
9223710
3530862
9316071
3536925
8259535
3728890
5839394
5755432
1634663
5936618
6831049
5399050
2256069
6843243
9882474
8801010
7126983
4911791
6290790
8925588
4162016
6451499
2048136
8949692
776251
1399388
361983
215570
4735755
4835416
4433756
5002893
7910700
1236075
9163614
8901554
5276977
4098119
2462532
942331
7129743
3575077
1934006
5386004
3525978
8291364
7349832
3727528
138822
341606
6944100
2310907
8298392
9637218
3066791
2981242
5364668
4491352
153249
8213587
5861592
7645380
9103425
8959984
793753
6994520
2412692
8581129
7237994
4913795
8173002
4936318
7425960
601796
6477926
6672152
8399201
5951706
5377402
4908321
8688137
8961159
8966882
4356071
8661972
8345893
183270
3992746
9190552
8968756
7105789
1872940
8721346
789610
1167443
6239771
8019249
6678063
9216411
1741583
3435152
9255204
4464137
5104539
3954572
3102128
3069584
7063299
5069753
1604199
8785628
3114078
8542641
2914689
1014262
1839742
441409
8306169
8646310
480551
1028921
2270030
4335370
7827043
3753399
2906160
9631365
1922704
1979351
1771912
9936988
6944650
4046835
8333446
5220611
1783177
2919403
9772030
8328062
3189381
5008934
6734484
7137676
113331
8407264
4327984
171429
6479404
8832083
992263
5866528
7259169
1272863
7759647
4981633
8954371
9549397
1280631
2216542
1642369
6427288
7586619
6553151
7636452
6954170
6686751
9757011
2750929
9986842
7343342
6831519
294264
2781732
358264
4848079
8402798
5390849
9103946
9538513
3649286
5975802
464973
3753936
5899716
2160854
5117114
3954578
5090798
2925821
2002728
8933503
8380386
9118401
5748307
8886945
8180003
6927477
8746122
3017271
7181785
618082
1655490
2874451
676968
3954380
8841862
2294809
9201900
8923008
6714878
9139038
2901739
7836821
2010796
5949696
30208
8357947
4749372
8221815
95874
1435513
9248364
6724701
5478015
1536239
3395452
2512911
8608335
1234462
8149945
6246555
6096726
7757907
1405924
747010
4189995
497606
4548748
312824
9591079
396399
6851235
9700451
7817731
9686433
3323953
6894361
4701730
8493
6847688
352525
3014477
8242222
2759083
1878461
8803036
5151631
2325880
7936160
9894221
5452335
2845692
6022177
5385193
2120169
8251840
5871637
717745
521657
8930010
2839715
5576722
4439567
2749603
9866358
614386
7918859
6278216
8818933
4749377
8728845
2037528
2017308
8056265
3124014
8027549
321988
4267567
3795555
1070864
3301132
1045409
1374660
9628135
8933248
9510602
5446577
72118
6787982
1431414
466916
7647823
4438799
228999
4811052
6660897
565253
2010245
7099601
7710852
7348578
4115790
7413977
67883
8118686
203446
4096658
4552601
8784574
6209718
3874233
1786128
4111260
1286328
9364317
451590
4372812
1680497
7557158
2061686
7902404
9728543
6083718
3175499
8265899
9316101
7093455
7133081
2270082
2849121
5286681
354303
8825106
3766614
3636688
6366062
7312913
6730739
1210180
9742368
2798971
8503698
4880405
6711700
2140694
1611198
6445222
3529053
8758544
1486740
8951016
758478
8807094
3673091
4401842
5214683
7747736
7363965
2547210
8824676
9208351
5300419
3763102
5404711
8965028
7414910
3635541
3240402
5670209
9303723
7755123
9022455
4815344
1248535
5102906
4425789
4614142
9499343
8045055
6808216
5895896
9894293
2066900
9269951
9701493
6859612
5265945
1608739
6940977
7476637
2163630
3468678
7679036
3611130
1152176
1443945
7300754
5972403
1762714
7946999
3917262
5510242
6973996
1861918
6676352
3404536
6753091
2439860
7505249
9022800
1925861
7928960
4566856
6658326
1824641
4149431
2714181
8348903
2538872
4026313
7710112
2619812
6703884
672006
9206673
4421636
8447631
252425
8684664
4442425
733199
9040311
3569592
2149524
1714270
4263104
7461672
8513851
2066378
303854
9326839
1268220
6210261
4514921
7011896
2868900
6524286
4094767
5771170
7569405
9243961
8184235
6335103
7836788
411186
6660461
189791
5447572
8574647
2194296
4799376
8914549
6150180
2088942
8786464
3781259
1968047
3083687
7594709
4126068
4458166
6724591
7288856
8308596
3512073
1733551
560294
1193541
8719074
2113078
5517171
4708519
9280594
4578982
6397403
5957217
9968291
181749
4036601
3555385
551610
1415618
7162061
2471475
5289844
6345542
4087352
2832698
9051050
5697235
491078
3776084
6886037
5023375
3067489
5862018
17659
9099310
5693243
8876575
581815
4341607
56982
842672
8537304
4293044
6727238
3579569
7677553
6347060
74122
9179485
1167337
124609
2071218
259716
6799416
8801039
2806190
3544209
4652374
49011
1527127
854677
3332205
9971528
3086286
3303573
2146977
5803011
2828148
9650855
6536457
9301485
8327277
4826385
9674200
5507861
8324320
8426319
5787102
1527838
8836190
3189207
8084005
1696445
1092640
6947678
2668663
31498
2794320
6062440
6932405
8213554
3526249
2466473
9225350
5886412
5354575
7803823
2747968
3271519
2276395
2169164
7320883
8108816
6448635
2295802
2871153
9705592
9219850
4805214
4875624
5238687
8497329
1949868
4340423
7991643
2655519
3893809
6450539
2160433
7158743
9431414
1659
7888802
7506382
4761982
9956360
522365
4246603
5758845
2454029
4890541
3328014
941575
1894082
3381149
3228063
96117
2487703
339409
1500478
6070170
4537987
7314704
9629341
3577985
7114525
5497046
3213030
7858803
4432078
7880428
7667639
8100305
5683081
6127383
6889848
741498
1274493
7742228
7692566
7427451
7125471
4908530
4423345
74907
995173
5760363
7239561
9974977
4718769
8957666
1973839
3113544
2326074
4454158
2294115
9873726
472706
9432757
179062
7070036
9658035
1005947
4362608
9878844
3980343
3244318
9716126
1034932
6499766
2304195
6293407
8446722
2520172
1679667
1737659
9407570
7106404
5119004
4603972
7833252
2806460
2614970
9573536
6212007
8638318
3650619
6227201
1334344
5192413
4924784
2499558
9745955
2430131
7239502
4886712
1615235
9047113
9588250
5832443
3030951
8697248
1860356
896387
1297975
3743623
9705380
6966362
7180065
5850934
9004595
5127994
8728706
8757264
9168121
6103899
5005536
7991641
8290486
400787
4599965
3477076
4923612
3622050
5897661
9373374
6322276
1140394
8283582
3547444
2069351
8467018
3624492
177825
2078489
8606054
293951
3855860
2931003
3015017
9520090
1909524
2458448
730760
6660806
5638579
1262322
3923201
2441221
9806082
6529154
5220968
1218066
6811003
5719096
2140183
326565
6250615
5847626
2609649
5770251
4411588
1143191
3106750
7047592
7477488
3797006
3776815
2696788
9548204
473552
9354307
2102336
6547532
5931488
145383
4045887
9704794
5471169
853851
3556297
3697614
4243993
4102620
5922766
6315957
8767849
5002691
3070504
4514550
3187044
4836905
8406611
8604612
7929084
248143
7230810
1303107
2115403
700490
4067076
7505143
1853708
4022675
4611389
5412919
3142292
9836908
6103420
3773509
771162
8937503
9675803
4786354
7900463
6588515
1411377
3644515
1132466
2832573
8466853
8832100
240749
5764013
4456077
97813
1173879
1739723
5895199
9252616
8105739
1478060
5777125
5741744
9602066
3088405
3280400
269745
4744615
9942305
1324851
4063694
7053065
9414875
3797093
9991239
8724102
8214579
1356920
7281947
5552953
4525195
7015135
1424944
6199683
3874913
1497329
5608634
7226464
8337088
1055890
8550399
2495335
832067
8330136
1143235
8359508
4023673
7081449
7339143
1075064
4156722
3383604
2319442
6616586
4889231
6831061
7274114
4719045
8779508
5733646
6945818
4766950
9275812
1793677
3655341
88018
7835043
1490026
4258058
4093070
4580217
7794212
5300137
5320106
1741079
882153
2476479
8622426
4050678
8679390
9765893
1406436
8064349
5536663
8238898
868781
8901123
5266723
2034134
8370767
4816719
3508266
1175679
938516
3449831
1561726
339123
6980792
3115619
5482532
2714745
7524838
735896
8757178
4813459
7542411
6307820
1677767
5571109
2058193
5718392
7278730
9767827
8324641
8989470
8091875
121830
9269907
5570860
3482714
9306795
1034862
3313132
3115594
5059031
779035
2627631
5864803
8054263
338275
4072774
4658614
9938642
7963221
2772257
4495252
5559923
6473619
6103394
3899320
32912
6172679
3274548
205266
8152656
6022604
482125
7633296
493032
1198119
3988484
4137385
5005668
6826330
8888599
1970702
2905822
8755432
2973019
3858349
7661269
9776546
7857711
829130
5426607
2489944
8492791
4616177
2082410
8415290
2183054
8575035
1863477
7347954
5527843
2067636
5045916
6820219
3669166
313355
486678
4916632
2878512
5410407
9209709
1756377
4142555
6161033
9740324
2525386
4262000
2287634
4802135
9893538
3332773
6056745
4315568
3016742
5750839
3312261
3987491
6218927
428354
7643337
2525177
1219834
3048794
4702510
3251385
3171366
8795898
4174587
6569072
7404493
8799829
4041094
390488
2406741
4719823
1616576
5951663
7623423
7411086
5046840
5902567
5200399
9174807
6826787
6984300
7027756
9605260
6316341
5295414
6004039
4660725
6711416
2609563
6445640
5554000
2789400
4305418
2372073
1510379
6198782
1621023
3950736
1461012
5051306
4327458
4062651
116310
7123209
7350714
3953912
2139055
3906261
5492745
4169668
9019466
9764678
602980
3275188
2840170
979286
8953366
6640813
2625087
9037702
1929989
9103741
4367511
8851237
8014235
559970
5465583
2726219
2390973
5958782
4754271
6874120
3295878
4456633
4930056
2091648
7420230
5455890
688129
6726909
7021166
8129640
3190621
6568328
4873681
474894
2856245
2920352
2391087
5537039
6730718
6835730
9662513
7586750
5775984
176085
9240004
5841631
4239424
6026565
8424560
9313297
8365153
4017206
9170135
9457317
3610505
8537146
3169090
6887495
8910315
7692502
9608962
7867256
8359499
5949559
2947299
5320842
1785734
4189145
5521812
9063829
3246531
3977198
2608553
8825146
2799216
6727852
4740697
5869895
73297
6858917
3300664
3553675
873071
9469410
6403991
3081762
3956725
2416342
9421801
363803
6728806
508279
4094139
1913537
1781535
2810302
1222751
9367504
5934292
2863871
6220139
3745367
1336879
6565607
1499564
1596183
1724104
6330730
9986094
9596270
8135580
1492911
8079745
3491624
8261591
3490125
7206912
518337
1047555
3170411
7622785
4321468
6938135
5358274
146929
2393610
6977701
5750368
8985667
4461915
313851
2057655
7222165
230026
6138255
4942767
3730233
5549323
8034372
5106775
3134445
5621173
2916999
8613834
941830
3286139
9191283
6907762
43258
141597
1077727
1847192
3363904
8441516
2665943
3689359
5222086
9707401
7136285
4043613
7916365
6390995
5401187
7440960
7868405
4005615
4790029
2054240
7594800
3089983
6495019
5568121
984082
5001451
9831835
7806409
4672514
9739852
7741105
8722903
2877520
386163
4445657
7602766
5134640
3722221
4487039
4422744
331702
4017515
3305482
6303835
6630469
9181599
7124563
2584009
7686690
7370826
5381181
964685
5643651
3552877
4200420
1577293
6578210
497153
5953241
7921478
6230800
4899464
2341749
1713513
6972058
4420599
4720086
4722591
9685404
7157908
6368447
5939909
8136977
1442406
8863056
5548778
3023549
9091561
2644054
5582982
2775640
271046
6845451
7265917
6179170
1739446
1357039
9909824
8064679
796380
528398
3816957
4025183
3836295
7372112
4330551
3134741
2414317
756506
8004479
7012022
3021923
2497788
3968420
5868836
7841314
737465
756481
2056858
6081347
6970100
541966
1207361
2662300
3577602
7894549
4504833
8883945
7063883
4743315
7913934
2254068
6037865
4708914
9401
4523806
6605857
4242527
3910664
4573148
8344513
8573634
991695
632049
6309733
9547966
1696210
2657917
6745022
2347347
8296661
8809711
6357885
373980
2904853
4699247
9995854
9761067
891987
1279095
1245110
5983894
940034
6749809
1673574
6345338
6664592
5556418
5263354
4547128
8313718
6798803
262647
4479779
2148391
4081823
3347941
6619270
7694768
7796076
1950393
7915448
599850
2246176
1374597
6672190
5789860
3636091
9393719
1743285
8475383
8571998
1484303
878326
6824153
6103197
7701353
7886504
583878
9593378
5213482
7075705
7396765
1854879
4203520
7043463
3079846
2247485
627526
4160359
1567403
1474771
3680900
6729665
2353113
5643958
5418811
6014495
2066040
9982196
2479233
9225682
4127513
8898920
7396105
8870631
7750587
6283144
5606475
6882415
6841121
2542370
4779064
973024
4729226
4635963
3557252
8220496
5042054
738776
9375068
4405188
259972
1940150
1536199
5060375
1826444
8709299
5076341
4723218
5791422
4761582
1094780
6104328
3267469
861594
3243139
5096985
1732580
4201207
3390883
589827
6555185
1311720
6062861
5501422
841905
6962256
1681384
5039649
7008231
4305537
4144582
6227945
9687398
2613487
3481499
6890231
3062795
5034090
8781998
7981683
7494380
6670369
4076394
2486500
5204083
5084120
2160933
6044911
6143011
5684053
9628739
1582941
7725038
1606945
7578561
4030126
5836093
7667081
2757582
6167745
3590120
3605042
8461834
3582570
1845151
7142000
7797601
7444883
9924487
3636670
5422075
3658427
3792832
3719522
2946265
7611088
8065752
3639885
5023277
9935013
4131548
6137874
3364307
1790968
8352025
7395975
4518536
9537540
5284448
6230660
5031453
5465027
5618709
6442118
4791265
1645237
8248356
8709569
1646249
2333929
5477401
254746
8027185
4048397
2016983
2961753
2501482
387498
4347354
5189627
744332
6746611
6583746
1887893
3233634
5203914
2790023
3728426
5619792
2038814
7053100
6098845
7064436
872652
9446257
4670824
9904373
8640857
57284
9762636
5283971
7858966
183433
9351144
6075820
3074449
1264404
9971572
9391067
6096240
7659069
5831395
3681517
1103045
4520214
5121955
9283073
1434646
2256493
6766532
656255
1082096
2165213
4475058
3513486
8050635
6583955
4178336
1932289
5987164
5968199
9644594
3379903
2437231
636135
4234927
6196666
1478947
2468363
4291572
4749910
4910129
942322
2855898
4098707
3993565
7782430
159271
6983912
4365537
9489387
6417222
2465001
2614141
6628340
8740881
9036077
9632602
3535856
971933
3093258
3833987
6780649
8391661
6854728
8309858
4610654
9637960
3701646
2454216
3298707
8802356
2141254
9969668
2206712
814466
8904361
23498
1712953
9302459
5639317
8313885
9932394
5670031
1024597
3258084
5007279
4405436
1575924
1282105
2458972
7776319
8037299
8699336
1792958
753579
232813
327488
6036549
7840908
4220169
1615477
9970450
1078945
9870412
1004482
9945707
6762820
2629451
5482630
5964482
3849590
6627645
3786164
3477094
5608058
1866331
4136150
6441347
9488834
6715767
7997977
622541
1246971
801774
243989
3577833
6374436
1351643
8253885
9883977
5036181
6305269
648798
5854759
8717091
7652542
9909229
908933
3384828
4792353
511420
9963350
8450899
1197906
5851253
3852026
3278929
3025463
752202
3838245
9237025
5161015
836933
5100795
8018805
713703
6042813
2195700
4304472
6201218
6794560
4971777
745778
1304392
5549722
3582172
3028488
9928641
3880231
8059518
8243216
3745353
7940316
6580215
7458779
6113771
2468511
4853845
8969412
556688
338893
7790135
9521605
7517791
2393127
9478950
5538862
8107420
3611756
1148832
6853845
9051843
2903414
1216733
8881099
6936563
2540069
7312825
6322895
4580566
3840781
370149
613316
6942927
7166360
1387942
7618131
2267965
8492762
9014628
9389540
748338
9645621
5282543
552931
7364529
823679
1245047
1139147
3184778
4275635
7908522
3976214
3327663
4255904
7391461
3136168
880989
1990817
1885497
2166618
4959666
3525336
3140760
7656148
6959495
7462651
1663195
1275434
775814
980292
6624044
1348145
3335137
4938098
2341868
901554
5044473
1194473
8318693
9176186
3511042
6395264
820449
9536299
20534
2452043
4750148
6471070
51468
8080459
8850723
8009661
944192
3098432
6606325
2560565
7740280
1970911
5743037
9506052
7030361
1249392
9825332
3323943
8717570
8264874
5652959
7766946
869673
4635790
4745782
9102933
275380
1770367
5160028
627027
6651036
6700771
6844946
9489536
4559022
537255
6416922
2159361
1952861
3769657
9448223
36058
571763
9699372
9566557
4076227
9130018
5089997
2667797
2627816
1874032
3052783
5326863
7865571
5522893
1203167
1324666
6113096
1047153
4045251
4500856
5991434
3815492
5848616
9848474
8949738
4365051
6503631
5868637
4230958
2763263
8519721
7681747
5567250
4563332
1098139
7919588
4926719
7104551
3500369
134863
2528546
3543434
875395
7850303
7451869
9421458
6729828
3801020
9138557
4988088
6910583
8181486
929850
227069
454110
4007858
4325978
6636942
5426170
3170498
57233
2981905
2900880
9070714
9720568
2393626
4028396
111357
1797549
3772079
7912008
6271026
2006453
3561556
2007887
5569294
477910
931977
5505756
8180531
7630438
4806455
7838792
2290947
7464131
3273270
3200388
7801681
7842686
3949556
9468883
6026800
8411220
4083273
855552
8758506
3741479
6025339
5176003
7902810
843
2562081
8958543
5435365
4365773
8052541
174821
2171528
8126514
4650898
5347147
8738264
960594
9610225
4311946
4847067
875106
7926500
4694396
3649341
7446876
3841058
337156
6818325
9388423
1016058
1171717
6804993
8607433
5257077
5672674
5340457
4716325
2707549
395830
8731087
1027963
1773521
3611525
1952897
9400459
3001868
9494588
1006591
2086497
3394577
1172456
2270762
643979
5437390
9521201
2762377
9466034
7338885
1807247
8208667
6005802
2507184
140612
543187
3200920
112688
9650352
2866274
2390598
1720845
4783399
8328924
5406120
2791629
154018
6411946
1828567
2434609
5584595
9757989
404400
5003746
4345397
4077337
8499501
5853756
5316181
2651485
1899739
8773563
2003566
1094669
7825343
5115228
2424599
5214115
1413859
9912282
171509
6358086
9932962
6319488
6570831
9065801
6967012
328350
1728829
6058354
3471516
2325565
1476644
3831409
82767
3174346
9216085
5730066
8272287
4564734
5620088
325775
983529
6297626
3431880
4985371
9026038
825614
1385145
5839327
8350624
989627
8886972
4800819
2468745
8945359
3731791
3374970
1672126
8346470
1599107
6202923
2989573
4119119
4332019
9630522
7591881
2940641
8445340
8295265
519187
675541
3247801
7194053
974374
5733592
5938475
2333858
1606632
5938378
9816730
764126
7156062
2099004
6184573
7641329
8854340
8711146
4375872
1609439
6318692
3012022
4865870
6189432
2918459
3061837
7909277
7146803
9978933
4014357
6375550
3958117
3528319
855740
9231116
4397289
4531071
4486934
5160687
5279254
6761857
2698787
488058
3782179
8037129
7429920
4774734
9655904
6311344
6329074
6410082
7370376
6288103
8763500
3892649
5706780
8477082
4081478
403502
4076666
718797
1228712
9708833
4882288
4562174
8816540
3453789
7318669
7254636
1389755
1118268
4799104
5077629
6990825
6509557
1132821
6043103
9968612
7624275
3069200
1985593
6770118
6940543
396004
7811914
8352151
490813
2171438
8804400
646069
6673692
1826667
1997843
5203484
2875154
2948454
6744267
6537611
9563440
9035195
6918588
918255
1799165
271916
8484986
5737438
8054330
806554
6330578
9969907
3740354
9573069
4976602
436352
7180157
5660276
7867791
6613869
3996555
5823474
4933103
1835141
3341491
1299468
9766172
6967950
5070256
3839840
741189
5144196
1875596
2733949
3376564
4406886
2743066
3930553
5944500
9589437
9391249
3611001
564661
8436941
9916572
1311760
6343501
7619546
2174800
9462647
9086092
5506984
1156879
8526261
6780132
3625140
867683
532790
3698723
2644252
5487463
4594337
2279127
8938312
5268842
836694
3673347
307470
9116930
3492251
1960011
8495677
8998393
3626373
4572811
7773734
3623214
9614807
5740790
2343039
7389370
3750842
3565315
3821398
9480337
2201450
7847884
9547687
7869582
6801080
1889012
7355370
5816799
6573894
9320268
2938249
1233848
6550093
3005218
9081790
740699
2019797
721292
5548108
9239281
5615029
4235203
2991379
1061074
7452136
269754
7740199
986430
6141043
838793
4349543
648382
2622405
9821542
4993952
1153660
7598039
6152372
1476600
366564
2805408
2653769
2891098
1571646
6814004
7821006
9846978
6314394
4249275
8030130
7900615
1267648
2692791
7886856
8783673
3445287
2310949
5660172
2599877
7037749
5790491
709299
2980996
5256157
5565377
3551112
2555294
5020130
2797606
7464185
31765
2494586
3857911
645951
4695657
8760093
8402727
1422237
9216790
6588370
7199303
3092515
9968950
9265085
1190257
7368394
7063826
9587005
3547424
111598
1870086
8318752
2673447
2898047
8527861
3907519
2650792
4969017
6162050
3054955
2608455
6245771
2256203
8554448
9401660
1622841
466216
5682116
5142559
5238959
6698044
4540856
636145
2261873
4372102
4425791
2013355
9166415
7589775
1109228
1988718
8855477
8180333
5281635
1907151
1327961
555483
3618279
8548353
6911040
7543808
9818810
2728140
4816129
5272261
4834366
9994994
739628
2235837
3488361
6679817
1468357
3441376
1867660
7157085
7244687
5626291
13015
8040177
6407905
8061212
8852913
3441810
228368
2421713
5603073
9919738
3287908
3907705
5534949
1869560
7493647
7227362
9717868
795231
5272039
1140326
9044810
6450574
9976833
572035
420848
2857744
4633893
7838725
9864397
9743113
5475873
9729409
292754
9088353
3508937
4981403
8906896
9738216
7277419
1858579
3460587
1166012
2955833
8784393
942383
1513346
8277517
7379452
3459812
1286163
8629325
7031933
7934108
3103315
9067795
4447421
2803476
3137544
2018850
6076963
6281425
5349724
2217786
186451
4725828
2416961
7562234
6585869
2139007
3314358
8697509
5995362
3100520
7262466
7734057
1365777
1933417
969857
3398513
5185034
488477
8121458
2587341
2875469
3471810
2900410
7321075
7766699
1580068
4103867
8411316
247968
9748742
2942129
3356130
3515592
4473235
6897613
1133773
6688705
4311629
7005368
3576833
1398246
3963130
4204307
6082667
5817819
4495464
3280830
5032428
710380
8139493
860033
949869
7455
4765094
6919351
7320065
7083967
6454850
3735932
9126090
3660469
8341146
5201517
280853
4822605
9901092
8347696
4116243
5801333
8997269
7681115
9804865
463731
5012089
3346328
8321725
7365769
4840446
3104273
9336010
3181147
8034251
7099942
5576762
6042475
574700
7730042
306980
6869090
1006163
869278
5728859
2543582
236216
1849705
7433103
6321293
4363047
3594233
3529807
6271611
6419340
8179567
6256377
9035779
3879013
6189457
6396523
8041861
466926
8187794
4398512
6695684
7607269
6800644
4365698
8658907
1776594
631028
6868604
9585897
9487378
1516050
2889850
9679540
3780005
203037
6902704
9521533
8248337
7685681
7168192
5526715
3334083
1777404
9829580
7673657
4955788
9236491
6094659
9672072
4140745
7979666
565166
108340
1790510
7417117
1382172
3685571
3749742
3470732
7904371
5372993
3259131
4630847
4443906
3401717
6462039
2943408
185631
2016761
6324949
642104
2955762
4516864
3691
2393748
2637966
9747249
7694176
6661245
9857445
639594
1880605
7210581
5330788
603944
8786120
8188912
3259035
7822640
5192102
8125944
2507430
8706015
6849272
748071
5315743
4850704
5141452
5798034
9556228
88637
7244026
6513763
9134194
6093726
7425536
481957
415593
8051595
5965531
6990269
6450047
3245474
2395733
2028834
9346744
8535099
1362641
7986934
6087871
6553819
6040629
5036749
6823820
4109308
1549798
3280499
1223
5081754
6075345
1639504
9447620
8612359
4291031
4342760
7405785
1487901
3144297
3378806
5349928
9057333
2924087
5494077
9096838
1139675
4740316
6631671
9289629
9260079
4559126
9762242
1413582
4521646
6254930
5055244
6244507
7351300
3354542
9221411
8032271
9304629
8793935
5461010
8686728
7673330
635423
3419309
6427741
915161
6518527
9328229
5569020
2634396
2822461
6470293
1394319
1417933
9420571
5181269
6418001
8935530
5618845
3426235
2008603
8739157
3021518
8647816
6232562
4700082
9974308
8799695
8683938
5568107
7234548
3265992
7605241
8721724
8340741
972054
9954146
7712582
1490895
8574520
2765114
1938633
2919061
8253931
1900179
5476471
2632617
3070623
5548401
7271777
2938918
6989702
4335054
2188585
6505669
764628
7345240
6433996
7583376
7137594
1161817
6804996
7305970
3011834
4578723
7820928
4162194
9422664
702671
376977
8547925
4086008
7847321
57879
1533850
3462819
6520749
8900727
5288949
8002952
5903230
4849841
4141039
6418824
8373280
5704176
3734507
3651821
723226
7124304
4741310
25143
1114567
5176656
7449985
4460703
454695
9537452
8445720
6826773
3406292
5926379
5008987
2932604
7910346
3761883
1889812
1448292
831287
534416
8284830
4673359
6078793
5881934
9553560
4247019
3493989
2133588
9050598
4087760
5548867
3983000
3071141
8544829
1056140
4856527
8341802
4664311
2722665
9859046
1947253
6728162
5505025
3374506
4204392
6721561
6295961
6928525
3070309
6275392
7767244
6999793
7650150
2387521
7371805
9423978
8841824
3612379
1132190
1419746
5258511
859109
3487831
7078152
4063680
6150164
463137
2835501
1012875
3227078
2329839
3802351
1924675
304195
5934194
6044966
5430987
7115333
5688199
5309674
581858
5238999
6962169
5348811
8152432
1987716
9533252
4908823
8383809
5677739
8545343
1915848
3671249
5227641
5598630
428858
385321
3108304
1948553
5184918
3629998
915442
8350221
5045544
8934802
3074851
3343139
8288807
5708614
4860482
5690798
2356485
8447193
7026170
2191110
3342558
167627
9935611
7399608
7881674
3396847
2998608
8867337
1046273
8662046
5348013
8032909
5376886
6137810
5820061
5708880
5896767
1931702
1790811
9103353
6277597
370484
2149543
8846254
3600679
6132676
8075491
6853539
6528503
4323761
4918050
8774411
159797
8395801
143204
4744164
6914458
4724358
2239513
405421
4486641
9682858
4082498
2430064
5637092
6732907
5277406
8451594
9174819
7144547
5236352
223989
9858425
4120882
9544457
9408476
5978637
1523394
4817780
8567799
2944845
7834690
4088690
8481936
9605174
3399286
4952043
7264437
4444251
1060399
7867948
9429694
1597800
5023316
482053
4392449
9054401
6196201
8929835
4981653
3903783
2836969
305648
1836649
7090072
6874416
1667684
913344
7306373
4183207
8205978
727876
5971169
2082582
4542118
1022336
2764065
7382594
6598493
5896011
3561500
5316134
389012
2518610
1606670
4128798
2172886
8709567
8989900
5870761
1020446
1745890
4176224
2300378
6579714
5279572
6111986
1400267
589154
498697
5853718
6182221
5922213
1628465
5838533
2877380
4245038
9114371
2138626
3380455
8141767
1439333
561319
2670219
2821632
9488115
4882891
2428129
330970
4952251
2596439
8339583
9112114
579565
6335088
1025532
8473912
2849036
849639
6797350
3863227
7457341
6364327
4329843
9700849
4031211
3655557
9397301
503455
6559689
2027337
4621662
5614610
4140827
2170092
1622177
4888435
7517837
5355229
6665588
2814920
6847515
7850393
9615781
4976458
2937148
3567547
4186582
1325534
1548122
2330706
3909170
1114350
4258437
1342257
3018374
3834335
6372015
5818346
8859678
2828966
9530321
6615986
4084811
3249383
3822283
9039401
1717618
4702912
1506426
1489345
7739175
4532244
6449330
4757402
3782863
9268304
2206293
7824618
3515183
4267846
4892418
9798943
5520657
5519662
6091714
8960166
7440772
9610028
3407997
5584918
6011311
1301035
9610268
4114669
805738
3521558
4979084
3115186
8538032
4958748
3828683
8381447
2222177
8997998
5635801
3765302
6564393
7269316
593100
8144860
8619544
3708667
8454048
4339228
7607268
7013646
6463176
3359184
1483244
9585298
1850638
8563155
4214316
8606810
86072
2785530
1958632
1073481
3334399
992808
4239403
9163805
1665826
7754242
6309478
6850242
1250045
3761664
7294727
8076668
5804511
7986373
8028922
9000058
8119198
7075665
5915786
657959
6767306
8432250
1247747
1880352
5844012
8760132
6473527
3957879
8453208
7815070
4679849
5639958
4163750
3640004
4498270
1209888
8165303
5418983
1751314
1254533
6906779
5622975
8514857
5693007
6479900
9902678
1870166
2653852
661827
5380716
8212989
869116
3647827
4311043
8415431
8875585
7269882
2484850
795474
2191923
8705437
7102964
680688
2638625
4695682
638477
1216707
7882326
1861074
1929484
1999598
9926576
3343954
9673266
2944808
4584081
776650
4773504
7643116
7041848
3584717
9057363
2913118
5855232
8712133
8797119
2285428
3394904
826936
6871689
4687156
2873896
2322518
8968351
2167984
8265879
6771572
8050700
2224143
6625920
7892722
6467688
885253
4957926
7944234
5333728
627455
5264792
3414067
9140308
2183687
9672695
4797798
4451348
9468452
1464787
2452483
3625064
8884842
432492
9894656
2915420
6573613
4105573
5522242
7340045
4450118
9243103
7385892
9032263
747091
3827544
7849236
4613429
8931021
7368171
8447340
5773517
7830289
4198814
5911260
118235
7597635
5469221
8488126
76205
7807327
9974384
9862100
6820436
9170477
5858125
9158468
9753328
9987504
4836534
771183
4135573
6769383
9947303
3337550
3794178
5977918
6081962
3757298
8669749
5245973
7207562
2670671
2351428
707237
8303854
5272687
5351205
321909
296478
6014337
4286852
139722
6374167
2487560
3516535
9937381
7250550
2564935
9082736
4171868
6637848
3086636
9176926
3490305
3798003
4945668
366202
5800027
357206
9130641
921447
4831799
7503139
5954852
1555826
9065142
6602052
1240003
5013841
2447849
8221527
3331353
1712579
7891961
4351767
1621206
5760284
4600827
6970195
8684780
9641794
1692050
4801393
8115791
1884404
6170830
2813853
9521325
8455976
1686800
8120324
8624116
8601727
2871229
4180798
3935920
6771715
5420346
2234463
9718442
3398163
112611
1520657
2923933
5214505
286664
6040484
1477282
1840422
6444663
836970
1416372
7564390
9027248
4526978
3339054
9916839
47595
3936781
6363871
7122398
9086288
8978410
740162
3853731
3024276
7595478
9752124
9244748
5781102
7118044
5350779
9469083
2176485
2920935
2227850
3315713
7399739
462522
7492758
2027932
5288859
311529
466795
9568543
9283554
1871862
3237732
1772525
541682
4272739
9082430
8574587
9989676
486116
6256088
5116757
8665121
1851124
2078098
4944436
6338602
6396859
237963
5049018
6536813
815830
2912802
7588921
6928557
8803185
6331789
4427137
74150
3620268
5266828
5969822
3655766
8230961
4434381
1187487
293299
1175657
7623203
571344
1586810
8286502
4831255
8823685
3748405
8202623
3255777
3462908
9207049
7444853
3082395
58562
7531029
4786417
331642
7121225
4386967
8297110
7007383
4340904
3935403
1429997
6145634
776978
880057
9728608
7753154
1222220
2113109
3606547
5428683
6385976
5704983
1316055
8539787
1308171
4002142
3129601
9087385
8867390
583419
4319186
582088
8351875
7253425
1081217
154162
4077355
9680891
5720646
7043289
3583399
9374155
9730377
2031439
7003020
8086453
9177885
3131177
3665162
40799
2273291
2215395
9200164
1890071
9260905
6628232
3689127
7559108
1013110
47844
5536855
1455790
5888993
3321502
6785844
464638
2753797
717855
6434990
847194
4083007
3266438
2948324
3060578
100436
3596413
4907906
2365873
8118246
5834706
9376979
2438653
9227755
8348315
2671811
699935
2840370
8332074
9055252
3593025
9444178
1850339
9229315
5357017
357114
5492534
9198442
8721561
7776243
8784226
1825658
640181
8295267
6392190
7373289
7297280
9666747
9910686
8911602
6601794
7155307
4336201
2810992
9234944
228157
7597618
1185096
3270867
8483230
5077603
8572556
4141359
2376909
8095144
6328414
6242275
6127173
3035741
6181592
5581297
438437
1861273
3603264
3554033
2978582
8271522
7688737
6420121
8143318
2987731
5973888
4810662
4654864
7395743
6098183
3637746
6348378
5397300
6725063
3899001
3530443
4648509
4287731
2370870
4271848
5276227
2685555
7254975
7527378
6868922
8364142
1296667
6440034
3001111
3911851
2905551
4145720
1684073
2153895
4030697
6420289
2656339
673373
6940283
9656207
2953832
9354045
183445
7821675
3544241
8458746
766297
8565198
3450926
9450639
9523809
3962293
8384877
9026902
1075334
9501987
9077868
8431584
252743
2892952
5721435
4023430
8589419
4012659
7605044
464595
7669946
2486338
4866547
6207479
5965419
5585245
2228352
3897592
1742248
74244
4202319
5662639
1340036
2437202
5036471
1131037
2068101
4507257
1040234
8866740
7434677
4736009
2109343
152805
7066962
5119379
9326514
3311373
877415
7841711
667461
9997175
9758746
5632026
3506390
4317181
4899139
4438190
8072151
6490101
8729586
4330979
5198072
4455920
4192960
6434690
5581692
1442526
2552755
5682011
4750102
1148368
8147642
3096495
4106505
175617
2615338
6671148
6592276
3174967
2250921
2879143
1305014
8885457
1557010
1717570
3048661
5029364
4625040
6972607
8904435
5094902
7254078
7773669
1874822
5458046
1313562
4659550
4076121
5805047
6546495
1316152
7335697
3632492
2991238
2542986
2083727
6572595
3777505
8130105
5401902
4154948
5018478
8329949
8002448
2386546
20046
8418849
9675105
3774832
4219032
3221862
9138101
4763752
4831396
209698
2099184
6830180
1715909
2693603
8607945
8111896
6640338
586409
355078
943125
7611361
3452347
6877204
5337439
6161113
3713901
2574824
6339223
740305
4424689
529008
4177208
3025833
1592678
9750387
9861545
8857583
8709501
2786470
416227
4633645
4118928
4027792
2352806
2068025
866558
2723727
3074012
950946
7974512
8046389
1409041
2888187
4929465
3065034
8193775
868096
5711455
2522397
9236544
2466711
1648085
2481258
6343996
3703272
3516407
9889721
5356129
7275744
3911155
8512150
2783492
6066176
2559557
782407
1361920
8437113
3966658
9224382
657347
1078613
7658994
8591469
39089
8983959
9369840
5275169
1763964
1105785
5480853
6691068
5385836
7667738
5763431
6441817
9153815
4354774
3444683
3326988
691486
743073
7466780
9195452
5711101
5860297
3398947
4303675
1280616
3582544
3063121
3886525
2565402
4700866
9764573
1423932
6656888
4795662
9838586
9862383
8237384
5555706
4568910
232031
2491848
8333573
5423081
6808465
3930354
2813847
2217408
6675997
1561277
7627188
2669027
232235
9498743
4880660
189845
6498197
5763236
6609812
9241065
39978
4873028
8363675
9357089
7898752
4299943
7450899
6596379
5939627
3987046
6134472
4348437
4795156
8241750
1028436
6861512
8878170
8530630
1397673
8961142
1053766
1512753
3422115
1322094
6195786
8010336
4156413
7696310
4638061
3622626
7011049
2728422
1144761
1876483
7863860
9270828
4528600
235855
1397747
4201073
5901305
9398614
2346793
9176333
8592069
2158417
6213482
2847735
889927
2601775
3432074
123919
6784529
9064071
823818
3225828
9694694
9245321
4475779
7458435
7013234
3565801
1556198
856893
1650542
9150496
4733742
9363685
3894723
5023698
5689922
635325
4433739
1570620
5631844
8457086
3153528
7307177
2012864
8696076
777866
5768503
3381152
7106285
7064290
3857755
6317279
2555759
5309192
5446052
1343111
9081963
466915
1930744
5074631
9437051
5422718
4763928
5975144
7820483
2629708
904878
2677450
3141681
6141857
7320846
281199
8743902
9188535
8695365
3144091
6540614
8889230
7273361
5065298
9345935
9782295
3746419
1946258
7474966
317019
8746435
4184088
2542608
3654042
6296117
5503500
3804767
1259792
4269283
949267
3458504
5161929
3886949
5889822
4363657
2137404
3950491
7572637
3308130
2292167
1721596
7671586
9737291
9873877
3574412
7443236
3013007
8900587
4572661
9242241
4041379
9211983
91502
6995674
1771625
9886081
1485894
9361453
5194576
8291271
4581951
6058305
1279808
9201727
928635
9325272
1467205
9230150
1189270
1386068
5759514
220579
8758004
285297
5634838
8935056
404254
1502608
1714225
9915207
3648701
4848542
600257
190914
4316249
263026
225414
9674178
8564370
7886868
2463322
1400959
7534180
6474336
2303279
3062080
9203737
4774786
7944516
3158967
4094353
8821837
5663051
5730610
2439187
6491234
6210234
7067364
2746496
9310390
7519137
8161021
4748707
8762278
7215970
7554733
3293479
581167
7181608
3898872
5243650
486166
1194320
4584086
4095411
5623525
3405655
875006
5967543
7721683
6698620
7106939
5414633
5032862
5769240
6791739
8438931
8761236
5439343
6655920
4992937
6072548
2857995
5044616
9648923
9844641
8609974
1360797
865821
1212136
6560463
378616
6297753
3541248
8187135
9185987
8395559
6380926
2312253
6980918
6362609
5945638
1061128
1119242
8625748
1119001
4492532
1855302
1161401
9718531
96171
670638
2558699
2421101
9925275
592185
4052673
5186351
2188275
9036036
3410811
7973069
1078974
8411951
8801140
126370
1691482
9539716
1126113
2430519
5154428
4293146
1365010
5662396
1347283
9165965
3329049
8061650
6202654
6322501
8954998
1054036
5055124
7158368
5729270
8003895
9604725
8794622
2096723
657665
390312
7997138
3348218
1810975
7974057
3252206
5465906
7948833
4676192
3498823
2403992
7744537
1948598
8574766
7129805
7883430
4938475
9133312
5788769
6202466
6513256
7481657
6008950
6636139
4742314
3807093
9732475
3080084
8567508
8148754
166008
2715888
2817263
7235610
8785098
9401750
3680287
9941668
9525210
2520262
6952946
3653377
6958649
4154471
7419509
6412526
8270927
6721274
4278976
1316088
6957645
5887054
3849426
9967464
5498231
5177983
2209778
8249035
3531883
5363834
3423025
3692457
516699
626693
1840231
8338182
8434630
9537694
7962772
7418157
8412066
8642148
6625970
3608023
1822605
9554225
9301807
7620283
1506727
6117537
2408128
3219650
4098279
9300873
125567
7433941
7431843
5390185
7619891
4034050
2448608
5809250
4953238
4155609
8130968
2276044
9077802
2128205
4370412
2904532
1908938
3019982
9861576
1895495
8765412
441268
9673322
7534964
1065469
7489442
2857119
1630371
2335892
3540913
9974211
5484839
4457091
5313660
6854790
1003412
9598494
1302646
1365382
5267091
9691536
4999024
4447407
5309634
3447600
7866189
1516147
4397125
9403240
5687502
7335941
9674229
1904273
6061923
1528570
4582976
4499287
7817266
7688949
7139801
421534
247149
134959
4251568
6739067
7191502
5646009
8553738
5514323
905290
1158685
6518225
8794731
6574424
3820888
8775417
2855971
5567537
8571958
1019715
1571832
9605071
1418742
8703618
7892687
8833672
1532485
3111867
2679256
6143456
1824398
2116923
7592408
9654117
7121606
1794290
792031
2431812
9141371
7207550
8229750
3128073
9422613
9084705
1426819
3980893
3103951
1944941
835853
7151329
1152297
572782
4872266
9508793
2349274
3041335
419118
1664469
1184290
9554700
4544543
7364850
426729
9495673
6170337
1011858
3149019
5921658
3228635
3396074
9043963
3404957
7409366
5408006
9549061
6832780
7699470
4318803
1273469
944485
3584450
9428005
3951388
3885564
8549319
9688289
3102785
3814562
4945962
4965132
3787637
8045079
9209057
9552832
5224384
4468486
3677349
4503118
6430301
8020425
5678344
510090
3690154
4896180
7983550
1289023
4933486
7598302
3645338
5630161
3465235
654619
4260605
955408
6003833
2712224
5693107
6147527
7582179
3819701
2777908
236260
6390902
7135978
5423016
7847420
7113492
9018939
8136305
6909644
8671537
1956210
1534454
2673633
6565042
4752805
1515145
5814208
3802227
4124877
3175385
2178000
3510545
9158012
3408397
4842891
8377739
3194795
8161009
485227
7585137
8864366
861036
6083028
5725098
6071868
6102809
102217
3944507
9873550
1474418
394839
6283927
4152947
8387942
3276387
1772438
8606429
6165046
226198
872063
5284811
3311515
2685470
2608781
6570674
5206028
1699212
6164214
8955662
9920624
2042918
9585587
3446841
1081515
151475
9845382
4564689
6220254
6475536
5029815
1571489
3715951
7746915
657823
1260124
3876177
7322471
6024653
250812
9656351
7749325
3773677
520631
1463119
5814662
2766732
2142071
2742568
2843025
4951576
35824
5590013
622337
1743972
3208186
5468529
1712589
13707
3324363
7697636
4635864
8290708
1352646
1028579
1781228
9412563
4558604
6917754
8983301
2269501
417954
1231363
4232298
8665969
1363370
2361032
2553191
7151534
6668107
7050680
1780670
9031102
9153807
3012760
1019486
557655
1873541
7001567
9721266
3332348
2511772
3140434
1488312
9333838
7623012
8852624
1464991
5131725
2214797
4213104
8703873
5240281
1926251
9215702
9253145
3880172
2352861
2231769
8977664
4215845
279911
9445236
8799621
5795889
8592492
6879644
8060330
6022307
5260491
7661418
1970161
2176368
2734910
3497713
5164090
102147
2737743
6372568
1785695
3194801
9637393
2666236
9888551
6080117
182448
9727888
8742561
1938882
1337821
4292233
7058147
4487072
3699721
2983057
1060282
2145639
8746202
5841144
4895953
2746408
4895966
659474
1481509
3568521
5093712
9156265
8730279
4246107
4349143
2329095
5351669
1084621
2002024
7891661
181493
8943180
6101506
4482335
2190579
9380590
2057313
5280696
7680404
4516113
4498022
2723254
9462132
4707496
844861
519162
8869679
88287
2813203
3229670
8469135
4337429
650034
8342306
6225071
8030591
9041013
2205971
1735730
9613054
6219977
2769320
5871050
4448431
4216679
4342055
1500952
5413134
9562271
4101748
7791002
3380368
6339783
7043423
3198097
7865690
1592281
4375959
8928049
3978949
1098423
2884719
6828503
3803222
3965250
9148995
537136
7671713
8556921
7615074
5880148
9013816
1947410
3139255
8507900
751678
9562367
376943
9149845
5035740
3960204
2828789
6297556
6452187
922467
2056980
9598313
6094564
5299318
3319948
8281201
2749720
6075639
5933202
1150105
6437598
5063841
3516564
9340492
4531991
2249321
1713286
2526469
77119
4040043
1575065
6544497
7538730
197991
698255
5296416
3178369
6824330
754704
4832416
8062436
4526515
8056191
5129757
1908586
6248430
1256787
1586569
5238725
9277199
2596816
2504481
1220309
6139537
1561356
2506715
2030564
1510560
9234511
2262742
4674422
3217844
4649703
166067
3760135
4892379
1335140
1874111
7238355
1561219
1593913
5243748
2021922
5175276
9770765
8003459
9514293
5185637
9101368
5373595
4784421
9484753
6920866
1776023
6913411
8819542
7367920
748200
6765217
2106764
972422
2693538
3504377
1217975
6029723
4545716
7931326
7727451
7440258
2238195
5037099
1289020
1819251
8574025
5502215
5604730
7374912
1380492
8281136
5175159
4826878
8722138
283225
2561477
5137840
6962905
2330002
8991784
2457736
5402436
4698636
985642
6080975
3969135
9482512
1431064
2169591
1630287
7801481
6248260
4335785
5061284
8156530
2246172
9934022
5035821
3648106
6760115
8758064
7175899
5143699
3858667
3437208
8628499
6204230
4442477
6718157
2153162
8925166
7277156
5222643
611580
2309611
89952
6072057
2452602
7720696
4900425
3984465
3323241
4006661
5878507
1104487
4610926
6570206
180840
138277
5247458
6149324
562823
4645578
9828180
6428518
6660726
614365
5404703
4823716
3224120
8492963
1800146
7186425
8497236
5289963
5406821
24254
6606280
3128047
4779000
5256078
7372382
8577111
445012
689956
6146634
6896385
6639643
5292157
1124715
7828958
6904408
5252424
3323883
477828
9118212
3938237
3075866
1428274
1564343
1383584
3989992
1000473
8762530
1430220
7121834
7007719
507217
7192977
5535933
3513662
9062190
6419691
2837321
4938036
1175626
2289971
3936553
1656394
1307629
5010563
70615
8426882
4656735
2324351
1828324
9107788
435181
291876
1432689
7513545
1675749
7506168
1573303
1423295
4960174
6142277
9730036
1268892
6924543
1003973
2644662
3581403
192877
3340954
1405536
5503261
4339799
9860624
8065360
9757786
2333211
9401481
743085
2983606
7218761
6192540
6405406
9081196
8141546
3817964
4030420
4864166
4273411
6654409
5747061
5821839
1734068
5778664
919850
2001181
9476110
1413956
5960012
6550720
6885199
9076992
8293140
3497239
1401720
8506300
7189251
2900340
2759717
3047630
4834833
1642362
9820615
6554241
6945468
2440095
3231058
6930283
3648336
9876506
7122387
1747903
2650443
8788939
7442782
9557292
2759850
5046610
173163
8945490
5805642
3010482
606386
1771656
8281636
381772
7741755
514731
623463
6211502
6775367
6928574
8794154
5806580
1398775
2285930
6268315
2831256
231149
9050179
9012528
8788712
9593390
1375142
7153805
1616798
8895029
2696104
1269223
4832149
4463344
6080672
1317349
5909384
6840907
2836755
7680865
6019588
3099087
9719877
8326408
8242961
2688805
2129119
5574647
3790298
1058549
9569542
6812909
2423747
8817993
4308535
3001794
2789992
4249133
7489512
8190812
7535591
5082148
2058265
742390
7863183
7874659
2143841
6758419
7900692
9067187
7750053
9577276
3086419
1874142
934794
7244909
3559330
302872
3037561
8886000
4289468
6856366
1650223
4409400
1245026
3682928
3541094
7492136
7064809
8307435
9081287
1365543
2308899
4874864
466083
5423424
3466446
5393956
5552664
5764170
2352229
2816073
6900751
8899900
498400
6654124
1811750
7718800
2537023
4905757
4070517
9588630
5262842
5432595
5547511
1253053
1879508
1986641
8096202
9689562
7073025
5392729
6905620
4696269
6140112
4599041
4051010
315401
43207
2046630
3415931
812388
5642404
7842642
476371
1100322
3822563
4932921
6382037
4841817
7093978
1768952
8957505
8415763
2348950
4984730
1883605
9507342
583484
4418836
6574379
6906027
230663
5518378
3433801
2550528
1052237
6128499
4718896
5476237
4037366
2403686
7331518
2825715
4122918
1330286
8508420
3400105
4728378
1142474
7018950
942136
8093851
7459770
4198917
5028039
8595035
4387502
3365003
3400139
1842625
4240923
5495609
261477
4625926
7225039
4941477
1264237
7012594
7549920
5764689
2611964
6578151
1351534
6730727
8330310
2831221
7831305
2806090
3051170
4591932
5908792
9980791
4866730
739327
8716677
3067992
1217519
9529475
7462603
1984343
5755469
5395867
5028154
8051215
8095532
4445242
1016380
6148761
5228825
8063940
4348041
5683978
2135148
8256246
7998101
4603115
8374372
7222279
1114999
6349210
687021
218049
5139957
1075679
9171246
37070
4616809
19758
870954
6210974
600780
6089808
4034601
3883398
7058512
4952435
538670
3354902
292437
3105212
654849
6937202
8500595
2814495
237010
2823788
898484
185915
3659769
7621214
7174635
7882409
1032608
6814110
213614
6949122
2863522
4768273
3436296
7414404
4473311
4324536
8856534
4993428
2981622
1807275
6386736
9644871
5892072
9552854
1007585
8264213
6105495
4708974
9111129
6045898
4867593
8206981
1095066
2603267
6787823
2858785
8744652
4134827
2962908
1995539
2814979
6643570
2926781
9776843
3246238
8664166
8536224
3967923
7781721
5268653
227635
2315878
5444318
3778230
335419
4081301
8250843
640220
7795445
8710435
5730899
2340492
5843457
3689795
7159490
1457416
9368730
1090605
4702229
2152101
863011
4616262
311258
9813455
3516540
8029105
928525
5359830
4573502
4891984
3650353
2054090
5962457
4268404
3425873
4070513
5597017
4317741
789738
4461216
9444415
6776825
5127943
5936665
62704
4540266
3483668
6936583
3414907
3798786
8319193
9647012
4442794
2341598
1509690
2659877
1696688
3596383
4732906
562354
9706892
6429984
9426169
313601
4866821
8829105
6188051
9396714
5421606
9031958
3589831
66105
6397627
2837233
405385
8933616
32459
7125617
1569444
3358958
4997330
5254941
9042505
9912008
589619
1135783
4205399
8451474
6103535
3798159
3478381
5679361
9848970
8936785
1142742
9353331
9026883
4101518
8780649
3171397
5135327
7621043
6711205
7393813
8396272
4876470
1028660
1435342
2697167
7030066
8120701
2363605
150205
3291396
7659516
246911
8339096
5298600
6195060
4624032
2679952
4680918
6977526
7946296
4331060
8876419
8908432
900260
7624962
1767289
7087241
1984798
8043739
1560998
8638607
8827601
4986777
3031634
5127277
2216708
8047406
4039888
7977853
894065
2098368
9118571
1913851
9130888
6920438
2354583
2657117
9496802
1632668
1685858
2586042
4121701
3444660
8040244
5860066
850245
1673467
3852770
8577474
6824497
5571271
8746296
1823796
4138466
2736371
1870358
8482930
6576693
8684542
9990078
3973379
5836727
461734
1908580
2807921
9216457
7804749
8407432
9834167
3029638
5030287
2217709
587436
5655488
8798323
6774832
6305737
1286806
8124253
3259526
145154
3347580
3307540
7642844
6344663
7102160
2830874
782798
1106678
8331725
867461
991943
7184646
9816816
269625
8913825
3679682
937627
6253309
9218494
8016383
390105
4605577
3940630
4037387
8415930
2540846
9042282
8110888
3443034
2638338
9254911
6152625
6512973
7623329
907593
2590134
3940727
7214270
6959221
8174532
4316719
1588092
3671160
5218285
610281
9633362
9662854
5937668
7288908
7831094
4041854
1345955
177830
7198551
5490156
6690907
8574275
3296938
7686975
3517447
8344689
1396286
9599433
3260477
1548090
9096868
142347
6281057
6328614
6484756
4227160
7849863
9151668
3702338
48114
396621
9698985
9880198
9989581
4743533
562843
7012944
6294114
1359900
3261402
499228
8410204
9086905
7856736
71015
7489182
7430997
1648093
2549156
8985814
8512233
4645602
4003458
3312072
3681687
4125316
1874470
595075
5793549
9055104
1609250
2700561
7508082
5417067
8153702
6042185
7850400
2770755
6329090
8616511
1164681
9722594
635749
248036
9484058
8632506
7695287
6503338
1765065
5784159
9424158
7562624
7416646
8677223
8893332
7775938
2448113
237628
6588880
5385063
7207019
7670929
5229595
4288412
1188895
7039799
2716550
3878369
8353582
9313304
5351618
9748301
471941
6833387
3913831
4591823
2699749
1604402
187977
325825
5632944
8843010
1435472
8541199
9487269
2642093
6680609
2318319
3733674
302603
926074
6714221
4768314
1814698
2347988
3136265
4854209
4890570
7320338
6748499
8548234
3228441
1081513
933038
1810331
8236578
4948959
4129198
9268667
3291167
5248076
8632744
3560843
7889797
539497
5122055
4455845
57857
4509600
3412757
9663080
8385415
1794739
6947846
1377007
5067828
1233406
8180326
1905177
7359591
4520102
73900
8713115
8746390
4476147
2369551
5803011
7573653
9811747
1115538
2530496
1983254
3714359
5057557
9001891
1649368
1436874
6119110
4708573
3259536
8545307
3321063
3690714
3407595
3900230
1828027
7446563
1514680
7207357
1428784
3923786
5415245
5867674
881058
38801
8598347
2930718
1767339
3121473
7348480
3529997
4968140
2358091
9102815
4869075
2786721
656547
8403959
3145919
1300900
131280
8441536
909555
8823795
9805662
3024864
732653
9697981
4729875
5319595
1610027
8807834
1519828
6056294
2751230
6621156
2267284
6461309
1847176
656001
4491444
9750170
8833316
1795083
6923675
1544748
7582698
4019696
1645092
5692845
2130022
1564887
7437900
5591521
6038562
5466839
5114731
7313931
4387367
3005807
8657194
9190175
2943011
8977860
361505
1498057
1769111
5477437
4065199
975550
119227
5455114
3620929
510725
8273795
2444273
2543606
3947826
6724648
6640795
6310875
2007245
9482565
2300429
9957398
8255923
2409411
6049081
3332642
9063633
4975105
4662021
4884441
1718740
1762174
7486197
215956
4301992
6387288
1644449
8649040
3794128
1515990
6856605
2000897
7852059
1173158
1993254
603270
3298346
2012047
3509042
1970238
7395304
8055570
4189638
8432646
4309872
2922428
9807947
7655203
8792293
870860
9931442
266131
9857903
6054243
53000
7405175
2691301
4013197
5919240
7150896
1627592
5242990
202232
939704
614760
337129
5611437
6404838
5026774
7197147
331937
7555303
6127991
9087579
5807472
6496330
922385
3795175
9128986
3124090
5067601
693312
6418057
9844673
7963912
651388
198187
5234355
8648171
5733186
7990909
7051818
6542306
2422621
2750093
327972
8089019
8146690
252904
2657789
9264726
3032197
4931923
5417115
166754
1782730
2039040
1684849
2376644
7708883
2635059
234499
1317478
2194812
795423
4925505
4150442
53482
412428
6002824
9904665
6784096
9853555
3640144
6291053
9338636
1216262
2703641
291777
8629565
8124756
5398444
8040177
2936231
8202106
1896962
6671886
9628554
7141268
8171881
2408336
9505093
3506473
8624941
3345898
5402409
603173
4775438
5658708
5531931
7030926
8265836
2306826
2703171
1810911
506530
2969198
9405409
5620668
5353774
9863594
3878286
6800885
6368966
7138102
1655085
7597077
3294070
8430402
1815306
8752851
7924624
6575816
6888848
8011695
2164572
2600606
4104127
3388017
3087176
886096
2909868
7452657
5270142
8994812
3449705
9964033
8352024
9952317
4594079
4843545
467569
8661294
6682539
8645896
2200927
8820496
8915234
4993149
1633839
4338895
1737044
994810
970248
2189614
1350056
5714341
3168196
3575356
8530985
1596038
2426411
1009133
7930408
1393507
334075
7860162
8951288
699614
1043351
5943011
5601728
4339990
2696986
3889799
9352457
2869244
5576587
8312065
7225879
7649273
2326618
9826882
996774
4343249
8914703
9841497
6684584
2216021
2226419
7247423
553818
3288821
1000796
4740648
6439405
9847088
7190909
1863703
6947594
8101381
1099486
811714
826084
6206108
9149520
5633106
4288126
8612664
9545968
3356150
4484947
7842128
5243268
3823461
5835767
2416374
9736637
115581
5146875
1833134
1657027
275575
4476239
2528646
1215784
8875958
7634628
6054548
8323208
9161509
7508469
8124410
5821275
9587879
4604257
7085589
7312009
7356363
4904471
8498758
283062
4570526
4230066
657903
1580510
4365637
5336145
2838556
2937008
3223462
7792951
4622424
5326969
7957540
8040450
7326583
9244606
9981480
9544405
4531233
903877
8527840
9746361
3977965
5258462
7043610
7358398
6429551
8665251
9812003
5709040
4989640
1695410
5932504
7676808
9383491
8215137
8056104
758616
8591399
16392
3907885
9679180
3618135
158151
1922500
1779524
8337499
9277853
228806
2878510
1745585
8798104
6667050
563266
5472347
4513863
3851926
1052530
2440933
9081978
4311409
3591586
9859291
8004339
541567
8878378
9290162
5201494
9233609
1617463
1335383
9744352
7527364
7877823
3039697
9370675
576929
9568763
8757982
8680727
6945598
2590170
9947558
4445040
1608314
9025326
5483949
1204265
2812256
6114793
7268181
2828703
4842525
3955647
710744
6816439
9837239
2934825
4014643
8221923
2361276
6537585
6593001
8049401
383709
7861212
3539963
6236698
3935484
1369536
5545535
4492609
208439
8599969
4912359
4616509
4014572
8382256
1936657
1421999
6247852
7056233
65590
7212338
1374023
4772707
1517539
9015556
6614910
6517585
8351665
8630268
3736642
7056247
2413023
6306436
2393213
5983012
4700695
2132231
2848198
6594682
9920389
2512428
2252589
1050058
6746720
9823960
9353599
4647847
6088984
6903886
5093418
7297322
2704503
4546721
6660969
9615611
3366466
4121697
1238364
3261755
7681996
2314406
4674861
4843713
9679093
7164562
3259817
6278862
8648372
2040019
6719653
2844526
7814948
2968095
4804230
2247117
7167018
626211
2287856
1819338
8990360
1853176
7773732
5203621
4789752
6919503
4081104
6759510
6800443
8342075
9345168
1151059
8012786
7668308
9088319
6314252
7123443
4444517
8978308
8012719
34435
4279125
2792594
8875859
6146427
9616274
7081527
8696062
9865209
5119531
2026248
5627488
4364348
1811921
3230691
6532714
779323
6404767
7466066
1643242
169107
6370455
746151
7585444
8969877
8589457
7042461
5143211
4692238
7466830
7497714
1178267
8977116
9929107
6976927
804070
6664844
1229943
2476302
5644391
8439189
1990802
6717705
9500598
7711148
2363116
6695113
1704589
9360436
5684278
4384728
2666823
4657171
9955612
2602471
3461936
7521138
3559399
1922401
5144572
4403529
3926924
1987222
7973150
822420
3604576
1812966
4749947
2044374
5399474
281364
3547056
5271962
5234747
8166183
2828896
3476566
592520
8763398
3437602
3515667
28616
3021153
1651449
7037280
8041644
7936704
6548577
5462616
190137
8232658
2387704
6598560
5504243
3361360
4640642
6825640
2647555
3775893
1148066
6734692
1701017
2263620
6208277
2368133
441644
659165
9704291
4206172
6400467
4363108
2414384
6265012
9739799
1738066
995307
6985736
2933971
5165699
2586480
3776014
8492811
4505695
6901906
2320158
4291723
5423758
63447
8314318
2742168
298841
5294940
8461850
4096484
8599268
1461659
8701083
1314001
8627687
7295815
441348
9266188
6296805
6782009
667484
9957498
5264545
2272131
1765387
3884810
1494803
9303189
922090
9455063
2948174
7275788
7617861
5702104
4381623
4916210
5453910
471491
3950608
381056
4558231
4154199
5377947
5278390
913870
9016087
5206618
735664
9580606
3917331
2089270
9833072
9253172
7441828
4858288
4997161
8818549
8770471
3979047
1674451
8151606
9494319
7936021
4855513
1024012
2034914
5648278
1054286
9398275
5807926
5566853
7559783
5450460
416251
258242
9496797
1963175
9921973
7105788
195142
6166828
2774040
866952
393265
8578734
7642342
2945058
6053954
912185
8681341
5649494
3643931
3941375
9951852
7954880
9694391
5492742
1815930
80863
7658210
2107605
4635683
5970296
4310742
1404841
5647858
7068959
4234221
3281047
1307666
7206678
1775615
3914679
1081577
5732552
2400042
8795679
6891204
4057918
3287233
9833237
8802057
9402149
6435221
2242056
416069
5782180
5753082
8381468
3537249
8958209
448771
7927038
9069413
4010300
4217660
7474731
4209283
9800513
7978668
2318064
2158326
4877777
164548
9793470
8411851
6816440
3590281
6089368
6348392
9576747
3251975
3089449
8982508
836770
883225
2570094
6602180
9131886
1983203
2138538
4511729
4075727
5584822
8742432
430283
1872838
2681796
967847
6256141
1237158
9314499
1778443
641546
8225120
8913977
1320295
7230929
1537865
5855602
6457819
8829935
9838690
2196483
155516
9557073
3434272
9260760
1099684
4669282
6540976
4257640
431457
5550884
8930724
4343820
9136497
3524127
5524715
7960901
1663138
849251
2116489
5914846
4878029
1047751
1997307
4519666
6772559
6005849
4683382
319738
5604573
8380732
8125579
9727215
9250985
4864280
1176558
9846597
2886487
277347
8253441
1863153
9618274
109935
9092458
4810883
2447707
6956002
9333057
1097787
1510270
1696429
2987521
3648301
9288313
3101244
6954284
5308711
2450753
8044478
5404534
2975543
3411478
3803932
9955207
9016539
4787641
2023612
6865832
4503231
1611377
4926881
6520727
1283842
6181002
4349120
2227515
5247367
5669894
2890055
6853833
9230206
8686880
8764156
3756598
9290811
9263915
4910519
8472700
3113075
1056401
8615194
7126034
9934576
6491014
1053772
1537915
1636690
7826335
2670229
8517245
6952511
4796276
3476590
461183
9898895
7494503
8937535
1338675
6105428
366808
7155537
5266950
6167086
2462889
2463245
2506528
1073871
8298948
4173356
624536
8325661
6216672
522644
8706971
71633
7139883
9447710
8044225
3367715
4402133
3901533
8618145
5006854
1308785
7906830
4710731
2481135
615547
4830678
6767667
2246580
676062
295247
7127120
8941344
6731392
8834565
9089656
8941569
4654151
667557
2339761
1652599
3707107
1876657
5571965
5219886
8855737
5608419
5069406
5756662
5705466
9068778
5901904
9468123
414244
9899105
9329170
6304959
3308404
3337160
3933665
8788344
9320661
3794434
5777406
7997323
6850639
4871755
7490454
9019177
3678264
1779141
7919982
6816550
5560115
361538
3442072
4679834
8294956
6353580
8043983
2357019
5219709
4946454
8595474
2636309
5173271
6407225
4794987
8899984
1027663
2211386
4411427
3646541
9265960
7371055
427549
3088324
8390122
412496
8182163
7394493
9108605
8709800
8437813
7773600
8324919
9241786
6419328
3014089
8725652
7563542
7353401
8668051
4308726
6602972
4577837
1323380
3685654
4514441
1568904
4436975
12521
8090594
3069757
9276258
2783427
9519741
1529139
3332041
8149284
9604429
1921175
9768442
4704418
6136477
8765638
5469024
5288051
6909369
7939979
9207631
8880911
4372060
2503204
7744356
6259110
3328520
4921021
2200772
5079514
5054821
4647526
9680400
3590340
296594
1329068
1860415
8244571
1455072
3514923
3283996
7789258
5917641
1693443
4449500
2615961
7258376
9734849
5945310
3798068
5091725
1760475
570972
1954567
159871
8907815
916755
3421065
1413286
6077364
2733838
8298071
4724498
17340
4454059
5258683
3472288
5573895
7216011
9892228
8482480
3739865
9413306
29872
5912804
8536806
4549949
1353541
8307145
2222836
2508538
9389239
9469923
6867217
7743906
6249375
6002890
5347789
4777506
8690600
5948968
2648589
2148823
9852609
1179138
6995577
9560314
3751145
4317337
888698
7504286
1705009
4209691
9392076
1500421
7997471
2502881
231437
2058306
9522856
9324693
4243191
8520299
4126069
8455137
1301958
7653328
8976097
2865239
9766845
2852225
8392509
2258162
9402420
2966575
4257109
3106315
1314422
4259330
9681440
8571774
5894063
9311397
2073075
5923663
7105258
4579116
4180502
1123569
2256418
5431787
3840189
2924986
4885340
2059252
5485450
9419496
8086441
7488550
9021319
1594181
2667975
8291770
7107578
7999277
3613681
2271751
1051692
7121512
1950093
8664592
8445355
2932348
6999447
5801586
692313
8188923
5615072
4315719
3135737
3112102
7820834
5594913
2237119
3565268
3889021
5229692
320735
8298825
8987061
4498018
6399488
6593826
8999561
3205952
8321868
2741827
9725929
3351675
3885079
7044640
5242289
6298128
956265
5638616
1081903
2113870
1018881
8639630
3535456
6966214
7381485
6172711
4391009
2446268
6608471
5852131
2335407
4308709
9548404
3612320
789617
557749
9294325
832375
206138
3659654
6745338
5716305
6433162
2127691
4859403
9954224
1918715
6193341
6670668
4609329
4834096
7032999
3424816
9754845
9063498
9190901
5391260
2197136
6147815
8789979
3245847
3833960
8278241
6113227
487411
8430711
5338705
3760772
3399869
3417482
6853535
9648867
3616080
5965517
3964636
9163952
4739709
8010112
9586467
8616303
7596726
4274729
2497768
3619297
5893110
7485547
4469762
4505610
7325800
8322877
3055319
1594742
3355494
5723558
993980
1235104
4061096
302824
8378940
1325977
1384504
3078234
8915675
2186653
8714183
1632636
5191573
5118943
174888
3659367
5756251
3141149
9687816
9210668
7841413
3588564
3571966
9049404
5234460
4544052
60540
4390495
7822796
1874008
5513931
4495977
5760765
6043191
9312763
6768969
7965155
6453758
9687366
8102995
3889954
9549450
4044663
1157687
7871140
3858808
6681759
3951564
2935385
1216532
89364
744671
4124859
4215648
4858562
7366394
1098796
8644298
7327138
4047919
5552791
3807786
9933591
9896609
3663336
3647256
6340595
1227532
1850189
4157516
1259878
7626940
2442598
1916826
7620399
5542754
5238004
4213655
3568639
118550
3079368
7209440
367235
4925741
7441821
2001969
8712436
8651935
4799306
547412
8408798
3062833
6718314
9255467
2875384
8448770
9252939
1513982
7857902
6205899
2055611
2872752
6478802
9214922
135747
6750477
5240964
4903674
2608191
1494823
8004415
7036588
5852292
1193377
993721
4765431
6197328
586569
5365369
1885937
988609
8260681
3938737
1595898
5273112
7819811
6471175
4124194
4018421
9589949
8932189
8426062
5124077
3813165
2304137
2908713
7248019
3774661
2435140
9243878
6367166
6674323
4740332
5856092
8335374
7101054
901074
5686800
1830257
9624506
5958325
5446369
7504190
8991171
595518
8873705
5493749
3962760
4973277
6101351
8671188
7262512
3115747
4932087
4791987
6369088
3367317
5142439
8995464
9398550
70171
3469643
6792772
5998065
5107613
4527572
9298878
1975601
5298600
5848035
7841324
1537268
5307149
9574855
9400217
1594588
1712472
832064
9616801
7954477
6797488
905636
9779572
6121097
8577356
961896
8687415
3038220
9778393
5128328
895447
8307168
9006551
8082742
4546751
6736841
5318393
9890792
663876
2634362
6997863
7571680
4298419
2226764
4091342
5739551
1683151
4421784
3092756
5057034
718517
9021622
4741114
8703160
797387
2260895
4488934
172469
4853348
6358901
4022342
5405957
4771772
568814
3113428
5005745
2494306
2592222
5664718
7691655
6663058
4319059
2601911
1117971
2875227
5101706
988438
6652883
8941221
4157492
2477527
4597500
9164137
5444640
866693
9875815
5119461
5408586
7873266
1351202
5564791
3232925
4722139
9156184
8045152
5198526
7753505
4334015
9498893
1670675
3393164
6637656
1373394
330720
1768953
3525755
7347114
7868215
4428926
5451925
6072873
5907349
6758955
840771
4485691
1074893
9160745
7928312
4060284
8150350
1216605
9474669
9279520
6977324
7632361
8544343
1063461
4131500
1171597
8066827
3377045
7620738
1206150
4574419
3653237
2832700
5942547
97850
1396716
3377932
5774207
909568
9949518
1646926
566343
3645754
1190865
1781317
4046863
5732606
5516506
5418935
1147235
8095944
9628968
7910528
3570738
222485
7927062
3204171
3157954
151347
1460185
6903417
7862302
722950
7774578
9714345
4194932
5512024
1965226
5683539
9673142
9062556
5611428
3328935
4270272
2774897
7318065
4101785
5029523
9127761
5706617
5306076
6029115
715405
5302908
2205453
2954326
5503736
7058729
4449000
7400181
8371959
1623560
1276368
7063085
7186253
426137
7745064
9885456
9036269
34989
7824688
1921552
4573747
5868502
5173691
606634
919947
6533866
4841931
8348985
5872966
792890
7394480
3782191
2075188
7969622
6111250
7121971
6324617
9833242
5766320
641826
9486328
7816053
8732288
7792725
1874115
8003862
8641423
3164139
9383185
1902131
6712767
4879260
9050072
3543048
9330064
7893771
7761561
4613425
1154256
9422546
768095
5899353
3906354
8755987
7917362
658560
9302970
3509379
1922439
733616
4507682
4097308
9076757
1084641
129799
3856949
6231049
8286209
4831909
1742902
4827524
6301050
6971450
7545727
6273742
1354689
7912116
5516015
1401870
8635438
6513648
2150303
363370
815310
1509491
8817464
6041733
4176380
4786591
8522032
8107162
7089847
7067094
3971225
576394
7489574
3276218
95650
2401096
6818292
5402798
5317941
4321721
2164783
1512487
7438231
4945587
7574285
5543511
6380803
6482018
5740392
7036766
3020692
9034004
3366116
7332105
9756004
2225225
5655492
1432256
6533720
6565315
3054536
6294484
534700
4146719
8447500
376278
3193509
1049683
2805697
4943079
8546969
1892938
6737248
9104046
8298941
2755404
6910598
8737533
657897
1958706
9519134
9602787
4392571
1284410
1171846
2842410
4877267
8314999
1747836
2939167
9291462
559119
1755782
2720498
4247733
3393247
1065125
1886900
5339060
9762507
4877992
5759456
8846728
9181257
5550557
6400091
6304291
3721511
1325465
8969976
1981291
9207717
9652251
4640764
4675189
1936363
2779643
4202171
7114374
2958903
68356
3873283
6369524
5405750
5119538
2957007
7480558
4160882
1827668
653763
6824050
764967
5322422
9856750
3007688
2626829
5342961
6571632
3550987
5095649
9283472
1368957
714018
4790006
1376656
2843721
1109720
7997160
7144209
3720176
289634
5792403
6712692
1304097
6602950
4445446
9464764
9782546
6082585
2581098
4625049
9115352
9078053
3609354
4269944
6046117
4022580
4038501
9688743
2006951
7152601
6569376
4435390
5616587
4489523
4585831
684740
590308
4911057
168908
6242748
6075739
1641286
2678185
4990899
8300094
3818876
2039675
2644427
5616709
9841272
3795472
8900010
3002236
2877733
8259115
4848099
9774164
605538
9637474
5761969
8004888
9643751
7035696
8263440
85172
4090250
6677158
4796816
9684884
3660838
8451948
4544534
4077258
726414
2522590
7123395
469277
4521276
5112805
5604814
3190192
662058
733382
977973
2657822
5157372
6563237
498121
673254
711384
5761044
7025858
6817189
1495847
5042312
5810979
7979212
7800759
9882892
2489254
6721057
4249348
8814349
8561286
1324087
146658
3268414
7230873
6291002
2005431
2511761
4799667
454418
1844678
3931509
8206338
1415130
2977328
1845418
6613550
4420014
4132278
6949648
5446638
2348762
9403008
9843880
2424693
6148994
141843
2201564
2188195
4130888
2157899
1334903
5133343
4537758
9214716
8461846
7042915
905389
7132532
8110342
4263411
655801
4800121
1802448
5666400
1262085
3626552
1651294
6483384
7233732
9378734
4654873
5804095
2000014
8286931
2497210
7430001
2177716
1200014
3058707
5517707
7799149
6937915
9062775
5738308
3571702
9011489
1795528
9301504
7768840
1773782
5234409
9051248
8504424
8104239
1499929
1915912
2995901
3585141
9182139
8950372
7425308
3221632
149120
3106775
1253784
5690265
1210250
1473394
5819428
463669
752467
2699503
5110572
6789542
2145983
5816905
9390643
7902443
199685
551287
1540501
7342485
1737316
545475
269884
896121
8111045
3872801
4258236
8508457
3293927
4118807
5123777
1586792
7743814
262132
9933814
8298103
2146688
827103
8093843
7221618
6473893
2743549
8334479
3745674
6446364
1828429
6571177
905860
1895294
8832396
293245
6222269
4441525
7597924
7903221
6141716
5618995
9914809
5926070
4498550
1319460
6116225
7415668
7055347
5369703
9976676
3554774
3356473
1548115
1485551
9921089
7180757
5065955
7129515
837991
2890360
9234742
7096815
7925642
3696925
124759
5408041
2003048
8630665
3082191
1888649
6847948
2298098
4377411
2261671
8025491
9855018
7628909
1433230
8933363
8933688
1497551
6853802
7110700
5478599
9267501
2541611
4085590
7984803
3760660
8016178
241158
9226371
2117808
2582327
6703613
3032290
3495487
1183275
8668038
3668004
3155285
7662345
6178397
6387615
6019721
4904315
8129929
5508248
3639018
8343581
2693236
7354893
3473302
8401665
4066679
6888062
9132806
3630349
9010128
1221777
7916757
5872342
1633359
38548
5288925
2584814
3545120
1095458
2041836
6833734
7335167
4598298
6683928
1339691
7780980
6721587
9637261
3929818
2731701
5491339
5613257
9149576
8238251
4289737
5216827
663062
552899
9567854
4111167
9194510
1719657
2624459
5144008
8227136
1037963
7582152
2769380
851059
1928214
1717167
5861485
4679046
6634277
5770327
1744997
6398848
6330827
5191032
5113796
4908837
2847119
7350363
1020990
338678
9680701
7550763
1720034
9584511
8765574
4892915
4456962
1868032
1251088
3159849
9010040
485070
2862969
5425666
2223096
9152398
6485134
5990704
2189902
3170594
8380355
508716
1078003
8513490
7394921
9755631
3004382
9918531
4885570
4979423
7328795
3658194
460512
7735291
1553708
8591766
1346521
7369080
6433270
2988653
2433897
3763686
4384787
9553829
9181661
8846360
7040994
7397013
8412948
2676624
3007262
4467973
4644623
622596
1623032
1242161
7948129
1789664
231208
8051715
2014090
9526400
7226919
4768923
2038545
5552867
1821961
6982935
2255232
8871434
5681085
6218877
5591734
917785
7831356
7270112
5820955
5740985
6171777
9469979
7005118
9884347
1506932
2529785
4796974
9435135
2228471
4879424
9411279
1032669
1738751
8328765
5319493
4992030
4088169
2077813
89353
3281210
1752256
7382050
6038608
6054700
7700002
6743478
565244
6024090
1115201
1634011
4992083
957801
5650251
3108867
4758150
6546050
7556725
439935
661275
4298766
538075
4845278
7987428
8634512
9966557
6199299
3573308
589673
3222085
2050458
3735748
6483578
265234
9111233
9280930
2263050
9510591
595482
4105182
4915716
9354282
5280983
665247
573208
6624727
5697796
5169327
4683875
6802813
9682388
9916788
5947049
8007620
1672286
7017749
7796580
1065398
280662
8790333
8221998
8592112
3483344
1989347
6986243
2033868
5205805
9893534
4139002
2945699
3870713
8958236
6474675
4423820
6062971
154872
2506950
1597697
2150504
3322697
997520
6661091
7359149
6058823
7479144
7464924
655252
6370306
1010519
8953573
6288836
4478432
9330907
3032540
9113876
196789
5186892
9201709
6525364
3988268
8899411
9374935
1457720
2095001
5505799
6636995
3537900
3447397
273106
1221037
1854725
7070852
9864904
6488320
1911673
7447300
1656933
8115361
6454592
9512009
3688583
7544747
122184
2599111
2841796
606569
7728580
7411990
7259359
1657394
827375
9564637
5174831
1360871
9993056
220679
6167383
4421940
5795649
1971137
4858408
6675542
2340522
5760500
7656072
2074967
8019151
7628528
5008564
2687266
1226980
8011657
787831
946493
8250973
8260606
2680861
6866194
6120433
355683
8669185
3800878
4808881
7387212
6014796
3661965
723422
5297741
406961
4166931
5914142
8623535
4330888
5996126
8005088
5282215
7555353
921354
3764984
1705456
6892741
5540629
1778600
6105889
9186554
2509712
6873712
8508346
3793585
4560918
9344843
7812441
9878704
5157020
4964762
6951919
2110527
9397322
8660102
4812671
6897046
9288164
890479
3469711
8013449
7103690
2601332
8971592
5280927
7910510
5826492
2343603
8193437
1332431
824157
4690888
6302979
2900192
6398494
4088277
6358683
1359099
9198027
508398
1226587
92329
2225322
5720349
6560403
894909
489921
1584082
2292149
411297
2894990
2848580
6327486
2697047
4189794
3117379
7574474
4412236
4370158
5216261
5436141
3576403
4580778
856456
9486671
10624
3418419
6616831
64226
1274660
6519170
6227775
8657612
9476338
4575825
1557191
9500975
5763979
5557740
341990
3512971
3731035
1836530
2930223
5149511
2594950
6490327
3897907
5549616
7251831
4350275
6230532
5486472
1854797
7310833
8032720
180587
5854245
6735412
3251619
7380217
8587343
7613819
4755774
2218347
7286511
6832374
5076953
1037293
876534
5043850
5556866
5707734
1030574
2184908
1361324
2326091
8035196
1937499
8608654
7018061
710977
9119599
5676904
1184288
3284479
75379
4241439
7379127
5153897
6935057
8777303
9531729
7150229
5436656
7302909
4776561
897200
9146388
7340997
4577712
3449569
211470
4940980
3191459
6958729
7878729
1059074
1706755
306693
2840308
9395883
9812194
9929073
1095961
2558664
8291314
6073904
3541220
4254261
6005217
7597726
2425596
4169048
8917846
6193225
1432803
2899971
2929101
2164262
2055673
6142554
5057711
3278493
7746096
5542826
2312363
3661931
1835835
4072252
3301400
7301610
2385511
6549446
2448242
3569532
1635049
9836477
4670610
6754814
1560388
7228945
3054300
5049899
8890523
2462975
940603
3437517
8606351
9588624
8671306
8425013
7600536
1649449
6014348
1416970
4587273
4612685
7212478
2198663
9594122
8544447
6496125
4780766
1490908
4507371
9830520
6500819
6220076
4909671
7667650
5480419
9771571
7120511
8591876
8715189
7518417
8304169
6873897
850005
5794508
2377993
2692164
4019585
3193588
5081702
5326908
3905060
3044408
9147125
3671120
5849992
2884138
5140641
6909605
5316126
2309868
1035946
1463874
7965606
1448231
3974948
4288282
7946487
95903
8019838
5440149
4545013
2456400
4643908
3206467
4457889
2586186
9188759
5855119
2713793
6670073
5476103
7470914
5587650
6325862
363057
9534192
9115555
4518924
5441366
4073454
6629126
1390649
2316870
6830755
699925
6883562
3477795
9331046
9328034
5206312
3524199
3751329
9564219
9304224
286834
95072
8941195
6047132
7654566
2020111
9532922
5915334
3349506
2765253
6422112
4326632
7533053
3061309
653218
3027253
5341195
4834378
8341000
3669070
729531
4345526
1677482
35645
7892689
1621254
9571804
825643
6942334
3960546
228180
1061174
9010560
9228544
5141285
4891888
920440
5597840
2906217
2398206
1405323
6171062
4859602
1366771
1320360
1571501
466259
3177878
1930558
8147405
6943815
3134768
7916242
1564519
292282
7519613
8979258
2740975
3001363
5405088
5164841
7245043
448193
6177721
8293847
6182937
6002466
7802673
1583067
5542869
7733032
555226
350777
9920603
1561148
6797604
489701
9396047
388929
9369627
8285705
7896681
7524131
9867939
7865961
9963213
4682126
6629764
6603333
5741441
6780160
1502784
138084
4561088
7263995
319328
6619876
199378
1496756
2923005
315811
7056532
7269363
3279810
9212356
8789794
919346
7461771
563066
2839075
8807939
5528419
4102677
612323
7223875
1244405
5715632
8913711
3013612
8895229
9319090
4763238
9798157
7370598
6412339
6044504
6735533
4036987
8144921
7691252
9489080
7035963
9178566
8201886
637588
5999500
4704176
1423019
8031749
7308276
3306050
6243832
5780933
3045739
5246239
9896887
7252733
5869553
7797821
9978073
7044054
7847237
6302213
6666088
4982040
4761486
8457079
6611083
1780172
1053907
4424417
4513395
4709506
1345098
2836525
2109643
6441293
2186402
1080630
2877108
9466557
2973609
655858
9957983
4758888
1224914
8797284
7957360
4233797
3261347
4212101
8013523
7994298
4975133
6019925
7930563
9540521
7713576
2320531
9627912
9680501
7042668
5336285
5317622
1057383
2381019
1524385
6217136
8190956
5951431
4448887
9543282
9054580
6260810
4274413
2042972
1539028
7654066
9012848
2532455
6756345
7170295
3721800
8143445
2369229
8164119
8723888
3744319
9648105
3675578
7544746
6801462
3622416
7013289
149286
9508294
3366640
7740536
6975460
5582146
7907105
2651578
7541453
169646
8807296
5348666
7711228
925521
2179388
7316491
3751328
7674769
3941827
1660048
8108451
803922
6391174
2412070
9838216
5220287
9931976
9184322
3799494
8619104
3477782
7562355
8176660
6670146
9590982
5050528
2910858
2630037
4205328
5728279
3341631
9247125
652967
9439032
4462511
6563918
871783
9914539
1547179
1926983
1042937
9551737
4393000
2221977
6680690
2678131
5131795
5426039
1367394
4341047
1965967
1038739
1014774
6160713
6819741
6848222
506435
7556540
3046835
4550676
5123969
4377725
3951090
6821324
4272763
5303657
3313664
6650495
620207
2397657
7199092
8177397
7318499
1539397
3905275
7817141
7034552
3431488
1195937
8809853
900227
8064453
4202038
8394400
3621996
7485565
1241255
8673868
3008523
6097196
9918316
1550127
7504470
2287731
1835241
2327944
8477892
9404305
6437452
680279
7303263
4655675
5003903
9174977
872430
9595496
6903732
178790
3443943
212023
1760641
827481
4780243
6863217
4162222
3870756
5307936
3480991
1906746
7504074
738024
7728587
4302633
4784425
6225505
5905821
9364133
2919599
4241853
7926354
3178814
6368502
4011705
4144440
380606
4184868
4786714
6799191
4155376
8069961
6111106
5069777
8959111
1220028
5943892
3503321
5553499
5526804
4149450
2005691
1984419
2429973
3399003
2506920
7999529
9115749
590532
1474798
9012151
9459577
6597140
25266
8809824
1769850
3255467
1753066
778870
8724751
6686039
4757051
1041734
2300952
4131806
9845245
9690794
2300157
1826679
5855628
3032286
4562262
7215109
9661454
471229
2464187
9864506
9721316
738524
7044750
4792843
6121209
2039196
6469411
1280100
6735308
5774864
7682038
8252780
3575102
43808
4288435
2097665
5813604
2937413
8294656
2626004
9331529
3376107
443697
3600550
1439096
6731819
9067508
553548
5869665
9283043
790753
6424247
179933
9418834
6348349
3436589
7221111
2061203
1502529
7421072
4848823
7027454
5145575
7819923
5340913
2372233
5112196
443685
5837440
7760729
6742575
4282635
5206912
7740277
6298735
263249
5116685
4437675
1652703
9203016
8847701
3714320
3219186
4491996
7864029
701274
5388618
2850032
7402132
7835727
5408388
847998
5720193
7875790
6464623
3205232
962464
159624
1536541
9329950
4197567
3809674
7189306
8235586
425569
4050789
2591812
9134772
9569596
4659101
4318964
8338515
5865731
6080060
5998736
6941002
6069458
2144849
8903915
439830
7579798
2669381
5267967
3043577
4292326
836890
4629733
5493567
4586209
8749353
9106466
6666663
8201155
6660732
6352416
6722260
9880144
9364756
468349
9839342
2705659
6854696
8514640
4956939
7237469
1166671
1711308
3423381
3541847
4947836
903274
1006593
2311790
9258174
1738634
6254591
2501334
9123350
6741436
1223365
3155279
660021
3418276
8003246
3928331
8655922
5069171
7226364
6821372
1875268
2682246
3087700
9149732
9210882
1380597
4299444
9334645
7092635
3306690
6176950
2132427
1403615
5254918
1253895
1484922
5793554
1466172
8656239
9935766
3972810
3055102
6137226
8178726
9390244
4460358
1505943
9496547
3155804
1868863
385359
7631348
2589989
9609743
8191986
6370585
9430609
3584162
6327367
801874
8816465
2240708
9674914
1429615
3492437
2763862
3512899
6989908
7772618
2675094
6155471
3131408
3595643
5578460
1435925
9569112
7585050
2755003
723021
3712911
682717
6083142
1489280
7371381
9839969
5200851
5104959
7386860
2510297
7511590
1299267
1995839
7204381
2750842
7246105
818596
5552306
5726184
1653210
3253339
4238508
3433778
4436973
9675649
9660175
9805988
8102480
2686824
1309508
4274447
1964583
9155740
9451254
9631497
831944
1271240
7655656
9560355
440936
5082534
794704
4030179
2936789
79353
7282034
39616
3306541
7477402
7923367
9377589
8049954
486478
5716242
8081095
3722818
8965339
9857844
6696355
7700745
4476355
632540
1709174
9778916
8728196
252958
3613655
8852361
4847386
4077406
3195560
7672505
9750111
4801395
2377939
8707237
4113092
9623360
694303
4679754
9218653
98059
3184628
3957202
1170851
8214893
9439755
8139266
9966387
2230193
6778689
2926653
2897554
7331256
636191
3560372
8434596
7454854
3370139
9426891
1029559
1940466
8469774
9136431
2423795
441032
1566259
9241733
3055554
9286982
3804528
1726168
3639400
5854486
8891904
6351559
9235761
4870442
260211
4616078
903912
169169
8723107
164497
7707816
3685828
6134005
271628
8991250
4376541
6849606
4001978
8326666
614171
809800
6985716
1720074
4817107
8111910
2783108
5790374
2512657
567330
1200823
