10000
85693028
58204249
41627177
43740938
54119065
9381964
44209723
49344275
61635527
94940884
74024553
54667076
44898553
55927666
36762228
27699840
922257
28232632
21930063
67913841
83713958
78818792
87399825
32736065
49451790
49367957
85881110
58240241
95330880
84426439
64525555
13317080
84631288
68090375
79662957
47497274
90555676
13152161
85530641
99174090
14230357
55411749
68102481
38149350
78436893
17162362
63658135
17047980
90719207
88437092
36151742
59806229
57457606
54697272
93886847
9207030
77352041
72136365
17046424
73563741
15151783
17889417
31716237
64961242
26395807
15289891
55904348
44903230
34612019
79014535
23577381
25886733
78302375
6382002
18724793
83332768
19284338
72940971
65642300
70577476
20722414
53340954
46313451
13237988
54504748
75940504
82020370
31286671
91742993
86084948
60609397
98962269
13813377
5052958
75249824
95408041
90067962
25505124
77057156
36488463
74022867
6722601
3535736
34472276
32006947
52920568
55044790
64416835
98579053
51957864
72307714
41361810
47292793
7078294
25876783
45621066
96254110
67306519
62033957
12684609
26120687
60436057
8028591
11032671
64065858
62640406
39251377
61729922
80523809
48713305
64311487
4350507
34449838
2814617
42956777
68567900
26077886
51994353
85617501
67852231
9156397
4283977
42222216
7731683
77480010
12736955
53774099
78919436
63316579
84843685
20412183
75995144
78156920
46844430
49896124
13542239
27052470
21962587
87123652
55197703
813339
19080000
42758634
6948628
69945429
97612251
34788548
57666442
25655662
23424654
17788079
31625101
99169648
440829
42829344
72031392
87470285
68511831
20434273
1870552
50760755
82521253
6456182
85063721
51174805
90972543
3147779
61496899
53815662
59273106
95717139
88902518
8672683
40756481
66345204
41589941
88381179
28101002
89908110
54836919
20283577
87969610
7316063
49784719
63221740
3609711
32846621
30193074
47877223
68663947
64087535
578573
35958613
71099432
81821062
31402247
63047070
3585814
23178396
67251380
71702932
71108412
59249901
57860654
37462197
58792833
19101016
55896271
76608481
79688405
65363402
77386224
71423804
65866292
64654861
81937328
853010
987874
10047830
21842808
19281757
39010760
94163101
22767672
57612513
67731631
69785995
95039707
90411840
35480404
82596385
76727703
61493826
6080109
33207976
33648997
64395709
65345223
80052459
27636345
90675601
73956386
95106610
62382991
11199409
86290989
23113486
10176075
21618559
43670854
56780323
5314453
86777485
11706219
87057253
75716043
54431446
76217170
58361229
39823855
7039680
56637624
19149754
9395998
87887849
8320210
8274548
13545614
29134207
17667029
56147638
12418284
44492389
90291502
33560860
28653038
82725603
77771484
61588265
9071756
35160267
12181354
24357634
36021406
5458643
31775685
48028209
33408111
33413311
7509329
93613142
38886661
92027998
63349757
80067675
87997160
83241077
364390
22373274
21075950
66682955
44343552
30967518
5953369
30189565
75325057
77291837
54810998
68323492
23147403
65633508
77564417
8461860
60461329
82578331
7656163
41692694
22253149
46025437
22566660
8087987
77510389
44369220
50860434
9951582
6744243
71510389
73552655
86562860
59829813
46894591
77319355
55697372
3790459
54677382
43854009
37832932
53204017
49862625
87004584
48778183
47536369
24802109
65671798
87708567
63562286
9805028
11157378
49545211
64171636
30421979
64986282
62562949
50655249
66626417
48489232
80111877
24544953
97763299
94371470
33580574
40519350
12541681
21474289
58625547
96656430
16100452
87575197
98703669
69774183
15331653
19783628
32674867
3459923
30440100
92014647
34059644
50257885
23206981
89359426
9066759
5594927
63964626
60866782
52895092
27375919
35685906
95555471
27190215
47261534
58939551
95694803
54349700
91134051
91389876
2045439
73933327
72462865
2057450
77656036
57487537
21090742
97125754
43384988
73491114
3280074
92986593
74176100
48023624
50897845
74259184
3225574
71753390
2779788
13220760
31114209
85672985
40135343
13368673
76732577
24394358
16097512
70788166
30868520
48110715
76329484
26620422
83430034
24703485
25967763
63197881
49016004
86774243
57912976
16040270
13258098
53772109
86112970
15018352
11833827
96765156
35715334
23865846
12239619
9765962
53394937
25610992
6172366
85080297
11112300
52390259
23087052
72138235
99192536
95107619
74825247
39579835
49633063
15261318
64110712
1836835
70775436
65331573
21616522
69496774
48668850
52198546
15696403
24420135
12213530
79631932
90019174
97924808
40470557
53566482
85685293
84197958
54386390
67871385
95666752
57720831
6359458
96277968
45686945
15811461
33209401
77383036
56961108
39207692
7322289
59490293
27009002
81440547
70449195
93127545
80930519
32686892
75715427
76689091
55819209
55523447
37275538
25372061
21519458
34481795
95193841
38462197
8437467
70259182
77332575
9097806
87826669
46642881
1347070
69697684
75801838
94802585
58697484
11498285
56892865
57753146
57385712
22501753
3184853
66445939
30773319
61572274
14575707
5291552
20982277
20455376
27101467
31987339
66712270
98655018
55009707
80895065
8881383
77926950
21183468
27721305
63578161
13034669
54904370
63287584
93072775
13955758
45122467
41913768
7042746
29725721
81304358
85161929
13635659
62576077
9595688
21513221
6119584
61263850
487752
59113508
98981030
97870455
29046753
40855196
90293166
9184423
83755834
81574228
10182384
26313785
12730414
4621911
25567372
37897333
9310919
12925373
65293894
14364809
22734837
21476097
51159097
14338874
82085054
6341112
7742463
35044378
55492303
95053121
94858567
13146668
66403399
41665049
92126063
13052162
15380859
5309077
47314904
17894947
3815299
69322289
49807960
97799161
36699475
41992342
88347681
59674797
34926349
46847593
84582023
5899488
93866413
98329451
65564805
27348124
88836382
5200796
31824478
19640964
18533255
60872159
55270161
19164889
18829674
98064668
11166245
51911306
10308497
69262230
2134453
58822666
35099466
9272039
59890254
73080256
57794259
79228640
74363320
58879134
97894583
33370858
55896199
33340548
83782244
17784083
76692539
16007484
61521927
7814788
19869068
39358641
60529852
86299257
12102612
98654456
67202120
79299119
89002782
28875850
60604285
38014688
40604168
87747823
28369794
58437138
56408958
81538801
54862270
24077434
89732437
92926966
61646689
80349850
26587182
84248237
42699665
214689
27431475
72767355
7227864
11442610
9645522
67145454
92646335
57988432
62556120
68932148
82104103
51190321
41472865
90623628
18470629
37140296
26540326
57196727
67342096
20612784
93095694
10469374
53866463
8560258
59171307
43920650
28169826
17556041
778857
17761941
37518891
91694539
23831117
51239085
56953972
17598966
66550482
32610713
18002616
55501413
38750587
94734566
32962509
85632257
17271167
1252263
72411313
93983164
25114857
33015386
23579077
10967696
47350916
34617488
22213848
22156150
48603738
39110621
50282764
70598983
45098838
16397890
65932090
96828364
49806408
27909355
44746106
56658004
48735800
13228034
26099947
42853532
12462307
68943238
6790860
19575453
74020284
28688278
2525528
15929282
78562343
43117792
46792752
3573054
68112241
62731316
10178009
80029192
14589264
97719495
71432918
56457954
76763427
88282747
83658079
22024756
53201720
11407712
2743837
33131105
17584209
52438879
44501346
23352371
2831842
66804197
3947581
27194229
25290071
93196670
47355106
42239010
49789702
97108919
33822472
916151
52001562
98181425
92162846
45764089
24854733
98388980
62473879
10195519
4552469
8234636
21896187
98020216
79754685
41048021
67314486
80930983
40960178
57742331
4293642
60645613
53880617
26622448
31730054
62541846
1332016
77336078
33366230
49294974
16354485
58495173
73294896
96168076
89209888
91205008
75087012
66710792
55507818
8121516
10513895
24547156
65861958
1005197
61787397
80846784
78222102
41637496
684527
84188297
64774924
97716204
62137733
82942377
77602051
38419317
85273660
25054551
77687838
36059723
29153935
47784635
88274324
6213042
63398549
34003916
98025208
1399062
9779548
26468050
32816007
69726114
13564582
84268700
40510486
78088880
93550455
27802309
75680056
92790224
89270630
90459009
60421013
12576164
25522127
75935701
49179665
67004236
58242544
32057437
37667369
71723562
77661082
90154766
2837963
62406040
55281503
66413200
76195166
9866824
94854623
40712917
6357579
15751213
37521026
86717035
70136823
29421323
64616607
75911447
68811890
57162589
64331982
83089869
67409148
60523066
60672930
22217817
23996951
7582768
6321
52319259
13910112
48049202
36425181
1167019
1947701
45651926
6468724
87322583
23683799
42959588
2626654
71337816
18815799
29888735
25910503
91974020
28619165
54804390
46322804
88843488
62521379
72596786
70104822
16439892
59998385
96642337
68168976
41990166
54843648
41632891
73926873
66631760
14297515
94266545
2644201
7676510
66193675
52533935
16147960
85385708
401353
22701860
21875832
72667960
94053467
9589708
87755021
19653215
67789426
83135303
20898915
7130259
16181684
40364670
63319252
1393899
31212286
67275645
73439003
65598856
64579371
99325985
60687304
5448898
48227808
1638692
19555043
98875352
17591578
75431710
94481186
3886392
88198619
27905709
89465110
97645637
96403390
92684514
25894249
22171912
48998521
50238650
54710235
15453255
21786836
92373757
43559407
60566970
96231183
40934094
22765871
59451311
88486653
40662366
34358251
96190493
7899594
95252526
37104847
94275104
77601079
44920436
67341881
54915654
1483476
7341601
17994251
40498828
65448297
53602082
26333429
78973222
76256927
19675453
73700574
13550337
15238114
23443220
72487800
9235834
13492992
3577254
19406297
63964857
1187450
92305165
69526464
12690514
65401923
9659780
3166337
31779079
92600369
23718804
83513185
9620007
83066109
16566206
5694805
57000361
59060837
17758542
29004799
41987503
36611510
59330627
89132413
49230711
16279804
69761387
79103326
54061229
74812978
66417691
64974547
54348450
18833635
99540138
46889275
12311991
30946824
34137199
31069992
29855443
78172958
97898001
33436402
32069547
12721487
22985387
98486962
23684382
32912728
4890698
58590084
61767515
13579524
28987572
96762618
7935613
32215640
73646113
55683984
75833986
69104501
48830041
81990
78317166
59330656
34071680
19170662
26649686
5140327
8560641
13223255
78581963
55601853
56706655
55644826
86306762
32480054
17469036
26149850
19938126
8454008
25552161
19882811
38404915
91549915
23308084
68166193
59350021
90044661
81817074
55080233
68114144
30126008
20852203
57896865
72612718
95088309
53982358
86203511
14530280
69359969
65224534
33939289
48328587
82848179
58574120
61787481
93596690
41352441
1742915
51850966
19910778
35102645
21948385
14215003
5354587
52062574
23168504
6219648
31107106
69296085
74334755
61861291
3840185
90204533
58199680
35559345
35816901
55728877
87402527
82970780
11370955
58329323
55460769
30329239
7092421
9066556
12810116
97103055
31937154
80231287
38764868
93346384
55761746
91411149
36212781
51028752
46721618
12257998
94156105
36055470
20805215
71682834
38156797
14341765
72082760
23768324
42337145
44360636
52544584
58785719
67663027
98434555
28451670
41840451
33971461
65406283
85054959
76409601
78582306
89314082
92857845
62049168
8150353
72025663
38367543
81571766
38157602
90891297
84701340
98920449
18748871
18380288
59975793
15192853
85212814
66924533
1145128
82872841
33775310
44596084
52212124
26361151
25356439
94100820
62132015
47373106
43337650
69990023
65898445
46267794
420049
22436711
36051264
87211076
68400156
88175465
72851150
70571146
54373678
38547364
19255729
19064206
57715374
18081661
55330302
71194939
75630693
42459324
21072972
95991315
83154608
90798616
72965112
36524132
4906343
64251008
93975135
50561873
15204855
38510714
61649020
5021429
13580846
47810220
97711628
66144217
86737597
66794072
24835090
52055141
58906093
29422071
98247432
64283256
77617593
96029499
13350793
27991466
61723615
57675499
8868965
8354426
17655439
87072760
37915771
22426917
70284796
98730318
82006639
40644643
55759206
30250510
64232655
44820165
65828973
22573458
35137411
69235804
79709128
50369731
24174194
65521121
13522532
1733642
28254951
16588613
58574682
77629558
11130654
93690147
63657590
75690582
41956815
42668263
87543472
83432885
52993841
41771992
19039459
13601487
45862517
51350627
62179780
10055603
20283214
4572254
28172412
41675629
86260656
26653486
9318045
39487635
29022922
48151921
93252991
69884499
49283180
38037343
64560961
98578323
77910103
67068547
8686135
56582031
45349820
56558571
23689928
82007803
95383270
32787481
38760399
10682545
30903904
37643611
1974876
40021754
29680158
60376057
75761838
2343206
17851845
70920275
4913137
16965133
87734151
64468503
79208459
9367761
15018940
48288727
1340175
68453184
97921407
23099867
39920490
63749333
61448562
54146598
70843159
96511231
19880602
85097319
12242109
62770654
73280332
48002924
80326969
12976451
11872821
21187831
38100441
83361141
84765074
48159244
56931578
28003837
53758807
6257631
67950026
37136522
29137420
45322639
73820053
27027918
18453576
56463973
25209704
76285261
60809007
78103101
2583499
28189763
19129910
53415958
64031049
17805406
55376665
89609263
52732987
43258180
50046183
54755722
36487343
94482579
47360806
38948558
47807374
84330616
95007169
26234637
66931746
47623174
65529211
40561413
43653081
92586562
54831603
8538867
71881028
21781124
58521643
45153923
8787628
62851750
18311836
68285751
24633767
29065253
79967378
33322454
62240275
79289539
19184086
74231967
91227742
22194948
84918436
86386011
59519225
53579970
4963862
89576951
69531174
21240695
8655044
48348697
98658958
67321154
31235991
22135318
23468475
69897376
47699354
20403147
66491164
1185552
71582403
32719350
21282494
70771828
11322302
6080113
35172988
81140681
72843003
63736112
2268177
25294070
51089238
68576527
82491281
98758157
91328045
10976511
59345242
5910757
3763795
40110204
82974555
32775453
88672222
93351314
51753896
46005048
31466390
59358407
40607668
41036919
14902415
15166814
30670471
62057543
59809240
71992249
68623411
27797178
63700105
6844492
30559302
37092281
64029427
56551364
82443160
24765037
33351085
37249416
49355502
3048536
35726772
77453966
1385810
20386920
11701967
66786190
85370131
80849140
10701930
73084531
5849580
4161796
22406959
64700889
81223573
75816547
38242114
76499028
15555876
5615069
64511676
70621251
7147067
27552289
22575872
69087821
7903906
47664169
53805345
50033718
34986461
90434057
74329649
57585901
27682431
69604389
27081605
20543942
46497984
53091411
63201672
88550319
20037448
66274445
82822769
38892006
84892857
20677980
80217958
28924322
14281954
52725813
49987771
37101805
8333532
88154238
84925695
81446405
8547500
68733199
34802949
24231130
79413313
13570915
23803194
51078068
68351436
5535695
63453026
82341496
5763174
2398213
93298506
60860634
33688466
35424099
42667622
80111399
93500802
40578012
10355276
62691403
62247438
54034554
66810621
64428340
63459390
52597709
19849222
64573459
52949814
91678983
73293235
23096098
28043591
30925837
55580792
57083957
60241975
21790733
3107362
18123871
97122519
90035989
8081017
78713790
30378594
29428128
79739550
6581076
59857293
64728764
33202204
45237469
17247570
11507078
31966655
50075711
30032399
71971139
73968527
3886658
10326395
70839386
2514660
440903
21539970
70330902
33435707
70024867
37336234
61337984
77897148
90276286
13546826
66570228
75445401
97317328
7549599
64340213
82956665
72895686
17402464
37369748
55048156
24324896
8564372
83383984
66390309
25463850
51983841
74635954
53290573
87244768
19848304
87736925
4280106
32636221
95489766
16024070
52456561
1767199
13303583
24557315
54818662
19149788
45879407
50748946
7385263
59886168
32578904
97113027
43914370
58324871
43019629
51454192
31914664
55967690
69168491
56796523
84463964
54465570
32033033
76618454
82420045
92189997
24569872
65552964
66820942
8903997
12691481
8603521
1015418
34284912
83397987
99500810
59072513
49879298
11172457
84689487
2204318
69650965
38276357
44558594
8420046
76879503
45539500
96302158
63385171
99070924
77042515
12232192
11466174
53391022
3311039
27225694
58208173
19549356
17993057
64360919
79556501
98964058
80679007
3603928
87885028
96442157
51531194
94350190
54556500
61564169
14713713
21782686
93007498
69674591
36212333
67350182
91254592
66956753
56169711
35218143
68222674
28542498
11003845
56249226
35272411
90497921
74654360
54132041
19600743
10329260
616103
96371091
98185789
36454598
73128016
53145144
4617819
53873148
41615404
4254130
22337982
44177738
29540939
25474125
32104264
15709052
39422886
18079751
34435701
12435050
80263987
58186732
71493247
190139
20064918
53638350
40219642
62726142
30663308
68015792
70818899
95961130
3056965
26402757
70469325
89189522
11413718
26736628
24444424
48287519
89090091
80660356
46438977
29585632
68341236
93744312
51624589
79976436
2254783
33441489
66769603
9077382
78857562
91477079
89784767
50648461
35989101
17574633
55657696
21099580
36706738
16410978
55032357
34719787
30418860
42068765
23194515
48042048
87163127
31793840
4750547
12064339
2143362
45670563
9306386
77685339
54915835
86723583
28354052
38023519
35616470
10314165
2381837
86740263
92791411
86709660
93691
65152160
17091367
30868648
62617398
32075841
63132179
84101578
5027227
49298628
14784982
18767177
44407526
44876031
93185418
47320887
92263255
634450
95371077
51184716
43780489
18811976
78996091
78823894
4123591
17920394
50696043
47476715
91123747
76031621
28229239
59345379
67465738
5142895
394307
81455724
76432713
16871195
13542711
53670489
46454326
82345683
5989090
74883490
65951314
96921975
77352603
61662468
99211662
97796959
32610560
74800284
46599818
24663194
51132860
36855469
27280243
70166522
3326209
1387985
35584348
23429240
590972
9744145
25686912
61461557
44682843
7634551
21488235
65705039
9795023
53413091
53345522
61535791
89937962
64634022
49430616
67622859
11971503
95435994
84433074
66514964
6579067
2859638
7645289
96878263
24511421
36180358
95922217
19162656
17122547
55861835
9971920
98906051
76006988
14315322
30389329
58834589
87799925
86492905
97184414
64667744
45563385
28993822
41848277
92822844
25124306
40286337
52390052
29970709
91768022
84972421
50118624
40591461
99150360
6187850
17159994
50863792
63897788
3629843
26412534
42522963
40990611
43122861
29656921
6744726
55200232
38823486
49343244
58413119
7286630
54147527
22204533
53827593
37648521
48444829
17860456
67119160
18937257
50757275
39694604
12934064
93684412
13492324
49965608
60033759
15848890
74453645
39755676
66795599
46566737
112223
19081391
79990419
3523429
93325869
96026868
73989842
49377583
92018420
34991009
1564615
5409729
94994922
27381742
61415295
73266635
2289197
57308747
25014175
56011604
56834623
3575564
98243181
60918899
29547170
80685717
71473150
90464835
49248081
22267626
18331203
40405127
22987783
39974781
52515654
32676225
45210274
54777333
57078583
5445280
13949226
33704866
31695998
38307422
8297357
37152378
83644236
24276853
66460614
56552413
923512
23983659
37850047
90403294
1238431
95544036
1501498
38374522
80466861
50778943
10855957
64165147
68267511
64990330
57450350
83000593
71870786
92054902
4034319
26391923
79576883
25852534
33785154
77916460
64162482
6929805
57002874
17975209
47979049
86228600
20811912
22315068
81809516
28838500
76163070
20795483
26048545
59260621
29590749
36792227
97343537
21613143
93026487
29540081
85779507
89799742
63115945
35324836
38756751
35950365
15592492
52504367
52144764
82245627
5853131
23427992
53348747
56262769
80325020
69068552
55218768
70654212
18548855
97322655
70346536
82006268
94880997
30095316
68466551
79713807
3326585
83879531
25255083
49704903
41321464
70906702
94206350
54922188
16915722
54898016
18332171
98040477
84794403
27269929
6947898
37670482
81897987
34508566
68278354
69579618
71323406
45036378
68978947
44573068
11064658
63042225
12795811
45497473
69936034
22796895
10427206
73483692
73801078
15995616
15630175
12903138
91047510
37364550
16141063
83557018
89454845
77025871
14495857
50391012
23130650
53221802
94618057
38510011
5591008
55163145
7903953
37766691
41926964
73810754
1054544
29656012
82534001
738908
92783068
90533573
5433599
7713859
83679
76216389
9631071
10396847
71772288
16917113
72492439
41553462
31779798
63827753
61769704
20340470
78582639
18070626
50251072
17065993
28097186
91306796
23281671
59803820
60152454
28148745
80713323
46624483
90762396
88465232
92688379
77349008
30395118
61164606
12828853
32961944
64585265
61676858
78907082
22861238
95446774
55512365
98005787
23461965
75690160
67841759
92666224
22241273
58160024
32426470
86855983
26223979
92288077
10952268
85672518
47390811
14628600
2284437
68410569
25957458
40429569
18180916
55771056
82318851
96731887
49667217
40598299
41060078
4092243
74990897
39621047
63383303
95378539
16206168
67778496
38813827
13457777
60875758
76004590
33048956
5341952
98210898
9964315
34813454
17184553
54118761
77719386
35782428
13317804
2363370
74061395
75573409
87047010
4015319
64309409
21615325
94155437
88639325
23306313
83771916
957290
84646692
6864383
98397184
70384186
57892545
55047772
86944506
5631115
33080727
92745327
4684807
81301340
99277739
38997980
95215283
17795941
84871809
28557797
32931661
58464993
9548094
45884725
56357122
64545883
54375041
89752080
85917218
519747
8054703
14199760
39681540
38814842
52145975
73727200
66139869
58414329
8219681
71757961
21009524
80361194
59012611
57752484
63057389
75373310
32445635
51061195
8112915
93065704
32952520
22544436
43459029
26347784
26489816
41406702
32062679
43956746
74206137
72154685
77499163
17926800
42684091
70704215
82297103
67825508
86950497
45990490
2288586
46683348
79910115
60280954
44620588
19686671
58253607
94711661
67648015
56146042
66274120
42241349
75126141
31303316
64822566
13019744
44461619
82607976
75633011
25367650
58537346
76403402
95356334
38694370
50350517
12677015
54051384
11213118
43126869
91243263
81654735
67352238
90081986
41813740
63625817
34715730
24793626
37268564
21032237
88332258
76550731
60946738
31608907
42387063
87035561
34121042
69893881
63985741
16916185
34630672
27822241
43928007
92819461
70144587
88866800
67418586
59178653
17572895
12873346
37869756
33239550
10952414
50620286
70124595
86995575
35935740
12810323
44024357
60383721
65326014
66344203
90484242
69334870
74164142
20314628
89076961
73733638
3683087
16340614
32827708
55497617
25344781
95209253
78837284
39973475
74005674
68136165
81880335
87212256
51387543
29741163
33213987
99194887
66885910
29082551
52185650
46558171
92121192
70580757
79210279
27558359
96834994
48957673
39763509
99421148
74988587
4844285
99787840
36651690
41741223
26069469
79225162
8790980
25103515
57773162
18687293
26010188
61633133
38757718
18506163
86898796
78231902
60264219
51544150
71870832
39487535
61494483
65952570
19574014
85375526
78104015
57793787
3805271
43253946
91862973
51890223
1426175
50724902
85777988
20702103
68414490
90806501
75255
35392375
28196863
20542592
3339032
22245713
45325926
39197421
65911392
14886218
29133215
34371400
70155900
30393740
16581580
95578485
51597614
74097049
10702416
24931304
82625961
85461658
21197726
3544279
11208029
45268473
15100509
9370101
22808074
13175981
29232295
29672136
464074
79501859
14199120
2693748
87847346
20703042
24670543
82350754
79809306
31201900
59596895
85454236
30837627
45649809
40514553
9883112
26646241
47986835
56293939
92217170
10786026
75018229
88253431
71907329
59053890
59650652
71383347
14643827
35571861
43497604
66747748
50158663
88525418
98950968
16537595
79806089
36331144
81790018
18889812
29722238
54265204
94294140
87559630
32044204
75483869
67527078
98972091
8616594
57934561
78461139
43237255
33315296
2704070
33038116
46985621
90544048
27614607
65478746
64907228
57206249
80602325
61939249
31844605
11738670
19553967
16391568
85455787
38534849
85095353
60143657
81723757
5133210
84306389
41470101
53629081
60494213
21229331
48196475
82965685
40168656
95184548
35445491
24256338
72935384
27364555
57787933
55757731
68441562
60810502
75654680
49342503
56771064
39329397
22128838
86413774
57283008
89195414
7842967
62204176
52713979
65005453
26331268
54340933
19326064
51708811
66194993
52361072
55597443
3960399
96417642
34248439
97203723
47485810
61146858
64485853
74560099
97526305
99633627
86850160
40940583
86760714
68136176
462686
10544079
41306005
51540859
58332198
38021951
87217042
62798618
23172124
87665396
80499537
11274234
89299520
95915157
89989767
32457460
49487147
24702459
94469238
58346809
37181512
36463038
87881837
25380398
83386972
86133650
12118479
60083004
73053720
84310084
92978840
39786621
28694605
54867447
3540733
51697729
19343069
88177344
65728358
98452410
47816638
74144368
80233851
25645247
46391439
24111517
55312744
1384196
51172012
97558912
88878745
68304586
6477577
52527116
66573873
6738592
61251784
14981667
93275587
34938279
87661044
9984284
91148184
36247488
69201905
67804770
72459042
51794670
92844682
98860767
86063068
24773954
30305581
43387163
95772670
37986074
89170477
76178349
20447895
48125834
19172988
92703339
63221109
20913002
20171945
96787406
30675981
39507288
16043395
77674954
9253521
51416268
85027428
31280829
9261829
13687474
80302444
51052427
11568627
9440676
14483361
16989407
21665365
86109355
16978198
15521363
61836815
32260062
44044698
75398644
58867597
29943499
41384513
82228146
10635818
91883787
49088584
74044337
35215003
93487228
80501437
84242005
373554
89799977
80338189
28628589
80459125
85675635
33548183
52268900
45814834
5032536
5510737
46674958
94006084
32492867
7161110
83730129
99627581
17741842
76132477
5899137
11071743
15370288
10801116
88265358
42288411
55738957
52342799
33878675
60553690
96843702
61238033
18208370
59083057
56899996
41910460
31684004
83681567
2783372
36590937
82852175
99396775
16707305
42102348
63552354
37295116
80511662
68723359
95297587
95877217
38606585
54605993
44205457
85271586
71684172
90243863
13550400
90103270
81444402
68514743
95038679
56120952
63209616
63932826
41103730
7494696
56792256
49727897
42431463
47453237
58043539
97220600
80255216
20828317
30596860
1105166
71710188
38795572
82278888
58001177
29440265
23789937
42555172
48368417
93966506
74838596
29350419
73029513
64859491
20635262
42068135
64709175
90935433
4721209
33428875
76516317
11116866
30688343
29170658
95978457
5148776
19906378
21873207
32885741
87592657
6922787
45925353
45132727
50317194
87822892
53579217
71447377
47712959
33347157
50477114
73515790
43394678
80637602
30249729
54552038
24626519
38143206
69785797
12356522
51176312
39042434
30582137
24779649
82632466
51007598
24886353
87024258
49691219
97652461
92683205
72500875
32188818
38966100
68893136
75688843
38464183
1488580
19076148
38922581
56759045
6883127
54675780
94986031
78717312
28517816
28533412
46743100
97478588
49311167
86816577
4812233
47985638
97710092
81487282
38671249
86860637
8582616
61156155
37363399
52437935
15505092
50620573
27159788
6487070
83022867
24352196
61844165
68599660
26899473
97973778
90703157
27584655
68394528
98423584
39528414
25644688
71314793
20863260
91078923
40883858
54272281
54849101
81017515
11787449
57966133
42811616
80570726
98721157
12700253
16530410
28276053
33647733
63927917
56540453
84606990
85540997
91121549
42188062
78718291
70503517
94748584
81245644
11932675
29064978
23402686
17173877
55911461
66311961
54984294
34391673
10328224
64081045
88115125
84479344
28020561
27872724
16662708
80304442
60881205
891595
72344741
24990657
705183
26413278
1404125
35929377
67126124
5248896
31181681
64400589
70221063
92597859
47968516
49134904
70600209
97226045
15321357
86656278
19994
45327563
52111335
94404327
8158486
35236203
3323489
92552728
97396195
67857188
26693791
38175211
85458924
42720064
87295087
1539389
41290703
31929837
92055009
77669782
8127769
5707467
9852670
62290762
87559522
853708
66873955
8751705
64211966
14152750
89115788
80979201
58777885
73923115
31657668
79439255
57438925
64960279
82400502
47929600
31286207
62984077
65123281
66784814
82803576
20062671
33508674
45796785
95694820
43746890
69559085
54477534
72880800
1732378
1510226
41727211
19878856
71319129
49378673
70011654
88480428
51223131
92182054
97640870
69062967
80948445
15167995
92129215
72299754
90381643
61832791
22385972
20099490
70453744
50769999
7002489
91498701
86332980
16304634
10442735
20457338
73301504
1647939
61180860
20158428
69955137
36685444
39819548
85092670
48040283
8879998
18215516
57685061
94817880
92301471
39577674
68940602
3762845
40168324
12516638
90463257
24351551
46395618
55182911
7615860
83678176
93977604
64539924
97586979
73027972
82076434
4218167
92373962
9171337
5704927
68989700
19537344
93611856
25372985
59782389
62116143
68686314
2711720
11421084
78883483
85844379
251629
45924542
38105716
15650360
44964237
40079726
72551263
94163076
61670722
81086934
72804900
13348803
31829510
30806688
93416597
43951426
337995
47616754
74075028
50141772
2516235
49100007
68794844
28543025
25224896
23479044
77304938
27389796
32812384
58332847
12029457
49249814
70618548
60724210
52993240
78424809
45930877
73450472
59440890
55773404
8326273
65202711
96849630
90523734
91021009
21872173
30673408
2205092
21756382
59094164
87080361
51951132
23526142
270425
63901979
98659325
24383473
94478176
83655874
96531152
81235818
81368055
81645007
34655088
57951197
21232086
95012387
34918337
20828698
50058065
6270323
96547869
67006034
66711951
32494187
93058479
40332637
50180644
61358228
96838296
81435366
85369076
95220687
17350321
88067510
64563446
6410977
79740147
82738872
82572562
93644739
59572976
84737478
5039693
21166909
37807161
74591452
24836203
34855153
86981326
19363933
44772561
52565255
78647501
50716397
29617686
41840453
14485869
9507588
62123251
43344242
77026147
79477331
77090695
22774241
78992022
65779945
44181302
30388323
93039874
52779986
63647762
59276700
5417757
47290921
97455842
20301331
96594517
91293419
7189699
7982114
58311162
2737713
74524377
80478503
83559712
65803796
10856444
25112672
71357467
38034049
12210579
17568093
92478131
83271926
53101094
32667314
87184868
90206775
40259960
5574070
1651307
1508517
45883524
24305641
62480252
58869466
12134706
74015126
52807294
11279489
43951646
86841102
37331591
89340558
72490303
17647763
5547581
69160354
75514992
8320369
34590908
27049573
34569407
69194692
45681136
12349007
8734213
97176028
32654754
79265265
92113632
38810487
60326167
84054579
2613496
89664079
51444989
78996630
44631150
32336431
78769720
90948158
38976707
58414190
69582587
96226462
68008487
33317065
34567689
59884366
68622614
30453030
62543792
52791878
75012025
1713284
14338278
46356639
51110472
31122572
6019152
77451283
2615574
51588101
45786864
72938325
43831418
89317225
76844540
85457415
27600517
40902494
79826129
92101598
9697032
4662041
6541939
60535248
77308584
407370
42151046
52415638
11764090
76383423
77627784
48711008
91536867
25194035
72028116
18379716
66797546
16902820
73999279
15121295
8960610
78566967
64348318
59351365
66075324
13903590
53615417
55907294
72906777
72533252
40236568
60792626
87927617
22966120
25406575
94963592
72386717
91187513
51415276
43535064
48689938
73030076
88129714
27055763
26139130
15492850
50131107
1148147
93024300
18070800
24721579
16390557
28356080
96976935
80406496
43718614
1965599
37607960
55208421
37627377
88796315
13497497
58970119
12835946
54711609
60620124
83238369
27440821
88924209
1792712
32665727
11453296
35280335
1584832
42245037
39793516
41519321
43045887
91787196
29253110
39687171
4978246
197673
45023148
21312400
60252560
7603427
21815067
17252793
18133653
31588920
81909600
19245689
54356438
97003061
79501623
46522451
80879367
19863819
21405505
53919811
9275549
43718122
49626060
16966931
43025300
8591306
43862445
56018112
89391490
35547809
67883806
35796949
50951099
72846794
39316485
37197530
53689963
34964786
33062562
72346862
51991083
19147203
25345203
6623626
11961747
13902272
33504620
64949336
37185137
53344220
69513283
1791150
53891188
11246665
84812173
42982987
96968062
14264213
7312235
12109111
2194139
64353695
34360985
55326708
69738198
29536497
45573183
58633092
15763048
34807287
6488466
70786949
44664225
57007701
95468454
26645852
3957010
75049049
92610369
97568309
5919939
73897146
43267477
15729245
26564694
16972766
58913538
41092358
27773680
28449466
88372562
35307835
45547035
31004320
73278017
12128831
30151961
24665442
6934542
65321325
26696124
38280958
42345171
19789144
77975231
92084479
1945189
71880755
84407258
31288392
64105798
71208550
92707898
45696166
13679949
67347538
73329811
30004368
71470785
2949600
70876107
4640987
9713722
33785176
4812553
69154784
56736652
94512349
21543265
54926757
92112757
72227814
30576728
42614636
81558684
39000710
1988379
48321875
60497467
15532238
83924934
22046740
65339668
64686550
43815678
257864
38393730
57861639
38021580
77200987
68129606
66121683
95474311
35160684
38509290
19042866
49780006
75568533
89173226
64413061
36233787
65185220
95144958
7729756
36313835
17146340
73618844
71764310
85505657
89276743
73128616
85734282
81476909
65236391
26935635
11896459
86786383
6354603
32775840
73901179
25387719
59232413
82027017
81514296
73524107
30316432
22076992
54817485
85603767
82726444
9004212
70589316
12166617
56513999
37284593
56188367
36740812
31356827
98293594
43577876
87856545
99598131
18722834
435574
53749985
92598782
31450146
55071199
85473156
62582389
71685104
89033492
1220669
77937210
48417859
91286038
49429969
93307824
97492257
88820627
91363884
82593152
52635455
49478680
35315739
18587874
29341043
33684142
45350144
35588389
92200857
59436972
17455865
40286604
83014546
57723681
72281113
99615848
31850837
53305472
69869128
97280002
31918122
95738299
90911444
31842347
74856164
56478298
18594241
62188220
32447624
80032944
59920470
8534936
20036833
76930033
15696797
40658801
48600607
99520005
86750878
4970401
13133201
58882672
78674488
63097009
37687473
75997758
72550559
25109017
96688465
52459227
55809384
81972403
81974517
96305607
31214496
15180699
9788520
97519241
55152581
40473564
26420045
27202944
79743274
74891512
44828373
59186126
69135374
9805286
504701
25814723
99289561
24700220
61540564
47490871
93518936
56117199
80834563
26709179
13358138
5597233
29088951
40263577
60607712
99051869
90384689
99307087
63020098
10448530
77347244
48705013
10799040
74216046
32785491
978219
29681250
8875138
72543382
82561321
58251445
41476976
6047958
83232625
99531914
31718815
89501502
54600282
42375950
32482427
14116268
58094565
69936370
60205068
70389327
50620172
98841278
56751811
58171869
38713117
55961346
64476482
14591006
31556564
51608477
61551772
40445512
42426527
47001663
93282116
86046724
575522
21539504
40551211
76521596
93457273
6916857
63578146
5796017
56730886
47999506
84752203
67866338
45313455
16669242
54680556
39067712
96877461
15905105
52935913
64584223
54104429
76217989
86315255
34030186
6316129
13793705
52541499
50543396
74686623
55328265
45800991
70427225
4374301
96484860
93947151
24144968
17055679
28851425
61552911
88850908
95750697
5115316
12622753
75945448
12775528
74230567
46789287
34495644
31909368
36346741
94692103
94855435
96323240
4803125
56856884
42917014
92375942
98162019
56090643
42127540
44219475
98239846
5122137
59557810
96509399
8308544
37515512
34783516
46407496
79463385
42215341
24183401
60121443
67778717
46890750
30314340
61716104
59052764
83006608
53965999
66685937
20703185
43553364
37507425
66364986
60442990
80828004
63718843
98792285
42836563
57659865
87141282
50222980
74570241
87940753
76054481
91543607
74666836
68131957
68792626
53399663
77638921
388404
27371591
63194119
49143141
32956337
88719483
81178772
13933667
49845636
10935089
1640721
48846888
16902857
23410773
51856462
58782689
44449835
97365965
15895074
81404060
7185402
60187109
28380838
4635285
76481263
29367758
17209420
90500490
19109759
72822815
93837232
41013146
50977754
30828617
10627141
73146003
23305832
16382820
12612036
28551421
97578626
22628948
29716427
84724357
3418679
69555445
11195142
80989093
91947678
8277520
94107370
45061018
34848159
73723806
14771804
88686414
55857907
93733776
64726253
88896946
18562051
10606701
32850110
10415280
32174841
11893200
1419400
88097253
75846298
2991136
77763047
1077836
31353392
64606362
41161510
46104684
75273307
59892594
86412911
5115551
71887380
90225579
17156607
62221278
64625346
69667742
50025197
61858458
25863315
77464900
85199322
30306739
79958733
20101766
27916074
31711149
98924764
88809432
77531040
85252750
63735698
96414037
64385063
60038205
72518797
33803017
70616577
11293049
39702314
50118323
15923928
32746114
44898097
69995358
23243803
8785699
31883168
37488086
61777418
78334057
11143408
58990413
28739681
88029113
33150159
40575598
76010602
70644378
32014333
4550112
66248338
8615061
15910181
64820542
14927400
35977987
64697632
18925885
8708977
65922620
73024597
57534890
75701129
63198834
54882311
27611773
26777609
32816576
16138134
47293652
56801736
29935405
35851500
13376374
58811340
79925549
76160056
56843690
62298213
1933939
13129865
43794418
89975908
38348169
23847590
37851567
69864091
38946001
95393139
4586605
41551972
80423926
52885709
79646581
2820763
89057574
31763522
953089
1359106
9023694
91338382
13457259
48942303
41928535
25616364
15099125
52694041
88965203
73895138
52070050
69422240
86924890
97477446
89151459
89377121
72804822
54082209
32693191
24309131
42526514
44871639
14978572
3020674
89873899
15072049
55970244
36519213
94999649
78955474
84609936
61583394
66293034
10003733
93990198
39813217
72668926
29795417
97557047
58482756
22353724
54293799
18006112
3767752
10319922
45698607
71781228
32002005
98903217
93651915
93693585
59735480
8086333
45407810
91278679
36135432
77599994
80865520
15088366
88578301
49320811
21295408
93698980
70409973
13213024
69743545
58794035
79657804
6916420
13133660
1395038
88666934
69374507
93236550
28544763
25624274
17452261
29497231
82894277
10313674
8619343
40484278
93107628
34576720
68072344
33135112
63948581
81533989
19806280
85068992
25974035
11012836
18199945
15499516
94755909
38967760
82109041
29508148
74128499
56103412
63191964
62289853
84132644
84588171
88084116
31055552
72001068
2710381
61678381
88125454
28841115
9999484
54770986
77154391
75924589
91911575
48627102
87516020
69381493
97518929
75037297
71580683
97144584
96351453
71973575
65463557
43127480
96517825
99855583
60694357
16277805
39966846
49186610
45609766
20082388
8413494
74752756
74852529
73159596
59417028
12017769
2373074
15119467
69965680
53040296
38766055
92730476
42055902
79197498
87616681
16410817
61413523
77724230
44636114
30652620
84032387
83041233
87624788
12664419
31093769
99481498
66275262
6944657
66846677
72544186
23022456
23071817
74188396
31171082
80779912
56967685
31112382
77914764
77778093
91770329
42167316
96188419
8175114
87501019
56909401
45924955
60416410
54626317
67911424
21824034
99820073
33184886
13961237
97776737
85448047
35363407
96417819
48637748
57130097
85345397
64957733
58848196
80471114
59056759
62707112
95031464
14509583
45232878
34247095
83714138
83839227
94102735
76600253
28602157
35700076
51300643
67702613
62002101
66370205
96158504
63825022
26331165
31604614
163852
68955081
70091493
23618266
11062333
80255668
8324452
47553862
68224671
55067752
842888
42698315
42040773
84662273
29425600
96042614
8080254
27614324
65496814
72558327
141610
90527296
39663646
44827151
87850044
27386474
35998742
38844291
91279470
79702780
36668591
88656246
30667551
88389510
29352748
32314957
2364609
84466217
79769594
68068184
57173591
65736247
35748477
40736011
54834301
11774907
90389874
53194300
19510932
26103549
67105660
33087297
91360688
23726117
92075129
90707488
95340988
67736626
29113004
89826073
80460190
33725014
12440809
95798609
3991106
86845841
57075655
44367143
58084636
49261332
6121908
45573298
73979461
76937990
42174849
28660136
55759826
81462947
98648526
53687685
10546810
83378770
97052469
9707048
79968243
5926971
40023802
55030287
95838150
83419580
69423605
87224046
77030421
68174325
86063575
93839075
15667824
75060418
21372653
52502383
73636164
44106595
70524744
79462432
54680724
48155291
94710543
56741544
55998363
73841603
43988992
640774
75470714
52492453
6928471
82459488
9900055
26955498
56786031
48567223
36087262
38637938
11688608
65256849
73074516
32339722
70719439
10679674
65712601
36262899
7263038
72865513
67243149
21129915
16243544
93597101
11552924
35620957
83083780
67394868
32873852
22817380
16712090
57436743
81103829
26794387
97089996
47923379
42727374
47261199
12968213
77615244
2197092
84195073
33785461
16087498
19122025
60965034
979810
40787009
47980734
15054789
25368071
810824
6017755
59063294
3157451
18743403
63447153
76042558
20878213
88723124
57843219
56790007
75289369
37955103
87476821
29001451
25291449
17615021
7658514
97889878
48528640
41714393
83165542
50911333
37027347
78912729
43868995
8024328
5072476
50826130
11359427
5692793
41832455
38384774
11720329
73520936
99489543
86239881
37494610
56101398
65683627
54648474
5667497
81634983
78249231
38331104
21745235
43546262
15448517
4307063
11634236
91968578
60186907
93238123
30718491
56274782
63890332
5671651
61169633
42897537
29106457
36501716
20447882
13976206
67631478
7002830
74268543
11001320
90965328
48259941
25452618
38885881
45405121
82689511
98658952
47350655
61979356
27082419
64405490
98445960
94608652
376476
56624888
16369425
24116791
96067408
13472458
69318877
30233176
37642295
70944349
9342587
2486663
52889980
31098891
81500276
17313196
87357243
8155724
65250330
59216510
28809692
80246488
470805
98909009
73294828
10731766
81583418
32573788
17517533
13196369
56979738
17814870
43015431
67034216
98040160
59070315
53144735
40091728
36713347
62631654
44208438
7131246
11575417
95233686
19228817
24762999
23071076
6015981
54578279
74682948
12517938
7980367
73125254
9426740
34414205
83870334
1720755
92324809
1607514
78292789
43794322
68984746
43393653
79574659
1647531
93844092
72199878
76527049
92366532
62377416
63767287
75061912
75210381
71707547
20367656
56551666
26635019
49622729
53599113
10015326
49484472
31455166
52583716
26333686
72624140
7234492
6840814
4838909
15934697
38200945
34500174
69700540
19586049
25218089
96904681
74369512
18134445
42899944
91333933
62534926
34877425
46929924
42324556
418054
29306723
34010567
35114483
57841939
35396998
57054713
8485811
88815340
23314737
44515834
9373443
39634072
45749026
98067549
98216612
22983116
51066356
75321912
57654734
19889667
13393104
21192309
74875922
39670146
3408802
99550483
98088912
22010932
60693208
10189757
38833791
58620179
2335711
55469827
47675379
8089126
62772715
57486972
37255986
84289503
60567743
78519213
95858903
54090859
35012845
568772
28505322
70801800
39311582
9782871
96276039
63530933
97958519
27200483
67759257
49547587
79814240
89770143
85457376
27137577
73611159
29618474
30950989
52602409
84471290
24704263
48965284
23893463
84402117
32902233
32860179
29580582
89118680
20011576
41554966
44459958
5482253
60674529
25928689
41349970
45134773
79700201
76513480
41414791
20837734
2906925
12489634
49993858
72672101
87016907
67430375
66312571
53487238
70692294
79096625
88470300
17074460
65952944
87631110
20865470
66781101
53673110
51034861
93778655
66333568
83035144
80616586
71650658
49260069
64698601
78394320
15423931
61341275
33174878
13329560
68827995
47429923
76817513
42278783
90932788
92064791
19495488
23975853
55851781
54679983
54514637
70918428
86837266
5942860
30866663
93550423
21497371
78161341
43736365
13309019
2005692
38914612
4826636
14869974
97586945
30275879
36285338
47039060
63910905
17136403
42980032
23443200
90465308
8669068
29135050
43606198
45133076
29870344
40063500
4588681
93096867
57141100
53866960
4800506
14206056
6152018
67752151
46324945
63886833
31988557
23004081
7940361
63995473
85941497
42473370
43160773
18321920
96632325
13194499
64159509
56937784
40936636
29874429
22949317
3871037
90361213
21948430
44665869
78010414
39289968
18884412
71708129
97430958
5682242
18561929
37398833
19731228
40812769
54165255
52294026
27643187
31623457
56694560
85083150
28410481
73218781
20677588
50138214
3942266
20893055
42001477
70822597
84344327
34481146
52350075
94660938
3222564
23644689
53636873
85126546
76708937
34079395
96716331
90659538
92913280
7949956
38449443
12499569
7696798
24301114
74123659
16839546
70366041
29440470
67378372
50909949
96794397
29974807
43234553
84455669
34338591
75833258
62835109
49815255
783976
13940838
11607454
50881820
51358742
68323833
89823978
29277545
43062803
45522287
16790222
81725277
52917989
18733003
95729099
2835940
20201878
65250180
146864
79879999
56772
68548444
76481783
62797976
38761563
7849561
48520558
93819136
59584378
65181367
52827301
12962846
32813112
89916116
64241048
15056134
19449021
65230084
8348243
68008695
65370700
1039983
29694211
94728893
56421123
84291952
89858731
65328922
53535897
62115468
82399289
46407902
60588330
22818318
78044895
20641467
27131907
30328542
992614
85494061
49468409
38942408
43923332
71819593
16264621
20334978
74156493
30319924
13383592
58703234
1886997
84096707
6993203
75630327
48810673
1959325
34203255
63162050
98244211
32877949
997693
17679259
13656845
45388486
47042716
32587880
32994120
59162071
44962047
17170692
68824192
79567891
87230849
12605698
10846538
95393798
9724684
17004945
20607896
64633831
32353000
18338185
90269898
69711962
12851634
52290955
36329673
42222538
77086685
79607688
13135380
57785747
99682403
65922266
20445898
71914034
45106562
42647951
39170424
54264627
23462903
46201837
83598985
24193978
68984049
71293411
86805541
78964515
23848938
3681885
1471852
37133076
22327451
27679012
12110299
16261352
16435404
32840299
21713920
34087668
8409874
64152941
48231956
84973428
75505651
19619934
82824577
66311895
69082548
3506753
76405086
59022908
59833316
27879467
58569514
39614524
26792766
80693738
78764149
24451423
7221174
56600583
30027104
39564055
52655649
43270414
23893974
71657642
63713066
20766376
67681210
17724218
5866270
99755592
66413594
91677464
15765901
10792855
39465918
18400583
13919547
25492782
28610231
40415423
59675741
52448905
20587208
30913947
73793856
49280503
54699237
4062409
75557186
401786
38751102
11094370
8157363
49783516
19385662
71766322
72562938
90864672
28833690
59021621
5619160
27567786
16567066
64955383
38806486
7298149
73257908
50530074
3973650
83966263
11153732
17115505
8459922
15847520
47604637
44594672
35321490
28140994
60216122
48344791
71391415
54026675
54656101
5554899
75458076
69431031
79716406
968158
92490482
46914221
37661709
29815995
40837949
29337116
39034116
19786980
7075248
30193602
82940582
61766126
6992032
94329605
9709630
54281082
51626355
63750032
10508672
30699180
30485965
4267420
71543390
36546688
89788156
13934056
62422931
7140724
58941282
2061870
48504824
62972134
205323
94058262
62317227
49027796
47778714
127055
27421519
45645481
61298346
5675101
72016780
77616968
53827659
71668284
33804543
89528722
14694363
67426303
80110441
57343523
30365229
44541354
43300059
11252277
24136989
24434853
64457620
71977866
15995700
83737233
42610718
21569164
7220256
2304867
59065430
61317315
35973419
30935754
88710574
29151134
54342270
75815511
73831732
64592313
82551692
75734355
64012165
38646086
50109392
32521207
55974806
36475928
34470215
2940568
68620943
29922887
80394075
68083781
44590882
1412260
84165702
51453971
75028499
69606466
75313940
7855095
78692097
5823781
91012290
16350397
93766644
8521585
29800591
54004120
56295595
17912009
46294390
90330927
49834199
41076009
84619427
57455378
92809885
7387474
3834249
51420861
66427706
42698680
797593
57832024
67373466
11337083
63884596
31796317
27277368
82653518
87814372
94752933
10204471
72610514
69299310
13654347
51717652
72020906
81262610
22862290
47281896
86540775
98046343
3503992
55197855
34426136
29879450
35512788
64916792
80858253
16732023
93727421
84519559
33044523
38707709
16258724
94592136
42744754
30327012
67549245
16789730
32857727
28746134
52364090
62765085
4003749
32916204
52093921
7780035
30156638
42833356
16077093
61763413
73904477
18191607
23902442
58741849
92755344
92175767
95754008
94606759
70036320
3856799
90436982
81662946
384573
2001495
13040538
76101028
69647007
23923519
29593025
95793739
93936422
60067686
892932
29147411
5843074
34059800
10057904
94234572
3744537
84593018
56815860
4702125
69420982
87009122
71139930
1715790
7884076
11006320
75053983
40355675
15036234
92890310
24925937
84556827
11027095
78621404
62895205
27452278
3136792
65689148
65294833
64255077
88244888
81243334
97858460
58606825
36083862
18103321
9995220
69402644
7542067
59682183
17891862
33088513
88811090
77375729
23882700
13449500
87173360
52526266
896378
44119965
37862276
55928107
137647
72460372
22832558
70379698
14034198
82322508
61587969
42312490
50925046
88184019
69506798
79276769
14597303
52008712
14710005
88471054
22282203
13524623
86074697
96382568
45206786
88202720
45343501
44270764
66248623
83574912
68355305
88356445
48482441
11397949
24452372
29112275
80587437
54535923
24353511
94803428
15860125
25002683
64185176
15087192
79910468
58499418
51532745
42176658
7598977
91126055
19290885
56954112
6399923
36310645
22083762
49818773
71672425
26047450
16492710
51463901
4274810
11276755
29996608
26328781
10343691
75482885
69807734
73767208
41120756
4774858
33552456
43441826
33265020
84046692
80143895
53376789
57511511
29668971
50719872
34010889
41330366
58621127
60673429
54558946
53111051
90537099
15561874
64877169
1077180
73434195
3275569
43910538
20617785
39281263
18195133
52780561
85940900
36890560
51575616
55685893
97902128
13600296
34323286
52626228
38332442
89051124
68007716
30115295
53982893
30592918
37463763
37612756
66876438
10264829
57098011
53548975
54433550
38076641
69949659
45172723
25064143
20803985
31865562
13502927
76368964
24914487
14620780
92172099
34722075
43547338
90363832
24046995
25979739
14459548
11419851
14845525
20122262
66796195
76252095
40672684
60757898
73126313
46068705
11738484
85702426
69546414
93300801
94076059
46340429
1996012
34115524
92456771
54620480
74986736
22475524
2831285
44636266
50276566
17251343
17540533
57893576
19809215
7981567
80917144
52581416
99566723
67063259
4713119
46211904
76712115
95945200
72367828
20839831
91080615
6529289
35936843
32779568
71750894
49051766
2582145
32490311
74460251
41334048
23200865
56539329
21071117
11253574
99411497
84774819
61277955
46319300
82538509
46574218
80157838
3233183
51388745
70387000
53134548
34842903
96931676
70196285
72859833
23183363
20744172
31802359
86091743
66070137
80042799
10195090
22112822
21360222
17489949
47198099
35692457
85213356
55673107
28728986
418986
15645625
67502119
22849822
91457823
8515952
81152241
74643319
3647852
58772766
33904829
32853769
87749157
20514124
80834087
39572190
43737020
91093697
30736730
11755742
62916549
48743300
28038684
94952932
89916894
57041006
59329938
69890682
73468323
41752083
37755946
75452667
99064170
14572463
14781591
91174195
44020091
99305526
97919791
87403930
6514241
4195113
19468108
98377430
9727414
82578064
13847578
42268650
30398084
25537424
62724299
62246018
47624477
6938165
27198709
48578355
59910692
78074769
12550028
98062638
74964472
97432176
29545021
53094233
58451092
70877678
2169474
73420345
15628788
51722765
67014739
23827910
41440740
47743850
40121924
85753666
98651456
65754460
49690470
37163168
40597520
63152405
23291422
76893886
51425120
95754096
832205
10733791
152279
15357086
31053762
66000630
94359571
48177010
48405910
39809421
77645300
89133769
77068242
84516803
95769879
75633198
31031520
76250059
7431229
65799281
80923121
7418562
35055585
525401
26219836
63281657
15203524
72577351
36247540
5918961
33585110
41969606
88262423
22277896
70527087
58973724
84175633
64951343
66290216
16439664
4414405
58287616
25123705
11100196
12779416
73140195
22359020
22488498
65311564
91155913
57490192
92530253
16960743
67291862
62604513
78505140
8064367
57779694
72623961
60385743
68701800
9144428
27815689
54943817
63961648
53697777
74903790
78169009
13816418
43407523
88198748
94521854
84656330
16993438
44013239
84285669
84571470
48408016
53373967
28961232
53415253
94943801
77352153
8174181
45042105
19469434
72853099
26678637
53784778
53242242
97370827
61048014
6557596
69087108
80885143
60023905
78611763
67288423
24579663
67996648
90747571
16539741
29898148
58619145
16730402
93049467
3391021
51640692
50620120
60692359
81832403
6939882
13077307
99163369
4774955
70741689
22428578
20222797
25783177
44141623
6848518
14258447
80372864
91114720
85774897
95791366
46222511
29385263
76608514
55354508
61961747
87423699
29378350
40197906
50708065
60531297
38995959
73679439
12900039
81257535
27766582
77362987
96490493
40928154
43524272
38664805
9464711
27183753
9399646
32170029
42517152
77336092
83791828
4772105
77915808
31237390
96159988
97457263
72363179
66811301
2260424
73578340
26502390
32397835
34990400
25817827
42342153
14280206
86798769
93772744
73053920
95363614
96928137
26470776
84772984
8549710
49567589
22833478
4108392
70280069
60491407
20530211
99640559
1080046
71459415
2610539
59281635
61614851
58528096
28168941
16937935
34451155
17030114
61525253
94199307
27989732
30062254
86341858
61647697
19810856
32597656
96194825
50764004
88430904
46740695
97835280
76143479
56091889
84034946
12794334
54911711
33317750
26710562
91796313
36754359
54486527
96216821
89528907
8698232
86761340
33122444
58621958
9688303
24234228
14222919
11807441
15716986
15801301
68592921
15871250
93072055
79394790
42408859
85261202
24704421
91911816
78594257
90681726
96097730
97746956
13986364
11606436
81777733
81909865
90849121
81194863
57731412
66201849
10332796
11612054
89319322
54009932
13116398
95218811
73720437
31548551
15327982
93991564
89015950
86443183
54954724
1031870
61750966
35526407
22620343
37548294
28806807
16788760
75097749
80365633
84896774
77868018
33904081
48913325
19043629
30668283
20044862
78833594
25923934
4948208
27877666
40234085
38505140
26843668
1043623
85004470
43211227
60281308
8980471
17836102
86879876
66188233
20052629
73936832
67262031
13145761
4947397
73063194
30888774
58101752
83734085
3388676
84536026
63472589
57047267
24931146
89897562
39366155
91679079
14723502
45738389
1015852
37432068
77594231
38349312
78056830
17703486
44477457
65239547
99907672
3550237
89172259
5197870
30028258
69407212
33788838
50725256
15452452
25926518
73613747
90510659
31976896
98300544
71166632
45309932
41470477
46064832
75144118
18332307
94057809
58395595
73626340
12378178
63294488
86380646
79676124
16627201
83263464
28622076
2608737
98480826
92653392
26128052
22170096
53654726
49649494
68302034
59312639
61287804
11633758
77858466
42950347
91225884
9848254
59589663
144112
91802564
88950894
17208909
60150472
50329996
95604272
31882996
58881325
76210544
47978955
8993183
8549147
91128971
10956941
58877694
35154523
56897744
23170903
73871846
14198270
43229118
8861634
80397529
61950826
11123493
65698889
12118877
85448152
34154969
10476557
15213277
62727734
17974978
63969604
45064781
50983260
35303967
43578301
21767267
89939720
47090706
83311202
19786856
45010912
61915017
83392551
40145649
80129838
67961605
67151139
11661050
58212441
73451362
82972431
11880197
96247308
33480698
51974045
33033910
84602019
23360286
96023811
22491435
60802598
58940715
58131993
40786921
82884900
10001586
36270027
68160367
44330230
1438343
93407550
95968081
62712696
41912070
33703649
79969941
11557693
10938800
20361659
4365418
56544124
29490792
78011991
3685117
49153536
24827382
65742833
88326706
25701555
17333178
52676357
41600467
95615892
52829575
45818063
53652623
99291235
65979934
2247518
69557497
32302387
95373992
8018537
65947188
71827919
65836081
95551827
2587911
79035124
2694931
52681645
75131526
4717131
55228632
78363693
1186012
62265612
44105422
43026496
84788260
22452021
56973580
9754232
98280545
25992862
98077398
24021899
43970576
85772480
97423190
34463830
89275979
52653631
15044424
70944736
80950857
28799406
27423593
79908180
57515648
12018939
57878370
9079834
84027
86826943
32197334
20386434
71256604
41942193
36063534
89522355
73688306
49299418
33337079
78639986
44977438
53419178
91254521
53602020
12967768
43606311
28995432
99032226
79023294
14222801
36518811
6714
539378
67226191
93832369
92008713
85722682
29383788
59151650
72839119
49616050
98338013
87331296
81817732
74453541
52181640
27242847
70729257
33813362
1454627
51384614
11159380
10219708
24350397
74190896
67638179
55927277
18805537
9309386
94133804
9021502
8425498
49906439
43859539
98371354
96136937
98796134
77615409
66531665
98222772
86760140
78589594
55329014
46814460
28878986
24579725
84744532
78239287
55447512
87380613
43943463
58742620
53247824
64555482
50010158
63581258
35663488
21170047
58948973
25560339
48949492
86960963
33114895
73364549
89146638
34378876
66178655
33454450
71418853
36624121
23428680
57100042
82299460
36249833
73770092
58063499
63302703
8752828
77424737
65525598
73374051
83637262
70247888
65106063
98211573
82428553
57968612
41198690
12556266
36152137
68734366
74651646
21554524
46240361
18291838
23096785
6961102
42268265
98940849
25223987
61476391
48933143
56757588
82221006
43341537
33241397
58724044
11525777
17885832
22562033
20562619
37420935
82613977
95284966
79595989
27150468
24448444
39016364
14846777
71834383
81531284
21125612
22245290
43324942
73926890
23101417
21941931
49184920
30392100
36725004
78470409
16488612
57104121
28035118
29599041
41524340
89710404
87994787
7509843
58486600
54242785
4925785
46383644
43452222
98382419
92936044
93890468
63962262
56815960
9570473
77074821
5691900
19555541
71404543
53854160
92746038
80144565
27521184
20489402
4766841
9555637
94017208
52819399
30244856
33085151
6598680
53575454
53954088
41048470
26250902
50133425
96414067
33988770
6816681
17249978
73482606
27875398
12063589
56811058
57288797
49883826
66013198
86530389
64332636
89197444
43646240
60214914
53408466
15368188
31785098
90896730
64101669
79195020
47898305
75781449
85698570
88420478
88091479
94109625
17085387
64156372
94879677
24165263
76760580
16763345
87932801
74263348
53987629
66377834
94029317
19163934
88399227
73911770
73601073
37521460
54341614
5454799
53737921
99138245
25816351
43300482
78780538
10873260
53545406
95320137
32124097
19025628
17199899
38368557
25505374
5189002
37978120
33178664
74867849
58851358
87747288
48194604
32944109
29597046
48828993
64287544
79900817
18347586
76573408
29426284
83442007
28945940
60374289
58671613
65350244
61436010
85396706
51818579
69575808
97613107
59252021
82093486
37372855
52363567
47662271
88295556
65042142
19965097
11579863
53982695
95561656
74765334
75124311
1526388
91945609
38754558
19794828
49573866
5304842
70411233
28003449
62889122
10040747
72862448
31658304
72435712
58841140
1460580
54148091
72263729
38972727
18598548
88756453
52135125
24698507
57364079
3842951
21026156
46301470
48337434
53979313
69703722
35792579
54811041
63939806
94499435
24618876
20178053
79667816
59430170
85174630
37422941
49943524
31025334
78696860
15039486
71168548
25174216
61205655
55133910
34450367
74609063
96640759
18332112
94934109
88958210
9198482
48207603
4214396
87259364
46653622
62760350
52792743
83914161
88403672
11146233
55639000
61486462
33717961
96794533
17289888
67469396
70713844
8289412
88697911
93814436
3248393
13393144
55714771
95185116
85722113
47367609
67913461
7511856
17581606
97717555
62845582
36441199
42591558
93354668
8598450
43072193
15572304
98862868
85932730
79330489
59686881
40241476
89463218
3237229
10332395
2883344
51287623
99928902
94767032
26273445
43717888
43729062
29303259
2911154
52531876
70857067
5906746
80277320
44183829
36445054
17964994
31507203
97131193
18582645
54033645
23717857
91748409
65325996
12128131
80740602
48485441
57769987
87250087
92999659
35806307
45726853
78682654
87747581
77552682
15761452
24735147
78158289
64364860
4678906
95392304
43891592
33852616
90348129
57730380
67364178
42195599
94942393
69729825
57267158
90015445
22364670
61901770
9547571
19853916
80800857
41865849
68952481
44219750
34716270
92454829
54793193
94288624
55908186
64513990
76836610
72865911
18430695
77678097
21718416
42785211
19663803
74797407
69995149
42904341
60935269
69282857
3449927
64728268
48934812
64735713
28189887
18399193
30688953
47576872
75008274
70949347
1454773
38665438
40043241
13933689
45847177
42292141
17106957
42303881
97186483
95467464
56046234
9240426
85895368
93610417
9159389
87605924
32594242
35721017
71838297
19162983
73869484
31865295
18830858
69260075
29900666
87478574
81872039
25498878
48632911
65756060
79047064
2066254
75332347
24953980
33248564
36291097
17197582
17419870
91622170
62106515
8511708
13267166
22434634
12601617
91517125
45973531
81920999
64753562
68049312
83004084
62710812
12091251
51357508
24135231
86463399
52963285
79099154
10948764
93686987
97974733
71966373
25521332
66255294
69155196
65335612
80302815
58191569
19850362
79357288
80586774
63699710
84762400
27851824
92818932
10796673
61875321
38874481
76506540
90621856
23549652
37855156
70352011
13154411
1292653
24343019
51917238
33719438
60573180
44989737
31830762
30214010
11266251
81421146
868785
93766867
58415530
79795547
21396355
54482794
75854156
28989398
15360214
49401172
49927451
93893012
68834739
13990288
29704924
69764911
9020809
26412753
92796742
26180421
30936247
70236932
15043347
68210027
79294183
52981625
33289763
4102871
74600823
62413863
74289572
27397994
25277711
73659709
47861070
46726425
36938885
6907825
56266957
53640823
41444207
48629030
59123849
63545764
79866508
80778607
97178632
71774097
11003545
84912285
22006432
19018024
28118992
67649917
71198057
10164988
33483914
78307604
62951897
11727731
7448131
58668705
10400309
46787947
40690815
73243534
64826416
2820361
96483513
66301830
92930775
20639610
3932056
50481394
47281564
26894034
13307881
46293217
82508282
72923417
5855969
19543331
22048460
22371977
50446441
1121703
6914051
60703423
34722236
84952208
41260115
28810664
13209862
89771910
63005559
87700225
65540153
45426515
7772122
16496503
94875506
88971533
8502758
76540399
69571590
22198477
67593817
89410569
84108958
17526464
90472182
51335278
95641953
54228897
25836097
18227060
87035855
15082166
46272884
78992378
26963026
93678168
43151127
75626919
60910537
16727505
17451956
74259586
10443001
4808978
66698787
12910582
55310043
84927709
62889969
58028908
87765971
89062118
23572134
4577705
73926319
46429347
806958
60749995
63943606
73762627
39678937
6522612
62334690
60236069
93579518
65857873
31277539
58891555
44870313
79303416
3868931
49591803
36036722
935907
57923010
56232404
72278872
15249764
33458103
56932974
12975371
57506474
60348607
83315001
60349172
45289976
57751008
49590129
4775858
10535798
94890762
24296227
70609270
50727102
46757233
97515710
59117771
64985576
19450139
39290670
65731025
36882800
9600966
41745866
48625270
88728849
91279016
36656835
44956595
93514373
87679039
99291325
74202793
98093202
75145365
22129346
17425837
83850144
18617233
71817935
16861609
43085524
3749186
49803756
10905389
43149476
79790236
47882079
92450786
73827358
87856470
15546974
51506725
23896364
55302278
62790267
2022514
80789031
60845164
20124836
90090297
62316625
58422308
91330815
70993449
63724769
20179612
55355562
62278730
53042672
45624041
45466648
69646434
66466246
98265544
22401166
25345780
13811641
3720277
10625393
26537575
55244170
41304143
97350851
81064357
43454472
18780817
47967227
98890244
28877708
99208827
49900922
76711193
30225255
93429451
41185775
83157701
89158206
28890413
557772
36445565
72764922
65400507
82966232
31837911
1733345
35916355
55000074
92722334
26518964
80070659
90777548
2594042
54718979
35722528
9137831
80196573
31931091
80421929
55941696
31275407
85475244
63453156
52294464
49449232
94623465
14087703
5779456
9995376
6654273
94767931
37525867
40941631
77337963
44903667
42303890
59740110
48570001
57539749
31014807
15567213
71025891
69572016
79003541
18269524
60529185
94114575
37343583
30086789
74819136
72062673
1227292
17798697
52953935
67502680
33673245
35880421
10503701
43202125
24665143
68978053
53618067
51224715
67073065
93107129
70993896
45677001
24532101
4451973
32905230
22312265
50583174
73451782
73035186
63834992
45625718
27093694
58783587
82251212
48122035
89583662
14199208
82440586
99300816
72310591
63376784
50956806
54757401
13570149
4915911
38062078
97555836
89221115
38309598
45149852
49116865
57761286
76367957
94887473
58003417
1250544
78438697
27590839
59362048
11069904
67522665
27711788
10515490
68671522
89121686
71954093
73054357
93264913
63874174
93631051
65530932
78102091
83624581
12478574
7235471
51769730
89199514
9154015
61443637
43031107
81247587
77697163
30889380
41270909
84735329
8006173
56364361
32955887
20981456
88263489
28172122
5020594
58243688
41000537
40449658
46596320
85966543
54483184
22878262
14186737
65025120
53520730
55327416
85391386
64979428
32981399
69635115
27723183
89730212
14703830
53794762
92500935
58626115
16310640
20210992
52741414
10972292
7366135
3913542
30883752
11913101
35435
15683761
20509352
3274120
76682323
84976236
16552289
24938940
23857022
84217054
46753168
24925060
96340428
76212026
16646941
57369857
22283991
16986867
31274072
44770344
59622456
53222894
69738559
33681456
38695505
3644216
6620887
62107510
54477940
78811136
26304794
35850457
27499309
67676274
78838516
94728083
98275964
49920276
68505945
16996663
90358124
95842842
31984434
27196597
12326238
95466036
56237694
29136488
34711131
19059596
2296981
53543084
57708728
98919517
28784460
11546718
18745742
1748369
90968365
28886985
49817493
94243178
88850908
69023847
42725531
88134434
55821549
42573470
44467601
1195843
93015187
35423693
26364148
4613865
14224416
85970159
72642600
98972590
47672306
82378124
36049964
63313056
48080312
17260980
17369905
2404890
7348157
41450420
58107631
24030844
32453896
44143891
95597649
45644615
55178506
48022217
50336037
90556398
39198619
11377922
3745803
39305874
21228833
64166479
75167893
4418795
83110215
15177168
48656818
63109562
6847334
42035948
60915736
74322962
52421750
12916045
35868867
80691436
59725398
86760458
79002802
9155723
44513426
27761804
74419071
70943458
8331059
11394141
26792928
47748476
18581372
53323919
66358084
17106609
53619559
52899083
85259122
89355124
86474285
32061022
47613034
86606844
67541452
33012539
84644650
47492542
14709192
32968954
36386759
79129431
24810196
8934056
58253507
79048489
15682815
87510655
63562691
71090347
5860894
69604899
37519718
7726474
86980634
44222706
27234336
29121980
46267798
84213066
63135733
55395044
32723529
79587340
35439112
26092602
41028422
7514588
24708242
76039500
44188231
36822043
61679636
96884862
10188738
23627531
1746649
90930114
21415597
79066030
99135013
58088826
53312348
29896583
14874766
75099016
51202063
5691374
53910367
32408618
39109872
7616786
98213431
39651838
90435394
81600945
69386251
49860632
13760831
84559076
79760106
98690791
41683897
98849706
71832635
2211750
97134917
4366448
26583053
52157759
81272891
79071596
67811156
61278339
97538838
73863860
76975036
20134482
93727769
35888063
70267287
21916156
50560220
64856329
72567790
15567872
47308244
88468491
98524549
62266036
44116928
84456099
80542042
18804946
75652334
78835951
76638646
181429
51379635
89992002
42367139
93046811
79986994
57655604
58780105
29547857
5397303
82515069
60256761
7128870
56459311
57341179
16851968
33281541
7038004
87020406
37443404
69467460
75266842
1668844
8517573
35725573
73552885
80104874
20975491
71893539
73692885
34402652
76970166
40425450
92403965
77099284
50458951
69235970
95993039
7352928
46409246
16237153
16561586
69706942
49506132
9479388
5113800
97444255
29422582
872193
89452900
69152591
3422921
54420481
31549255
47780483
14576237
16028681
43219121
95261527
19879124
48410887
76495897
71544245
19439551
71668737
94374664
88196720
53655492
24163133
68066760
11705376
44634133
96722455
24325814
52643110
37082015
81955928
13338258
4354250
20857410
55647524
81436331
57900670
93058579
9102276
95006364
54989277
58855938
81701483
54857294
84935882
23488162
27016815
97820898
6680902
153079
56215281
1486286
42820090
51871963
3070380
82516700
86788207
59449537
74789377
42581768
20268016
7073622
34359962
38047189
79902194
83372116
19760800
82742351
75232055
59283290
99209763
70709972
38558587
16319680
99648360
7697939
27146048
85006766
81419633
89498504
10234161
61573442
35569969
32666333
42016841
24819888
96517308
33534264
794197
68357634
50960485
89433583
14385714
43335184
50071239
31097735
35448598
31812558
39098165
308294
78812551
26081668
50334232
28036308
42093657
73341817
46403586
66221368
51898920
78564383
32096527
98839425
75543050
88339098
14930823
91328744
58705359
27992638
1589455
19212218
32843387
2951252
34264683
44580812
29816251
88583110
26093241
63846200
10129606
1361308
45071843
89874977
74121498
92190859
43409450
34715405
50398002
91814486
98733754
55744746
14479988
95145567
87588108
58852729
5717579
56046836
29610647
9790158
78681059
59304088
67473001
67095399
19738610
88872267
51831605
17947929
85487476
57802302
58697378
46052034
16067969
36011322
29355630
79601449
45195167
38220450
53721575
84548928
73610929
82667741
69417665
33001980
98650069
8021290
24117168
24335911
89641127
38003754
85197874
83339458
48043712
39418224
16218987
46352188
16748919
98408071
12236903
89038982
53887784
52762675
65822764
7154900
7415193
67631265
53136606
50681553
89935964
14346253
85418122
79191495
85325308
86779104
56840265
51968392
54983505
53629482
82495702
79834959
63082411
4546698
85477103
21302705
23075238
4696724
97863410
92239706
38679714
97391710
27299799
16239783
42441155
6344992
65728584
16580742
89424100
48462011
95411196
85836632
82350886
4445469
90763965
90950885
28240857
75703694
44136023
50277586
94008168
59760097
86215352
3494171
62270549
35038924
56589865
52369829
76667262
54678681
14168670
82397729
83951862
71420247
2011756
36421423
62190102
85993566
51494885
76585834
67476522
45779609
91588555
39908888
56043154
98026373
11134937
70444297
81221620
14404627
25898586
98522914
40760668
96348332
88319722
54833048
69514718
64021716
96125294
33831406
67969368
77644885
46163324
95338270
32882660
93539967
20905595
72578892
94562658
68825693
44403482
81927403
87721952
16277627
34823105
45556939
93343426
97164505
69344101
18483844
78187256
2542799
75937992
22113412
72629384
68800790
77784705
84554154
56908533
51059722
68376969
41235634
578187
28171070
56103281
75117345
48684928
47131370
69471938
60671597
73752070
6126563
793735
2147571
97088997
20594761
36491942
74948817
77250510
37490235
61824344
74888003
45697074
16384744
46539056
60229803
73204717
41208447
91990246
45872883
67920663
99432610
39630659
15723045
13052712
40170725
5719570
6061858
34967085
19706394
72039796
47698876
27598562
55712650
54780164
78405702
45037264
32599133
25412904
44450965
69875873
94865079
36194360
62859677
57200578
47272187
86060235
15234779
83337209
697740
71551156
7467527
87411482
72283870
29422475
56388427
82426523
33478538
79723989
10472882
6013968
34505207
57804564
78131905
12101119
66463037
25748400
46361396
43166166
82231482
76128069
15577700
5217652
9596648
60001989
24144115
38251385
31797062
54540208
86867121
35569158
17590474
92447909
95820491
39584265
607759
68021790
98803044
18177175
20562077
74724746
12245477
69430256
86963452
18926787
89831024
70515626
69976606
68919777
80424325
87579041
79621203
38399226
8716852
66257452
59719275
19715379
52810208
44127110
95493340
34368172
83530033
61692590
30569782
39393470
26772137
23661235
89301347
34368953
94622559
15959099
77732307
41478507
64894384
759488
95823404
763398
56859396
77547471
76937517
49928387
79348130
15872594
64491502
62129433
22086393
76707798
70063439
15664464
54200835
9820485
65242895
99632524
80613648
73452384
5020383
27268831
48035497
98376073
23578142
41924320
10517024
3673866
66875729
63588700
60705999
51875743
54889583
70193036
41823759
70113100
11745521
41209985
97955049
87608952
75084438
54952181
11351811
83153470
3838871
48277565
70494420
66421253
65572167
73853140
25652447
12814591
46742709
14381150
2660493
17669480
54415108
80459404
3833001
51442373
31004011
80329421
9046775
85314079
57125966
48074616
76335123
12463299
43934442
43854676
95818597
15751469
96544333
69982260
4168616
11945822
62846613
74887678
10855885
74694348
11420260
67813150
93267423
25772773
7019381
95367687
33217982
87602801
40731088
78113865
45159772
63290188
36987063
53458141
26248572
71176887
78180288
94055278
69456800
45831681
57613252
9166024
57805294
27416353
43014477
79770993
28884629
95371903
33917478
28073764
15291761
97694424
66885951
40451074
30570094
58162671
70579077
8217345
23999378
57175561
15060785
11347743
38828172
23118038
1703997
35188567
5572251
20023182
95876677
18089054
68989927
39549242
38431674
39378648
44503173
71939584
52390808
89326379
49154197
78226798
89045455
22782639
80114083
12935731
59486118
53888821
91460183
69645530
54924570
48361237
5110778
3174996
35151837
38382883
61814628
88858652
20941927
5625835
44883144
63332508
99574250
9140962
99522325
19061235
30989502
44957504
34386334
61145581
11525827
60534508
16826458
10820420
75279684
23842862
39787588
54764251
70436538
10468383
78455599
78507067
70413682
9500162
58817296
7871714
95783367
79268320
24052849
2476313
16384678
71921337
29997765
57264525
99093098
91057548
27210724
30461921
32805501
92601354
26842107
59134807
53098699
72726493
50871192
29860193
32579501
1300048
40057017
18183374
28131258
4393071
81812760
69913070
42249276
52215196
50756046
55889418
45096555
29472621
7641340
67618127
59706588
78509906
67805510
5964682
14690646
65844729
43856104
25397653
32857893
13379276
3094435
24467892
21845662
79416702
64772730
21333423
88929842
35788909
43594271
35789256
17691960
90073999
41240482
10822425
35804738
43978156
44585531
85438376
76264108
88445283
46774418
7395569
61763670
41166274
63883100
74485419
26601163
4748871
92903848
82066025
85365581
31577571
5502882
37549668
1030302
95016306
5479861
49350672
7698346
98925662
20345938
86175368
43849262
64771417
87190613
59269278
66443923
8391598
65281099
25022084
90040269
54880133
30083968
51230713
88089227
60384946
50167699
39808187
82998105
14158348
94641379
85323679
99674205
92579291
251967
5288905
94804922
17588330
39741147
22992103
1999268
26884644
54997694
80736951
18522573
32983404
52714706
76237433
33165359
38951711
46237296
31679958
67267631
6943965
98481536
98327346
90905573
18337353
18139853
61576062
85927782
55250013
57990469
70695674
50065319
18028105
2281751
18022055
67608219
42547294
58535381
38440927
84094258
12121045
5416062
492943
12633960
52023507
78536295
58079457
26660721
87159735
98500900
99755003
96067549
32527476
34487485
38930459
11201383
9730821
77863735
58981616
3290719
99121642
36263360
48906664
81796525
61944997
99388201
37716949
45784856
1480757
72833834
24518945
93395567
35129604
64568662
99406999
49918298
80209148
87835027
77744358
37263574
45975030
29066857
67710989
97072186
65824359
32361620
26424700
31574767
28804292
31595481
71599983
80870556
61016629
48501747
93148652
9845892
81716411
1225344
76724136
43583815
41254129
29220205
25033828
46477938
70806874
59062462
70189485
12261918
73207417
37675106
16456497
36607052
38940441
49597194
31712841
83927052
16498959
53468013
24023828
93076825
77879178
18953205
95684663
96902272
81411300
67031730
8234167
68328873
2235506
30332108
23565200
72292166
74076582
36495032
75113512
41605739
9761470
53353756
4281210
80999951
27627431
44442627
3593376
26459580
81676154
37298745
87963067
68110031
26177685
11579733
37381117
3006692
48942207
64031501
49738243
87999536
60751845
64578701
87447851
48358973
76313561
41693311
76517937
52674179
37085513
34759595
67098287
70691205
71858376
42051210
78240225
35768029
7093970
99733218
40522657
12169224
97481291
13861144
25001526
16678383
20145292
31403504
53521471
36722
98938150
85929429
6644602
72812540
42611229
19907487
30862755
74584845
47320706
58686204
44869555
87674806
28882945
17803552
53555046
96802790
75375104
18774365
86077
76283492
31052484
89453776
64787206
20216077
80075187
68455616
3026637
3132980
36273291
57773389
71415833
69459528
30032142
78233516
2650200
35442496
61552500
64010167
71623266
1561080
60152085
3490918
5613370
78508291
2210340
1777736
79700176
50060558
88224986
84502011
44646208
62465141
46649607
91626669
44339510
23683567
5356967
27346131
46002346
73816910
31176709
61445888
71654166
65295392
10771960
48119441
96639790
81819437
62800254
7610901
46358242
39814194
74171953
65442401
24917932
41219177
90051456
2142367
90011587
92402480
14714761
40501325
4629507
36266141
81446845
74296094
70396702
64168657
78458186
84257675
69268181
70647442
57754660
88862179
14431745
14457743
7889836
42628205
65544992
11808473
91406069
47162340
61112528
44256861
74966701
22744453
63488979
53033746
22689027
46117431
73688266
77900608
6428121
86931477
41460502
73227678
42148845
5052371
9599753
32376079
32263660
13379395
32727252
5922903
53571617
83658864
85388031
81215405
23328024
14909025
23546954
12900768
74910247
57095855
49441787
55932660
52635678
63379650
39604148
27238293
98216944
24352503
18367800
8034964
49625298
28937716
64344577
88096407
63934692
47329149
30666463
45157965
64379867
63662530
83654752
30922851
82906872
80187559
33696767
58008767
63698044
92654539
22477382
38172156
68646922
36715396
97223978
71312395
92889627
22787042
66809545
74297956
19174358
39677728
80777595
14058801
90948685
22361669
28303112
70798188
16172981
18760288
38289911
99633176
33338840
91749036
93609361
52766449
51030875
42589226
27909973
48008032
92976892
2472281
23048680
94514543
61289580
33173759
96799227
37274264
34748502
58263543
52396992
5926763
49231523
42550744
73165944
53603367
60259081
85736722
90331272
1670505
91155289
19548438
70298561
30856182
38171165
81777491
53042483
61878539
98008855
72647493
72923572
26934146
64296013
26055489
51329377
87035135
85162098
81232715
51342882
58532153
58554324
35296077
56347458
87725045
30110890
12653382
14906890
53995509
14763311
81649961
59859054
44906630
70759684
38383019
28281959
31169032
20847345
99419320
29279350
72459897
1919944
74823572
7427160
6760189
46951924
15605618
32014534
13584609
85253882
99338947
81830056
68031040
70480577
24534501
22368942
86214418
87017246
27087314
15442524
98953249
67371971
13685742
24237783
49921881
9579670
15411680
70036005
96865457
93509735
53916751
81936440
8614067
15824225
18519370
3814785
48142744
42427210
45285356
24743896
24479440
5956271
44776188
19030466
34389086
85575487
12530476
77187461
93247729
85709330
50023439
35199810
3945563
31518418
85178540
77919760
34412292
85134521
57852614
78034411
865335
61887749
30604324
80864916
97934008
22292912
99018735
26251546
45894861
63937665
31474846
82857244
82780800
39226058
37524375
10402121
89336752
95379903
29047601
50421928
92077976
74445589
65882426
52133663
74743875
14605706
30033284
59783789
27781172
88910257
91314313
43754113
69461230
61227360
28910804
55484861
94418898
55246525
53921079
23671978
8012347
39019018
65615941
46094670
77982637
85988375
10906304
72894
88772014
92018674
62787902
88257024
77536253
51173271
32965598
5402596
390725
198549
54289341
11380744
13042271
73218797
20223000
10801348
1424513
35660405
23207686
74347390
78744242
13605752
54837690
81961075
64398327
59527411
14922656
54420443
2025618
8123362
78383143
22863514
22862774
12003132
60057843
32793547
98267098
77063545
48010225
60855280
28590872
22990129
74771543
13206836
61998391
30494040
24521513
68337820
76916203
78090278
75380064
93699044
52142965
36071376
13354409
2584863
25145178
32656258
56264747
91821673
26856770
90529324
9161168
49384696
92703167
13183699
98052968
50920674
82708078
88200407
5318979
95958458
49379275
73145498
9064933
96514835
76908542
45081550
63639352
67831421
47487907
54262175
37187856
69384785
27061502
40976480
19003017
39697454
40824868
89357637
52798501
59704842
35579658
84807907
9469802
2817859
88719112
48383819
57150000
29821714
50535388
55158980
54765838
20822592
54727367
18168422
18368876
21048104
38547766
59465495
8105203
93759500
10857184
90907371
88792907
67638681
86316408
66515801
93899883
65510981
42730003
43352490
37713390
51788950
74662167
35960534
44310234
64782723
7535219
64318265
53483426
81723139
63682508
23885906
41098351
67940271
62536601
26628647
37504431
5027536
15530338
47806583
71289105
17076827
73054383
88832234
13628045
69120744
84331839
31327137
53807617
10576203
27817473
45352552
30750677
95059166
92053353
36848601
11827250
5458098
85061387
48716898
31234725
35685541
61861653
86056882
44821537
49971689
78544897
52231534
13671625
4359839
91876154
78861920
99987487
59104850
263408
25340998
79851853
90518841
13195398
39118778
27502372
95553410
74921159
1969745
42569654
73818002
76985752
64441182
70429824
2259847
82036993
75641197
28670879
7374110
58336301
50277564
62526031
55562156
62925966
51316157
69756085
90946480
1850413
66077138
73419990
87363268
64906453
47914268
40418084
21726436
58955455
1769536
54747547
21635132
33329954
7790073
78659124
37290646
67371473
80567322
93121809
65724953
93115261
14211298
86783101
75630182
14920121
39438650
75520869
14026653
8640553
19003087
14528775
62427227
97601816
19852955
56819672
2866693
36537805
67201181
94811913
3985316
14126738
51875495
66933758
88091566
221451
63318922
53768869
15803941
5450092
70980249
44436287
60314647
3959722
76173468
8544377
45370173
36184278
73042531
26482453
35368559
6219227
57384655
55666147
57900063
29544919
12834215
92011140
65666260
13136759
87573336
74892792
33775577
66104680
10989480
68548229
47390467
19863314
12526105
77741900
45842029
36253557
15513243
80026377
59296971
8170412
61055129
16147025
24455810
67138683
6563910
52100964
88299934
14209091
87550859
93681877
19607626
55167608
1879469
59837173
13462733
39147756
1386086
42682970
19547017
39695978
34459967
35289520
11609460
43342319
9647793
70306946
31232454
22660683
12134712
4343439
93991810
9158870
71203720
52700609
18125743
23041037
64779480
60515293
55588111
72374870
11820250
97005099
42931155
41620213
97862557
32012785
12384986
24304170
78936387
26185363
56332388
25014761
62568132
1329796
48897128
23816771
7208304
43787074
21109858
31518025
93872202
61023721
70152113
33712826
34096000
93228781
70365158
11775419
29261469
45194457
84968299
76265816
51920501
90261343
95236080
9761173
63188336
41479041
77340449
85735876
32663365
93463722
85596450
1658408
63941104
87026799
73800630
52586023
25886768
68093318
3685302
20950779
36909292
271220
10913864
90311794
874715
72522927
97254158
17590590
17063303
6614061
92375323
69368218
48592804
80925384
85351366
81052096
48299
15504817
21255360
17918807
27439224
98041795
80104433
50800731
73990209
56139303
75593453
25129053
39857399
94567510
4162806
67589658
71641894
43535119
39159066
61929792
22720081
6227615
87022151
88543594
55799091
71941395
21314315
44887446
49151800
94695321
1930218
24217141
35334292
95166021
75350446
848156
45188422
68453315
65001193
59878271
81389051
72615373
64988757
73274759
16606343
97614627
59051748
43148705
62649590
34686614
10771015
37691947
66882030
76381859
19746734
93542512
2315744
68315147
3765934
58229592
59669963
13915901
51116733
33232994
61847148
53671546
57489075
44273289
20502311
19168788
68530491
99513516
91463533
83399656
96712806
40564951
28225321
35250245
72542152
75424633
47407486
58060266
28024863
19283471
60630053
5335822
39588450
16452549
35980424
61907770
15810191
18364212
32014243
51340626
13906397
92851386
25385168
70760580
86438338
45738389
12068977
69661495
58860725
83573997
41875230
58566286
41404965
74578912
12925582
45765622
42860566
50145999
72770963
88718936
36247697
62496219
9404067
96434204
14630343
9681182
45562100
54105675
67079707
72700650
297586
98295587
75051771
57098804
61642777
92220906
33914592
20439093
42536206
4873918
59857017
93115897
65118621
30415619
85415809
29596488
90446956
61594662
46068473
99175158
30684389
6728817
2192245
13661331
79846913
40168477
71722056
26639651
49170582
62917163
89621636
45929496
22479470
44326419
46129260
783291
2244851
79713899
48214839
88069173
17216956
38687619
31115113
64412035
12346343
99970658
56742433
4476671
32211667
10693082
90565223
97752643
27211058
43483751
5803967
71120409
29607220
81542603
79472040
65407019
83926474
78896763
16595895
56484833
40580424
25433948
39105616
89487047
97376724
88056457
74688818
74226993
80297174
8564136
51956569
45180888
91865112
38474646
80795650
8956990
90657017
65430234
28144458
44479528
65738419
22910551
43254829
64181391
64571453
21562287
5965140
91699562
56148447
30211670
55124473
2932080
93679790
63962313
41835408
31571365
49597451
80504953
38666106
554291
14308386
94617762
87699540
16325851
35491478
67402200
65842363
12037354
67683127
11959572
11291075
49880464
24050351
77775917
1784946
52191211
42485322
61450406
73894414
71439287
54860228
91400048
16670873
99511320
85759345
91144345
12531052
65295163
19140934
54914961
44439550
87528332
20977474
4053124
14381092
89501181
45052277
27047018
96557713
9998665
55603810
61528447
85260000
23984446
20816504
27260127
63879847
52919022
4129911
12492180
24604373
39706807
28389906
44074811
30929401
89113717
90643924
4453969
32874977
80069389
64246549
15227255
64608624
26868445
77056425
85965113
52475530
10276969
26050908
33774006
32460573
47989749
61955994
63152257
33002474
37936995
80878153
97268527
29804804
69943867
96539561
43123719
3302935
53434285
60086216
25317315
93578027
30610315
28122634
70309831
1874218
19687749
27707511
50790616
17862174
53572970
61066115
83251474
3800115
46481844
73802319
91608706
18431237
39843642
76644630
86167897
93172508
2793192
96378872
46087049
59294549
63834932
33283671
69526471
16346775
59272868
92548092
38080658
71929374
68558090
40167610
81870752
22465494
89111281
50204040
99818119
1579456
44740710
69285259
45732175
33374269
50120557
91841241
18090540
66192526
58994886
48089340
7040442
48309751
39319738
31735455
50746620
83200732
32560824
93121285
1792704
32874512
83600841
81722976
87823276
50580655
84206141
56695034
24902077
4110264
35288689
58791879
26840133
73393198
9017136
6898759
24521394
38862002
27935832
56299395
24594660
45160878
16103044
74715557
77294646
7967763
8509829
40685991
69015969
54541026
34620820
78628986
18533021
28004629
79242827
21158668
4582804
61824089
94779114
76304048
76790881
29128881
34464547
97127090
56295863
77955013
99683748
44340397
37627678
58154794
22282875
33767465
10829857
9343678
5262680
76155019
77839469
55290055
95741236
53303103
97573866
59257808
38391265
42696098
78333592
647978
70371698
3222617
73077793
52409106
90832145
9244309
39542785
43236320
32163064
54816555
91873378
97360292
18684098
10351872
17132806
17930650
40686387
44601562
21010757
91387015
65815981
77613400
19795928
93307884
52388542
4184343
58308262
22873502
67095953
26485115
28509836
49721804
40781217
25532571
71799561
21967558
82524519
15226883
34416548
52652673
33634017
7687466
33388950
57404552
92547180
81841737
19332535
83925774
43016727
98260679
11281582
11179217
37736595
63579816
24339239
28682759
7151002
56715615
60622640
3935153
59654386
691900
19658034
55724627
78242453
52713974
77785007
53737298
59615664
82999446
30920609
45213339
84156915
75616435
28100644
40969902
55889825
49723181
87961275
28223932
52813437
5400619
4672309
67670367
97418538
339548
50702736
51045848
24461003
92573066
52114695
67305592
53740044
22390872
33706258
79779378
21682047
69795938
71556541
74045176
71968016
9368874
52122605
11498968
12853321
53914736
8622263
10666480
67201291
35100632
88399422
90573189
51423940
86226248
91639176
85182757
15053322
73185101
51184490
90513694
26379102
13349517
81666143
93137137
56415188
13625923
66717898
2391932
41440395
96708744
79125667
7029727
36261762
3700610
72885454
42939922
54899276
69732936
31986493
80659258
83958553
33751684
26927540
2236714
85170327
93872308
11375562
49401879
20650451
13203879
73494339
5006339
60221801
399841
53899020
59981051
53528063
88994395
49903894
35321120
23102683
71897379
27479840
54001771
78338768
7621213
3559431
43769635
26739773
15625719
20361034
69084622
80993735
18489791
700735
81495125
68530820
97041879
54251747
7559533
27580678
51790504
39990443
84122854
67708623
11390671
710502
8762014
33552304
8816770
93180258
73876591
28628715
41887756
27201982
64185836
49612061
38069589
3390383
94402012
81981958
62614101
32810982
83888239
45326545
100385
45449464
8777706
38783481
69092324
89759775
44187766
4547695
67113072
61042005
21737375
28481368
39197354
16775423
36646796
93666592
52499636
44745308
61953679
93587508
10863216
59928756
84295730
95931967
61014456
298269
84260737
61726516
70000944
47254020
38951725
56717561
97203886
10872399
58168360
39256746
3723197
81369992
68362698
86138392
63618623
15106184
8941595
38315369
67025659
51050445
317989
31798849
72889384
59152339
31714769
47723010
68352380
90170006
54105323
4489469
20282844
31674600
89009670
43444754
26411636
46567133
76387621
53885791
77350735
33810445
33036658
36271296
28651845
17765907
88864430
67566379
41978034
34215174
89202594
45658503
92294453
31889643
7628965
85742188
39151009
51101879
25932144
16558555
73224576
71453876
49616732
74586729
49003267
68903748
33075224
38820770
98486404
83717264
53169304
86993929
52314309
84296682
36491561
51851353
22386078
3361213
97733254
80521258
52812419
70428973
99453551
47036381
44931991
40968064
72070021
12841091
77614156
45342311
77694002
39223582
36934681
60736647
63729041
78572786
56067240
8138353
95270086
55955355
62255751
88634365
48741138
71914897
48437497
17015312
47039161
88103521
59065047
41005293
91432402
18901732
11377867
93665096
98137753
26294088
46594430
42915603
97089214
58847392
55712510
38710063
60705336
71152768
25075545
77984654
14708496
63266757
47801898
49794991
67193187
38924424
61012410
9923245
6073234
34161146
60017185
7311948
11675132
13385453
49130655
86481233
12631127
30357758
4229821
84029861
44873052
51409805
88925100
66359143
79133342
51867887
14433838
75917764
20366559
69980560
25798508
69467683
85077788
28102774
3755929
38265501
52384021
697130
