20742009
0
0
50104529
16929283
83402928
0
83402928
64458718
33918030
46986698
0
0
0
73258390
64504405
47309082
0
40826041
46986698
17166660
0
17166660
42446817
54418561
90399889
73258390
46986698
0
0
0
0
0
37080182
75453229
84753516
92845250
50104529
54418561
51836005
34044384
84827930
48383392
21513529
2450962
4712960
89821095
28297900
6213893
49649416
94019834
7444127
7444127
37115146
7444127
33723320
76869782
45819206
60010206
11728051
11051199
61819336
49831881
83296099
21093571
67269664
79730459
4712960
21093571
84001640
78047837
10276174
11298343
66097015
45819206
41572009
95029742
76239136
21093571
20656147
66595875
11626814
21093571
11728051
76869782
68702666
14229973
33723320
11626814
54270763
42933190
26578029
84516978
26926828
11626814
1485871
45839053
5862551
65043406
79730459
26578029
20373267
76239136
46406988
11728051
90280891
20373267
31737788
4054753
11626814
47817089
18060985
20656147
91100965
70431838
59411726
11303696
16018567
16018567
91100965
73449985
95029742
67269664
29489942
24408338
47817089
45819206
21093571
33723320
43902142
10622955
44889171
4502406
12409511
3374399
97759191
77430405
65096333
51424504
86359685
20305529
44889171
79312109
79312109
90705331
83572111
44889171
40860892
40860892
19047798
8260905
86676090
79312109
29711659
12846156
47065441
69251588
18910955
21432029
99905595
67147603
47169959
84807458
8110448
33388802
79001981
99193032
41970589
49831881
66356841
78250338
62584896
62584896
59721182
75331903
11021494
75331903
62336100
64467025
78250338
84729407
69251588
90705331
4795795
42042565
11413163
2192718
70772203
28023752
44593521
14173731
22687964
40860654
73069719
37742346
83426119
5107365
74443355
74334021
4860425
40860654
64603169
36021379
83426119
692459
69913394
16130755
36687040
34824827
81016403
26272069
50765642
7207082
47169960
21759163
62335862
3493697
54724089
70772204
63695978
85201598
11686221
89943088
57816432
20330568
91673519
557146
19067739
91673519
91673519
27695165
18112481
19067739
92235487
70722744
3666692
83279728
24949557
31332909
93375049
73244429
14380048
13284008
10501843
67827123
6705455
43883574
92855435
70459262
19067739
65524176
51527125
91673519
62247658
24949557
24499358
35466895
91673519
92235487
45698507
99018907
69065633
54533874
76454452
78157006
18703961
18480557
29930274
28494706
66470063
43143563
23353807
33593653
32096761
17412425
54311012
8605953
40695585
30695908
18480557
68960903
18834898
29698814
12641149
65692072
28745598
30836832
49108030
99366323
51359926
54533874
59618654
90781471
59618654
72535569
22520479
25808973
45917760
76454452
58894528
85604089
91852302
53263922
61472223
26307479
74905318
97866636
74905318
85398003
51347896
29930274
42292727
93845323
57380981
38876418
89644545
65692072
77853022
91852302
32888997
69566442
19660147
17253844
23767802
67845779
19524777
37344648
95555742
78604383
8887641
42013688
14536388
47966415
60967260
98234888
65254483
30828546
53793740
4644116
24182313
52068465
45234577
16681492
24182313
98360725
26009189
51091179
82060770
19644979
7567443
7567443
97457474
96751128
26570103
55033941
82060770
47325462
11348139
11348139
78645092
55882822
89048146
38937444
86326593
18951967
69619885
92947715
68889347
40218996
41377834
70141981
25794236
39140646
69619885
78645092
7923657
56808888
88116619
87731530
40320715
1850519
52664875
22502454
52664875
40218996
86807336
67405765
47023220
46746033
8457423
46746033
51315269
58132491
83890311
83189651
97721458
58132491
25794236
3250335
94904343
353666
60768831
51974228
90911546
38165011
51315269
83890311
23503271
29839674
7923657
61486938
61899568
59280933
69619885
56384890
80280916
24462296
25794236
98186422
12181980
74341641
28120369
77851649
67405765
12181980
71314291
85900183
51974228
28120369
58334313
83492483
61899568
24462296
93414314
98186422
86131568
38165011
13165747
51974228
14547937
34002354
29743174
25141727
83853374
79406345
51547239
53140998
79218457
3250335
41942532
79852111
46325839
93167255
13563109
98935505
40210049
8614316
73458401
25388669
76840839
44843256
35706777
86368235
9588746
69270667
8614316
85866927
54168034
40842997
27305707
34982363
27305707
27729688
46681634
3455683
13730132
2099388
10317636
96797070
10174999
44843256
51702634
54168034
27729688
47475234
28959109
50172766
41151090
39618935
21086521
88986581
96797070
54168034
50801638
26914582
35840172
66938195
44843256
22339630
35706777
34363604
82456088
64048931
5885155
23186518
18608449
10317636
10133554
89846052
48702830
4514287
37932369
34605965
75615512
53110454
64114785
23399533
65958108
75615512
48702830
90996389
40842997
14588439
96312004
81339218
81051427
75988598
67221464
81339218
5885155
87190652
75988598
81364146
66257567
80891857
76840839
47571986
37728254
51052344
18894348
55362008
30665555
89812525
84807011
3487712
37652929
38463821
66785167
81051427
83009238
6296610
24660667
55450626
5736674
48270678
74065743
88986581
53110454
91077905
83009238
92648463
51295716
97776966
67221464
2093776
10883510
26558039
24040329
24104641
54997716
29106629
91077905
4514287
62398389
96870125
34605965
59872486
58776495
82753700
36938650
53938775
53938775
48270678
63312560
56040921
77638440
35706777
24727624
63180788
77818647
54095283
4514287
19590849
54932484
7558704
9844331
45798394
56296547
7498730
37690520
77818647
28344770
29106629
41693814
83009238
59219202
29114184
31840913
91986145
79927900
8079959
13529912
71593459
63312560
12449401
123440
93525332
8079959
95982719
93525332
25544058
32195339
27516392
51174687
91924085
93465191
97773862
5431266
3487712
87275970
13758949
13758949
45692549
97491173
92007974
65592755
80452987
40833453
24408541
59872486
11125651
69955739
65592755
12462853
68015970
52289331
64048931
90228013
24408541
62561344
69955890
94616266
43886519
71097032
41327172
94981469
74400968
7451804
52696091
2700814
24573610
62402456
84484221
90877708
25388090
16115690
14773782
90150709
88505923
60326876
7451804
17868955
49916886
67175113
14773782
96969713
74928772
11008499
74062442
46808328
28242889
36837788
58384330
60047783
94981469
46808328
71930330
12179562
38471249
93227147
38471249
85975920
56124428
26642213
40854534
36340995
50454415
29184689
89118656
56436025
46240164
7339782
30910017
72160
26024956
87143590
89704851
3918763
82486478
77349476
6505490
29834577
45538988
42622276
37551898
79427871
75595838
62172258
41991364
72357643
97624631
10764346
18484154
75738173
3429466
13698591
14755542
27384374
53466012
98742737
55273143
16565811
83509771
11826498
92346587
13156212
63276411
98927544
85001396
32972879
6112608
20066256
88874098
90983713
4904004
98087479
69916100
71632727
83844004
98087479
55615829
6112608
88874098
28726300
71632727
43941359
18895827
60629307
53871925
94859019
98284412
19565481
6123166
48893425
94859019
65538518
20197526
56685047
97004265
16567851
16115690
56685047
43878763
87422051
14766490
31930202
11826498
75273506
48298319
56783293
43941359
75273506
8563900
87657895
43941359
31650567
19395553
16115690
6393761
48298319
22994704
23765703
31930202
95777715
16567851
77811742
73482413
34046654
13903042
52772156
6393761
75404534
79572762
50070030
60629307
15202369
17031117
51293890
71580587
75404534
55996485
80254809
55996485
8610613
55318174
46798521
9881068
4181655
39052782
49020840
88265184
13739772
93389808
65043149
33790176
13739772
33790176
55996485
26404227
26404227
58434059
68315227
35361327
44374759
42930827
36051049
77303649
19259824
26404227
9881068
77569447
49360029
40484917
78444300
83204534
9287403
89410596
63791259
39892999
42572790
90478420
17559711
89410596
96993581
56594823
16115690
32387193
4983950
74951931
30022146
92596377
11908342
54475494
83733394
66634498
77569447
9287403
23023576
99742239
99610448
83758945
12495718
16115690
64441401
74951931
99610448
17438127
97240716
98915912
8377611
37075871
13739772
2182186
79061234
99194538
55011961
55011961
55011961
50956594
88373727
21763126
65349437
97363108
91331651
58663597
72682619
53343321
93312596
94760946
31416704
23031100
31416704
67241029
21731905
76520583
36269267
34722221
41773300
67241029
81667680
36269267
79077242
41785439
58663597
88683450
83116030
41773300
81564276
89902206
60841059
81667680
20645030
53343321
44196069
70684350
75957931
20645030
7839566
81667680
46104370
36269267
94791493
51913663
51913663
54634843
91594428
18045167
55820246
62180066
12129415
89510738
39180125
53502212
67241029
18480015
14129211
91863850
31559208
45796543
38780045
37692922
17373317
83742571
61907154
2681819
53033068
16842643
61501985
53011419
27156472
81526044
66046414
68164741
64073991
4048892
89381777
50895536
65065900
84354294
28455926
52782280
77154950
86721399
662870
11962570
88090583
56753364
53011419
77400868
811242
72064304
36699065
10307489
18940027
91175287
37843220
69700890
10307489
19495206
7468131
53557647
68549182
17308492
13623950
47765668
47765668
49839170
14040082
64412164
15815495
7019005
75893969
54004744
34059816
17419094
6105484
76502902
15244959
82513601
23491289
31243648
85112339
39755914
71805243
74735855
97350258
27523537
64446300
42578597
73638556
24129138
86052323
12631575
73638556
3397636
54996239
62307655
16057119
86831468
53381342
20769915
53672436
18605521
6083008
61869292
89953815
61869292
6226997
95919579
95113073
99649228
8902362
70848799
43974584
86831468
58162772
54011181
61421454
29115248
95900863
41065666
141686
95061856
343963
43354025
26203753
6830507
36690629
30504999
90814762
141686
71750059
87339816
24625286
25589411
94377838
72436598
33700136
65842241
89448235
1642
22077164
41569785
67756518
39462871
41786205
82301018
58773644
97798972
2552040
10987883
72436598
38559636
79803109
23791397
19411296
7583522
7986214
38718962
7986214
34009142
6064960
81071295
80128187
83935641
10599421
29009000
66039230
17468552
3634438
38718962
50082843
84121687
92061852
72436598
41569785
80092902
17311496
34088348
28144751
38351863
80092902
59371173
40052743
35302358
92061852
7583522
97798972
3500764
95293315
72436598
74324949
24634623
12068556
80068455
88897096
4144244
12468470
10751142
84853283
80783533
14970136
24611470
40228398
89987452
27137272
14086287
61440613
43782128
31636795
78595324
74509926
83866374
4371902
20296529
62419300
22762816
51528388
2146441
81594722
76600733
7960742
40228398
47581249
56621143
50489330
27137272
53080784
21373183
7558637
52370578
59805018
76850876
7558637
82618357
59341281
12468470
98488228
80410253
73446443
43782128
29439478
95337283
46607035
82267039
39247953
43782128
57164230
38959142
95637744
58443203
95897137
65897879
22887927
54536207
22887927
69619580
9815103
93317907
12872822
31465062
16354353
62457278
2516994
12644986
80188202
69786219
95316454
62049909
22733981
11801878
95552895
42148020
42761871
12644986
32091967
95552895
93317907
62049909
16401336
94615117
93317907
73548526
97069483
80441252
94558570
6189518
43057654
9485666
397823
44421013
32337161
6189518
897638
30532517
21139178
22192146
25874574
78152617
9474355
87157007
52111099
45389233
43206541
53005984
65032767
36626290
51926856
58090926
45389233
92146352
22128186
78236349
2547936
5705525
36539146
38788420
68427483
87409450
87157007
83023683
14785134
59663337
25192942
73118879
76586709
12664077
36539146
44386397
42910585
25192942
81496796
32195832
44857569
12097535
3139940
29901392
12225890
11390156
11390156
29901392
19295633
98835127
22968267
20171943
49443020
28866375
11442462
52486031
14076169
50448845
52105713
33518790
44399159
54680080
48661515
14345299
51706505
56245439
5741359
20876642
44661102
20876642
10164957
96506254
54700693
90441123
60724893
86045176
60724893
8501897
50134497
65934823
96955163
87340243
35854245
215914
20811143
14011871
42844453
35854245
2212242
99904576
72574784
94212090
13284082
74015139
86045176
33533138
5499477
93822159
35132123
35854245
32728700
80512038
99998446
81435959
49662159
2357714
49106782
36709534
5499477
2357714
51325219
78118898
35802991
68105128
51325219
74015139
36669442
5499477
933279
39088845
59936572
4331272
14011871
94212090
13284082
393437
93907720
63114827
93885555
25528174
97340075
82265613
75933187
2093213
23409212
1294679
63114827
32938680
62395761
84000183
72519926
15225773
48174229
84000183
92409166
42428451
86317170
87010856
44959695
82950953
97340075
48087299
35784191
77118346
14845115
93972505
87509850
13709222
3509336
78962898
18889027
13709222
13709222
16668852
94421589
31837518
15709492
94421589
63609014
2093213
77091704
98798592
46013314
72185541
98336368
77118346
39758124
19993810
13108851
46013314
23681772
75933187
91861929
32999259
97659219
80810342
96157345
8382971
23393381
24576494
50166733
3810280
57630797
54252467
70938733
81250570
23681772
81659647
92409166
63114827
86317170
29213610
4772526
80799208
94082084
87101035
44334117
15768406
17764062
96329983
86947442
92442293
87101035
86947442
4772526
39996569
81942847
6313643
42684533
99504235
93495940
21283418
16022254
6585691
70950475
48707687
93037946
1480764
5147887
1096540
47088465
75880561
54656922
89307856
79115827
99504235
91766103
56985489
16022254
41630418
53936150
49295698
70748331
93495940
60559952
25917219
13235672
657808
13235672
55922698
69354436
34299228
37943417
67784620
67784620
11065565
66048933
37356294
21516256
981533
74542425
46280423
4644496
21516256
73536913
35057481
48847690
92703875
59594482
73536913
34152436
27660447
54508818
45520234
38342490
35266607
63862923
66570660
11956071
41543893
6459479
6459479
43982735
43578732
59594482
57262936
20957161
99809129
4214708
41107693
11956071
52946993
27660447
46624565
81097440
96861394
59072949
66570660
59016562
28983818
4783310
35057481
47467971
63862923
11728474
43578732
35842524
6459479
50421927
92271045
86144557
48542485
37610990
27660447
82780794
6459479
57634729
49178869
53742714
96861394
43578732
75138446
81097440
66793820
66793820
28969498
79021879
