20742009
0
0
50104529
16929283
83402928
0
83402928
64458718
33918030
46986698
0
0
0
73258390
64504405
47309082
0
40826041
46986698
17166660
0
17166660
42446817
54418561
90399889
73258390
46986698
0
0
0
0
0
37080182
75453229
84753516
92845250
50104529
54418561
51836005
34044384
84827930
48383392
21513529
2450962
4712960
89821095
28297900
6213893
49649416
94019834
7444127
7444127
37115146
7444127
33723320
76869782
45819206
60010206
11728051
11051199
61819336
49831881
83296099
21093571
67269664
79730459
4712960
21093571
84001640
78047837
10276174
11298343
66097015
45819206
41572009
95029742
76239136
21093571
20656147
66595875
11626814
21093571
11728051
76869782
68702666
14229973
33723320
11626814
54270763
42933190
26578029
84516978
26926828
11626814
1485871
45839053
5862551
65043406
79730459
26578029
20373267
76239136
46406988
11728051
90280891
20373267
31737788
4054753
11626814
47817089
18060985
20656147
91100965
70431838
59411726
11303696
16018567
16018567
91100965
73449985
95029742
67269664
29489942
24408338
47817089
45819206
21093571
33723320
43902142
10622955
44889171
4502406
12409511
3374399
97759191
77430405
65096333
51424504
86359685
20305529
44889171
79312109
79312109
90705331
83572111
44889171
40860892
40860892
19047798
8260905
86676090
79312109
29711659
12846156
47065441
69251588
18910955
21432029
99905595
67147603
47169959
84807458
8110448
33388802
79001981
99193032
41970589
49831881
66356841
78250338
62584896
62584896
59721182
75331903
11021494
75331903
62336100
64467025
78250338
84729407
69251588
90705331
4795795
42042565
11413163
2192718
70772203
28023752
44593521
14173731
22687964
40860654
73069719
37742346
83426119
5107365
74443355
74334021
4860425
40860654
64603169
36021379
83426119
692459
69913394
16130755
36687040
34824827
81016403
26272069
50765642
7207082
47169960
21759163
62335862
3493697
54724089
70772204
63695978
85201598
11686221
89943088
57816432
20330568
91673519
557146
19067739
91673519
91673519
27695165
18112481
19067739
92235487
70722744
3666692
83279728
24949557
31332909
93375049
73244429
14380048
13284008
10501843
67827123
6705455
43883574
92855435
70459262
19067739
65524176
51527125
91673519
62247658
24949557
24499358
35466895
91673519
92235487
45698507
99018907
69065633
54533874
76454452
78157006
18703961
18480557
29930274
28494706
66470063
43143563
23353807
33593653
32096761
17412425
54311012
8605953
40695585
30695908
18480557
68960903
18834898
29698814
12641149
65692072
28745598
30836832
49108030
99366323
51359926
54533874
59618654
90781471
59618654
72535569
22520479
25808973
45917760
76454452
58894528
85604089
91852302
53263922
61472223
26307479
74905318
97866636
74905318
85398003
51347896
29930274
42292727
93845323
57380981
38876418
89644545
65692072
77853022
91852302
32888997
69566442
19660147
17253844
23767802
67845779
19524777
37344648
95555742
78604383
8887641
42013688
14536388
47966415
60967260
98234888
65254483
30828546
53793740
4644116
24182313
52068465
45234577
16681492
24182313
98360725
26009189
51091179
82060770
19644979
7567443
7567443
97457474
96751128
26570103
55033941
82060770
47325462
11348139
11348139
78645092
55882822
89048146
38937444
86326593
18951967
69619885
92947715
68889347
40218996
41377834
70141981
25794236
39140646
69619885
78645092
7923657
56808888
88116619
87731530
40320715
1850519
52664875
22502454
52664875
40218996
86807336
67405765
47023220
46746033
8457423
46746033
51315269
58132491
83890311
83189651
97721458
58132491
25794236
3250335
94904343
353666
60768831
51974228
90911546
38165011
51315269
83890311
23503271
29839674
7923657
61486938
61899568
59280933
69619885
56384890
80280916
24462296
25794236
98186422
12181980
74341641
28120369
77851649
67405765
12181980
71314291
85900183
51974228
28120369
58334313
83492483
61899568
24462296
93414314
98186422
86131568
38165011
13165747
51974228
14547937
34002354
29743174
25141727
83853374
79406345
51547239
53140998
79218457
3250335
41942532
79852111
46325839
93167255
13563109
98935505
40210049
8614316
73458401
25388669
76840839
44843256
35706777
86368235
9588746
69270667
8614316
85866927
54168034
40842997
27305707
34982363
27305707
27729688
46681634
3455683
13730132
2099388
10317636
96797070
10174999
44843256
51702634
54168034
27729688
47475234
28959109
50172766
41151090
39618935
21086521
88986581
96797070
54168034
50801638
26914582
35840172
66938195
44843256
22339630
35706777
34363604
82456088
64048931
5885155
23186518
18608449
10317636
10133554
89846052
48702830
4514287
37932369
34605965
75615512
53110454
64114785
23399533
65958108
75615512
48702830
90996389
40842997
14588439
96312004
81339218
81051427
75988598
67221464
81339218
5885155
87190652
75988598
81364146
66257567
80891857
76840839
47571986
37728254
51052344
18894348
55362008
30665555
89812525
84807011
3487712
37652929
38463821
66785167
81051427
83009238
6296610
24660667
55450626
5736674
48270678
74065743
88986581
53110454
91077905
83009238
92648463
51295716
97776966
67221464
2093776
10883510
26558039
24040329
24104641
54997716
29106629
91077905
4514287
62398389
96870125
34605965
59872486
58776495
82753700
36938650
53938775
53938775
48270678
63312560
56040921
77638440
35706777
24727624
63180788
77818647
54095283
4514287
19590849
54932484
7558704
9844331
45798394
56296547
7498730
37690520
77818647
28344770
29106629
41693814
83009238
59219202
29114184
31840913
91986145
79927900
8079959
13529912
71593459
63312560
12449401
123440
93525332
8079959
95982719
93525332
25544058
32195339
27516392
51174687
91924085
93465191
97773862
5431266
3487712
87275970
13758949
13758949
45692549
97491173
92007974
65592755
80452987
40833453
24408541
59872486
11125651
69955739
65592755
12462853
68015970
52289331
64048931
90228013
24408541
62561344
69955890
94616266
43886519
71097032
41327172
94981469
74400968
7451804
52696091
2700814
24573610
62402456
84484221
90877708
25388090
16115690
14773782
90150709
88505923
60326876
7451804
17868955
49916886
67175113
14773782
96969713
74928772
11008499
74062442
46808328
28242889
36837788
58384330
60047783
94981469
46808328
71930330
12179562
38471249
93227147
38471249
85975920
56124428
26642213
40854534
36340995
50454415
29184689
89118656
56436025
46240164
7339782
30910017
72160
26024956
87143590
89704851
3918763
82486478
77349476
6505490
29834577
45538988
42622276
37551898
79427871
75595838
62172258
41991364
72357643
97624631
10764346
18484154
75738173
3429466
13698591
14755542
27384374
53466012
98742737
55273143
16565811
83509771
11826498
92346587
13156212
63276411
98927544
85001396
32972879
6112608
20066256
88874098
90983713
4904004
98087479
69916100
71632727
83844004
98087479
55615829
6112608
88874098
28726300
71632727
43941359
18895827
60629307
53871925
94859019
98284412
19565481
6123166
48893425
94859019
65538518
20197526
56685047
97004265
16567851
16115690
56685047
43878763
87422051
14766490
31930202
11826498
75273506
48298319
56783293
43941359
75273506
8563900
87657895
43941359
31650567
19395553
16115690
6393761
48298319
22994704
23765703
31930202
95777715
16567851
77811742
73482413
34046654
13903042
52772156
6393761
75404534
79572762
50070030
60629307
15202369
17031117
51293890
71580587
75404534
55996485
80254809
55996485
8610613
55318174
46798521
9881068
4181655
39052782
49020840
88265184
13739772
93389808
65043149
33790176
13739772
33790176
55996485
26404227
26404227
58434059
68315227
35361327
44374759
42930827
36051049
77303649
19259824
26404227
9881068
77569447
49360029
40484917
78444300
83204534
9287403
89410596
63791259
39892999
42572790
90478420
17559711
89410596
96993581
56594823
16115690
32387193
4983950
74951931
30022146
92596377
11908342
54475494
83733394
66634498
77569447
9287403
23023576
99742239
99610448
83758945
12495718
16115690
64441401
74951931
99610448
17438127
97240716
98915912
8377611
37075871
13739772
2182186
79061234
99194538
55011961
55011961
55011961
50956594
88373727
21763126
65349437
97363108
91331651
58663597
72682619
53343321
93312596
94760946
31416704
23031100
31416704
67241029
21731905
76520583
36269267
34722221
41773300
67241029
81667680
36269267
79077242
41785439
58663597
88683450
83116030
41773300
81564276
89902206
60841059
81667680
20645030
53343321
44196069
70684350
75957931
20645030
7839566
81667680
46104370
36269267
94791493
51913663
51913663
54634843
91594428
18045167
55820246
62180066
12129415
89510738
39180125
53502212
67241029
18480015
14129211
91863850
31559208
45796543
38780045
37692922
17373317
83742571
61907154
2681819
53033068
16842643
61501985
53011419
27156472
81526044
66046414
68164741
64073991
4048892
89381777
50895536
65065900
84354294
28455926
52782280
77154950
86721399
662870
11962570
88090583
56753364
53011419
77400868
811242
72064304
36699065
10307489
18940027
91175287
37843220
69700890
10307489
19495206
7468131
53557647
68549182
17308492
13623950
47765668
47765668
49839170
14040082
64412164
15815495
7019005
75893969
54004744
34059816
17419094
6105484
76502902
15244959
82513601
23491289
31243648
85112339
39755914
71805243
74735855
97350258
27523537
64446300
42578597
73638556
24129138
86052323
12631575
73638556
3397636
54996239
62307655
16057119
86831468
53381342
20769915
53672436
18605521
6083008
61869292
89953815
61869292
6226997
95919579
95113073
99649228
8902362
70848799
43974584
86831468
58162772
54011181
61421454
29115248
95900863
41065666
141686
95061856
343963
43354025
26203753
6830507
36690629
30504999
90814762
141686
71750059
87339816
24625286
25589411
94377838
72436598
33700136
65842241
89448235
1642
22077164
41569785
67756518
39462871
41786205
82301018
58773644
97798972
2552040
10987883
72436598
38559636
79803109
23791397
19411296
7583522
7986214
38718962
7986214
34009142
6064960
81071295
80128187
83935641
10599421
29009000
66039230
17468552
3634438
38718962
50082843
84121687
92061852
72436598
41569785
80092902
17311496
34088348
28144751
38351863
80092902
59371173
40052743
35302358
92061852
7583522
97798972
3500764
95293315
72436598
74324949
24634623
12068556
80068455
88897096
4144244
12468470
10751142
84853283
80783533
14970136
24611470
40228398
89987452
27137272
14086287
61440613
43782128
31636795
78595324
74509926
83866374
4371902
20296529
62419300
22762816
51528388
2146441
81594722
76600733
7960742
40228398
47581249
56621143
50489330
27137272
53080784
21373183
7558637
52370578
59805018
76850876
7558637
82618357
59341281
12468470
98488228
80410253
73446443
43782128
29439478
95337283
46607035
82267039
39247953
43782128
57164230
38959142
95637744
58443203
95897137
65897879
22887927
54536207
22887927
69619580
9815103
93317907
12872822
31465062
16354353
62457278
2516994
12644986
80188202
69786219
95316454
62049909
22733981
11801878
95552895
42148020
42761871
12644986
32091967
95552895
93317907
62049909
16401336
94615117
93317907
73548526
97069483
80441252
94558570
6189518
43057654
9485666
397823
44421013
32337161
6189518
897638
30532517
21139178
22192146
25874574
78152617
9474355
87157007
52111099
45389233
43206541
53005984
65032767
36626290
51926856
58090926
45389233
92146352
22128186
78236349
2547936
5705525
36539146
38788420
68427483
87409450
87157007
83023683
14785134
59663337
25192942
73118879
76586709
12664077
36539146
44386397
42910585
25192942
81496796
32195832
44857569
12097535
3139940
29901392
12225890
11390156
11390156
29901392
19295633
98835127
22968267
20171943
49443020
28866375
11442462
52486031
14076169
50448845
52105713
33518790
44399159
54680080
48661515
14345299
51706505
56245439
5741359
20876642
44661102
20876642
10164957
96506254
54700693
90441123
60724893
86045176
60724893
8501897
50134497
65934823
96955163
87340243
35854245
215914
20811143
14011871
42844453
35854245
2212242
99904576
72574784
94212090
13284082
74015139
86045176
33533138
5499477
93822159
35132123
35854245
32728700
80512038
99998446
81435959
49662159
2357714
49106782
36709534
5499477
2357714
51325219
78118898
35802991
68105128
51325219
74015139
36669442
5499477
933279
39088845
59936572
4331272
14011871
94212090
13284082
393437
93907720
63114827
93885555
25528174
97340075
82265613
75933187
2093213
23409212
1294679
63114827
32938680
62395761
84000183
72519926
15225773
48174229
84000183
92409166
42428451
86317170
87010856
44959695
82950953
97340075
48087299
35784191
77118346
14845115
93972505
87509850
13709222
3509336
78962898
18889027
13709222
13709222
16668852
94421589
31837518
15709492
94421589
63609014
2093213
77091704
98798592
46013314
72185541
98336368
77118346
39758124
19993810
13108851
46013314
23681772
75933187
91861929
32999259
97659219
80810342
96157345
8382971
23393381
24576494
50166733
3810280
57630797
54252467
70938733
81250570
23681772
81659647
92409166
63114827
86317170
29213610
4772526
80799208
94082084
87101035
44334117
15768406
17764062
96329983
86947442
92442293
87101035
86947442
4772526
39996569
81942847
6313643
42684533
99504235
93495940
21283418
16022254
6585691
70950475
48707687
93037946
1480764
5147887
1096540
47088465
75880561
54656922
89307856
79115827
99504235
91766103
56985489
16022254
41630418
53936150
49295698
70748331
93495940
60559952
25917219
13235672
657808
13235672
55922698
69354436
34299228
37943417
67784620
67784620
11065565
66048933
37356294
21516256
981533
74542425
46280423
4644496
21516256
73536913
35057481
48847690
92703875
59594482
73536913
34152436
27660447
54508818
45520234
38342490
35266607
63862923
66570660
11956071
41543893
6459479
6459479
43982735
43578732
59594482
57262936
20957161
99809129
4214708
41107693
11956071
52946993
27660447
46624565
81097440
96861394
59072949
66570660
59016562
28983818
4783310
35057481
47467971
63862923
11728474
43578732
35842524
6459479
50421927
92271045
86144557
48542485
37610990
27660447
82780794
6459479
57634729
49178869
53742714
96861394
43578732
75138446
81097440
66793820
66793820
28969498
79021879
67622597
44813183
89585643
495663
9348231
73438761
52315517
80847055
48620580
77909765
64540397
22333949
9023403
29381833
78059751
74879698
25641841
40756092
81203352
47110456
13624215
40371302
76187778
64540397
57700013
12626677
78405851
81378210
59825866
9286063
17373052
42315539
42315539
12038835
93403496
11541879
32979135
62406952
80566046
32428080
81250359
93403496
81250359
13719042
97349503
12179863
9547440
81378210
62564531
62406952
11031831
66177586
32428080
66907636
59825866
53836305
32609029
89759812
16267698
93678853
28539383
11956071
57685873
30051812
81378210
17199167
75695167
74823173
11031831
11956071
91133186
96739711
79327199
37472766
2070138
34865419
17241478
16759551
30027980
5878852
12238050
94968374
5878852
57944391
82013649
11956071
57944391
31820649
54269378
94968374
72129156
28670728
76887190
73442480
97844588
5878852
73460605
9210923
2070138
79200893
50087971
51941463
51391626
59416361
86829466
59416361
3202548
98132312
97519441
70196739
99801924
26322827
54824764
65449006
66123491
64559592
6793451
28250725
31043163
74997917
49153730
30909419
50087645
88260229
38689445
88260229
64907267
66085882
51090829
44707836
68856270
6653404
206470
90524046
59082260
43735915
206470
23451186
66123491
75515776
63707825
59288337
76667756
75637019
85996387
10755369
48651380
53331347
66793680
84330452
24507626
87522460
96673187
1726734
75637019
90524046
32640503
71436080
33071573
99356781
40226772
90649118
60530018
63103207
84330452
32640503
46815293
96244626
76345478
13429237
73906165
37223988
5181520
71932313
23282213
44472237
11670074
65529490
67682155
44472237
38389900
15607272
7130483
13429237
6857007
46815293
6644491
73469704
57252459
36875489
23119599
15607272
44585474
71932313
94334267
46815293
50509145
15607272
84795266
71436080
93479374
72136460
23119599
72136460
38855851
57191943
99404257
39857291
23282213
83170167
41528643
49507919
63807512
3932575
75717539
23282213
93479374
67682155
7130483
72802743
35613490
22250026
26611365
60396975
93872755
58356796
57617977
52007003
22228390
53228674
96539911
18255411
21537284
46815293
50239341
65046046
15872181
98782870
52738335
66412822
5857163
67394396
29702378
25966780
4885832
88803439
90980757
13581209
45765783
49042353
88803439
63532118
81685407
18985353
58465683
28403619
22915901
64023735
68289715
10924582
46152035
22915901
22915901
90813455
14820795
68740681
56382190
33681007
67699591
9819436
67699591
68740681
10647455
41174446
50093434
92961099
83196094
36009315
46152035
87470978
63532118
68740681
96058481
23134458
93462555
57471883
90980757
87494410
10967931
86628100
97379387
46867003
92079876
71601372
9234814
37544913
14820795
96058481
47102176
27619641
41247314
47718103
5941895
5483029
46271916
13997001
41610224
96278352
65180557
12913421
69658431
90046926
34807225
5941895
34902314
90046926
43487753
8865357
91351951
74437943
2944762
58116608
74283236
54281321
9628070
93290278
5026257
43487753
88587205
85554479
20831834
82176133
6070198
51444209
96060818
20625654
6599790
21003295
3493687
54199625
78625474
46350915
42014636
48421369
16135027
82344151
18010502
29444001
68976836
68976836
61210088
10313013
68976836
6571399
31721346
54882893
36887456
37305199
21770253
60279262
24251996
50603518
20288765
73588236
93791151
52984825
38743356
55224745
47886941
26399931
92587745
39224534
29181374
35543354
4129782
616657
11313392
56574893
83980056
78701376
83542523
13740879
4129782
27253822
14920292
92930706
21770253
63063293
99416166
30008606
50104908
49777941
30008606
24679280
29670402
25705352
53422066
52798306
97554636
13740879
13770529
54211579
12027310
49777941
49274635
94289171
97737530
41281389
58960148
13740879
37792453
35543354
97474469
62553240
52291036
63496022
11196180
40104216
97474469
79822267
60116528
13230641
63939926
51422075
78256251
67400119
69701324
1568186
16336446
94342304
78256251
62399642
79172198
75768909
74400111
655600
31965805
30844844
34991292
66626184
83616408
91070034
62399642
83616408
81617509
85599907
85599907
79172198
2438412
18501522
99883043
54111058
79389752
88842062
33815084
4017325
34511572
95154782
41771871
27468756
78038594
30187888
8262175
33815084
30394221
35943736
9379600
64849970
11196180
84182653
64849970
83616408
71822217
79389752
45704101
43828243
21624693
93111178
4632051
26779633
91061326
13996471
77627102
95278422
78357847
28826561
9020177
85504405
52590190
78811974
16775058
18501522
4017325
96451395
81180690
86402757
15289205
25905879
15038883
85726619
9020177
71030494
63939926
88309721
12390305
82137119
58903084
7122187
56019280
56019280
67217914
2450120
32604608
55108943
66508771
61177999
16563203
19228593
93585848
12185782
60948339
6456967
48196468
60456226
56933724
6981958
55329632
38714202
3352359
2450120
75933413
15289205
58058916
24185689
5108590
58058916
80399544
18595068
82706404
18351122
20527538
80151279
10120912
82931537
65138617
69280366
3451540
6249718
91348840
71889942
37106895
68212958
82533866
76672218
8611899
33679482
74652967
33254238
84135319
64818474
8244343
97344242
45642307
37524087
4017325
67626541
68540963
36849947
96228802
58903084
14555879
93664041
70565844
80769859
69056093
40109255
46961545
46289851
32426563
77750305
67297286
57468899
50334210
57468899
24196155
35871370
94538251
48657423
88022374
73056515
86887625
33398205
40178796
5137215
78805606
88209281
27540823
3527772
30100985
1227931
42013363
83883875
70431160
42666894
10144525
19807229
80977274
58695470
76195536
33798438
76841387
10582457
36192969
73233347
97658775
76596537
98063964
21175776
58997774
22864500
88934495
63894763
51245177
42366988
20000857
10779315
37671262
32530901
48211551
94744349
80433331
51706048
30670426
44077443
52876359
28740674
74111200
7481443
23516937
91365788
26779062
61361312
4014449
94152844
81554588
23018067
23516937
48211551
8097890
52876359
2145466
44815761
2482681
84782642
42536988
933362
90787988
15200924
84782642
5818778
83357402
20980217
74111200
72741859
11441389
14185864
93909567
15910256
84350336
97774129
69393551
68919560
72741859
32419815
15200924
26896270
1657965
4184863
81236852
87812938
799652
3424601
5259614
85605424
72835785
67432850
82306568
82306568
10695746
44774919
65580514
3424601
552148
89739036
82306568
9086245
89556839
50670913
70532696
57166683
83473243
94749049
93553233
51989940
15407643
48810453
70532696
84538999
40399508
43674998
71014440
80367210
2761145
20655831
98530506
93459834
89556839
12112821
71014440
24487512
43674998
50524467
77855635
99054947
58450788
21176872
56605681
24778803
86373334
47147453
11836580
64162844
84034080
65580514
19568199
62921796
38522024
11272481
89247945
36753864
61320346
64162844
59509328
40727873
23706938
24778803
61314042
87733597
3927429
89739036
83473243
86190933
51329459
58557274
552148
61264734
58557274
32179350
81177813
19272459
34107811
88674658
89739036
62921796
86166616
53192340
10916891
72802293
72802293
33402117
56735456
75683018
20125064
99259031
98062945
60429575
71604965
6629052
10786387
82577456
42871844
84777793
1641369
63468366
89556839
8979289
16640584
50690625
89739036
94356893
53714392
77125211
81244355
43828496
99259031
67358330
89739036
94356893
3148393
35242161
89556839
55857336
30791624
173691
74665186
55857336
45039881
30791624
27513525
93695899
59952308
99259031
18668769
18668769
74665186
52126108
53714392
37781803
84407598
74667363
3927429
76054842
28388655
20791245
9056709
95085555
20791245
16111821
26557828
72872123
43929256
13522632
93916577
3369704
99963668
36640418
45957171
6763127
13090389
68520924
50334863
18597704
18095283
81338264
17429697
73770197
70853667
70853667
26237678
64518614
52434077
87953121
65495926
4848682
6758641
43460182
65495926
44597445
5880252
62153014
89970065
33653672
92759704
88403163
80625693
86519281
25638733
31188424
98859184
2641348
37441252
31188424
61382771
88403163
51562740
63239256
42894262
5880252
69711266
98859184
69711266
69711266
8328053
38394707
54009796
69219391
7110547
22742940
40605574
97231009
73996633
31416405
30914552
75932034
12469828
24055665
96537928
20219416
10122813
32253492
55675536
14375394
41331268
97296777
93286464
86354875
28637728
87641798
51069556
88754024
4618879
50625150
20567999
71090265
69177733
27604823
73996633
83741562
70339843
51069556
51069556
61366691
52196585
68985173
29870086
93286464
38455524
74114134
29870086
29703271
52196585
22579334
60252088
40605574
67128688
69177733
73793422
35342583
93129718
16963356
68421367
22376541
60252088
14444911
78852378
96416877
77724075
70964759
94711202
30835373
44442762
12488743
17360279
13543682
43123722
4424320
20972599
9233954
69192184
72075444
75901160
59068629
36894115
5605989
57208841
96098490
43774702
20170417
60774670
50315253
74108475
60774670
6812103
31260861
87391913
96408431
353992
52550953
96446206
58652585
59668791
8398397
40434685
70411089
40759378
32052410
80887258
23341111
94340814
82327529
92478761
52963
92405352
52963
10994991
1567300
52963
58230614
97277663
38841107
83190830
82151033
38996930
42318944
63153521
70945818
79914948
44870692
15077410
10994991
79914948
36304022
44870692
72924497
74596571
93077357
46319685
89097334
92150438
67604197
56952808
58230614
9255992
47301805
64537278
43443336
38841107
72924497
67604197
16679137
9255992
9255992
45762149
2699353
25452934
31634986
12653636
52963
77665922
75654864
46884728
73269434
23411276
67616508
78190761
95027674
11549961
24208354
77665922
51511462
34360191
22006670
65120796
96591683
98802811
52963
81985903
246957
73502447
60151329
64518126
74956243
64130457
58120109
246957
1460530
64035440
58230614
58120109
95174890
19608085
88001982
42067199
63390013
81985903
5241792
38244669
63384113
52831571
33549652
20349885
17664208
37229471
81985903
68774069
99540326
11150826
15537073
31183348
50872395
28407593
76915649
18336378
7555067
64518126
16752652
44295716
44870692
20212744
50872395
52963
20349885
81985903
10789316
32956725
64217484
26634817
67616508
27460212
81041138
20349885
81085819
67704534
95657748
69631128
89721828
4295557
24335864
52828267
52213905
90353620
60598316
25646458
25634171
49360100
88967371
57726100
60276145
14446200
57867361
77742421
12124136
94441136
16866766
774084
92416580
13861313
76789079
49975509
88006355
92416580
8593478
34736747
79761530
44147506
98124445
52213905
87967206
4999205
41675751
68783096
92414227
49017803
31235429
50905669
50905669
20759968
60268309
41675751
35282248
79764349
1018121
13775356
26369608
92923050
79545177
40939112
60276145
2829145
9927458
13775356
90180139
4999205
98124445
29294592
18480182
71683631
79764349
14446200
13775356
45510379
19214873
79329629
5294869
31235429
65776281
71683631
63875853
12124136
51113412
24561411
17492924
70543299
97299147
53448441
59542593
7146409
59542593
66793291
75448006
86526669
33513541
36976248
7325846
79657106
50369022
86463684
77501197
36798515
50966106
26249835
78421799
66029707
77329251
96817455
27504820
36267979
32080730
8390396
31834571
7327379
46552814
20521771
61646281
22072995
80011632
222211
20960254
52896052
44799641
79939196
95982332
95982332
28798048
79939196
69199026
67539266
10860813
33819511
7007836
70864538
8157314
36514761
63731887
56935981
16925001
25450516
88285528
2957400
78312302
93621711
17198564
91781589
21946405
86381694
3893180
44847260
81346933
41079710
5470872
38445566
76618561
70864538
46076402
49427553
50178161
26556858
66673773
40766140
49598107
11677925
34433458
4431057
79850237
61564620
49427553
61234118
99493510
79105008
15378722
74877668
79850237
43108276
78312302
31535761
56935981
32859609
52744150
17331355
91153898
75715126
67544019
68873080
86036108
39971680
15991241
65535293
91792711
32967811
61234118
30950408
38129838
72698754
54024259
7632170
20980910
3948703
65550661
70871829
10239375
70871829
83982357
99842409
43252813
52702661
66473065
99842409
45846565
65776842
47455597
54024259
16225961
94923128
92952976
83982357
69163571
37057229
41283869
83102529
92763247
55927687
69396173
75782454
83982357
65121999
33337402
69163571
2846102
41220538
77619601
76256438
3258979
55927687
51557823
3258979
19639645
27363504
8514180
11490867
18773210
11418870
8525862
82033781
34977169
485650
19639645
80600815
21078523
99952326
86419348
25602639
19639645
31401065
27380312
92367334
58692227
88316838
97318339
81104157
97099817
8525862
82033781
40941653
38670324
34044345
27380312
42507449
36967803
35942057
15491443
66102464
43627464
82530424
79837620
42507449
4939392
64481419
91690628
33539312
3446498
21067920
82530424
91690628
82530424
69396173
21078523
5421393
29367963
70349215
27260958
51613180
70514965
80656360
62802309
96047715
99202939
25874778
2702526
3539331
33547710
24956781
54337294
90508069
31742985
73471941
99102197
31742985
21806543
76862285
90129692
33264323
82634797
26304654
96221640
11931807
91592380
95968480
67548086
65918655
68033610
13401367
93960030
46380383
85731419
16616071
89463104
81859875
85731419
81859875
2952067
42073139
66959236
11319066
95049120
7053200
25427233
68812212
93960030
93327250
16823279
38547431
17302822
96825092
77403179
83600610
34411612
56847415
29544530
80305816
69391966
33058299
89790180
29915412
56653029
34383919
16712092
62853174
5917043
62853174
3046563
95146948
43800711
20636605
43800711
62853174
17213396
43800711
26640352
26897004
90879651
49551052
46217694
29544530
54150498
62853174
62853174
99015189
38547431
39653800
32208982
26897004
96825092
44080991
38547431
34383919
67166958
76322605
26897004
46956670
33058299
87036407
8687121
1020504
2321917
45524037
54060751
38059809
21546818
66715287
33066101
17920023
17161875
55207645
19623965
91709786
53874022
32883381
86480676
51321073
44450932
2827516
32883381
22351680
17920023
83754504
61338533
4648760
19623081
22351680
93318372
73785378
32698725
86480676
22505031
25159437
96236707
4177342
17347718
69814293
41441395
25159437
84504025
29107253
28295298
83156057
40605726
38635914
47050518
15672623
64046717
58327918
72983662
43651801
91311351
21102407
87429075
88597365
31408577
89853432
36193475
95073391
28486402
33636873
52618903
28486402
35430509
48159482
73580144
1228024
1228024
69548307
62299720
91360583
35100118
84568720
85381816
26569005
78532174
54736843
82985922
28994593
43877783
69370095
96081893
44951193
94326419
44951193
3132794
43877783
91360583
38189715
18937419
18997531
28994593
51026803
26316367
23621298
7884082
56358501
88570674
57719081
15609890
2674352
78659715
3955169
48227313
62686105
89109432
19873329
19843698
18233243
3955169
10882042
3955169
1230078
69782106
77765195
18233243
27953076
55518388
26000443
69177331
95073391
69507287
26505497
82985922
99786410
86216519
37657631
18233243
98656735
170084
81136704
10030323
79569069
71519417
91516717
58376858
1228024
24030643
89047030
50701910
52670117
75212495
78363194
20656442
10030323
43528907
40957631
23583760
31936268
57719081
91784381
22333145
71516814
84065284
55774567
8465233
50326283
4068621
51197013
8285002
91621969
71516814
76278960
95073391
48718756
60163309
52891547
71747601
58376858
45125969
6515274
70961894
76278960
32475898
25407076
81190977
99649579
17250896
67916484
51331254
96667216
57999031
66468797
81905630
99163058
64384367
98566519
58376858
45243383
26918816
95770377
70961894
4836207
66468797
95631268
39852327
59581281
47681964
24857318
49682021
29340163
13533861
67916484
33733695
14458969
83901927
6132392
57999031
43368239
96223268
3640993
45243383
18826721
95073391
96744915
52926761
91784381
47710753
78550881
32622871
43368239
22668724
96223268
95936187
59881406
10106129
99509686
35600126
15850100
22668724
63902585
7309419
95073391
90754686
59126749
47710753
34018290
59329188
59581281
53465929
4114439
16001978
34182163
72673600
55492375
59881406
34182163
51485078
6690799
47849963
59429706
59881406
7309419
45851868
1127784
99509686
95073391
24857318
54070506
5823980
3830480
95754699
81905630
88624326
29451249
34009552
77234991
98251199
67219172
35600126
95754699
92557097
74257946
95754699
67219172
92557097
23313100
89544203
77234991
18781744
83453321
72673600
50858244
93608057
34009552
34009552
10604419
23281384
33246593
87401506
81039530
26123235
5823980
33246593
53067240
34009552
58917279
97049539
78463141
18781744
23281384
34018290
94682719
31963456
63385543
70907621
66732206
34579034
50775348
68378841
35600126
51635901
7380334
88460279
58528234
5931202
83453321
16001978
81517790
83036146
14781528
83036146
9156865
58528234
77641786
20731324
45197480
95627665
58917279
59074271
69509760
70383076
83996104
56487530
95754699
28484545
76381988
84318243
20962921
24602401
76066285
38153512
24932967
8262394
60118833
18890427
74235655
43953137
74235655
76381988
97701681
55944833
72432311
65024978
14349633
10604419
77409287
23832513
43953137
37404399
24932967
59054500
68146454
27642605
52209106
64234768
9156865
5174389
73359144
10604419
29698900
10604419
59883911
83996104
22953333
70326906
92708003
18890427
88471437
65024978
15348554
95818487
32419878
9892330
91505243
93293683
24932967
26583234
55990218
95754699
31955837
84741200
31165567
50203343
76408872
32861110
63113041
4737665
70383076
5917919
92469110
17992712
91505243
83746595
55035636
86894089
18390910
59494367
5917919
99829186
22477528
68743697
8262394
52498545
95885109
27143936
74709579
98242232
20537726
23281384
76494464
73268718
5174389
18390910
91496815
19453121
638093
67658950
66887145
9156865
95754699
21347685
42500475
638093
36339181
96655561
1326386
52497723
2405424
24065439
68664828
74536841
78544897
74210813
44885403
12598855
44684267
34334872
16392319
22477528
82966556
74388104
26141180
74210813
52114920
54236044
82453199
85270896
97055058
40938348
26209055
21450094
52154077
23387300
65439763
41285565
9753522
97596241
66149865
895760
30644865
17428579
45245444
65974665
46508332
79777742
12748554
75863606
98629064
98629064
86974700
44203751
98629064
5943410
53286975
22396053
58541962
17428579
4561738
1280281
40310383
16322545
15804438
85270896
98354450
39720924
44203751
12797453
7563779
4205781
88005304
72738379
78648893
3183994
45829070
12748554
30515064
25091622
16549235
2047736
45829070
2532700
52154077
60971784
2532700
45198997
7563779
79777742
82202185
39439361
39720924
27854269
39720924
98238271
44204716
86216566
63420940
12478580
79777742
17428579
73173871
85862866
48291470
9415917
87838310
71989965
59296753
3856164
27418630
56859707
84239832
57893669
66079184
44240897
45245444
15837614
86141987
48547580
75992458
54354372
60764077
57158187
85467590
45825674
45054795
12748554
79015035
45639510
12748554
73958315
27418630
96066822
19939513
31792195
45245444
15586090
75360199
19515675
96477326
10075030
22694853
52527569
23240157
29578213
49449020
39659715
6387961
90589599
21609400
34833985
92273857
55350836
65408512
38224077
8955407
14016599
48471244
84271229
84271229
30554276
96983317
45974565
67627239
51208489
53277906
99593578
42968446
94451182
31654807
45679536
85614758
2503348
71892929
46000776
26748016
28274089
48471244
92273857
57874211
96963168
45033959
96983317
57764608
20262660
74905877
58646659
74905877
54011729
42903734
48815355
30568396
30380332
52903758
79251781
31365888
46200738
53277906
43495555
48738990
96983317
49342017
1999978
34140718
57874211
2791119
71479129
79731053
76048262
17158297
34325770
24902241
54582930
29899857
57764608
60088966
2567675
55350836
48471244
54431848
34140718
19438532
50351615
58646659
72300199
13414210
78327454
24902241
6128267
38505577
38505577
14842993
62233107
78179788
81505665
13646440
53386061
37977477
72219781
83952528
10079881
25311929
79357600
54842374
33813209
31936887
79357600
90779235
12114954
84744227
2230913
66276468
13646440
30901001
95860692
31365888
34191222
94451182
69936661
69088460
37977477
69088460
68208637
54011729
8941068
12162575
16029076
70522861
86957964
39085383
38037873
7098706
68031031
43162982
68398559
12432686
8941068
90779235
9754314
12706231
36171313
98216416
30901001
8941068
29726286
59366588
14808030
11361015
29519570
33530697
1023947
37719720
75486138
99466718
94249084
68398559
94451182
8941068
24802002
3675957
73188375
64477295
90779235
19619796
3797227
89977441
75100317
68723311
94249084
98216416
28274089
14808030
52116660
69259584
35739943
31365888
73188375
9570784
19619796
54842374
29726286
3797227
36250922
60262260
29726286
94249084
36171313
2707754
42109617
89977441
14007409
90711412
30773338
50504429
35217316
89018455
42954941
28180367
10138315
18014518
50651680
29726286
60262260
57501993
5488280
68093920
3675957
24367674
94451182
5504990
44034869
45476548
22228839
67062650
42109617
54842374
24367674
9754314
35508464
39005631
76042679
14928104
73619050
73432781
76957731
64143520
76957731
89741778
46516739
12993229
24840799
81855625
89325728
12993229
94903917
94903917
37018248
27667331
58509938
3045462
15240149
48030405
68028475
47670767
53542650
76957731
32204051
37018248
45212666
87049834
64382487
23349852
96977714
73905035
26338517
83948370
10647571
45212666
33193311
3427016
69951397
44716137
40859562
27521804
71417493
80889619
27521804
18679632
56636252
23429541
28097842
53100171
82435960
23431283
29268152
21044778
39666350
3950148
2480953
50215389
37100728
50435352
69895788
71473125
68855612
95023598
50638992
96514541
81604349
55381739
96514541
71473125
89400919
81732903
50501121
95556184
41551641
47569020
50435352
87658753
88177930
14524901
68878988
47569020
19268282
47567353
67754001
19409866
83080882
50501121
5473955
14524901
37771029
54749480
59797720
62735373
87397818
77290421
52208619
55138215
41557583
91111614
81632701
12398402
40264283
7947489
91111614
16965658
2750261
88687464
22720792
32984255
41668325
41668325
48087808
43744054
12728222
7947489
89480186
24072822
24922678
78841141
60259730
7947489
17628766
70544468
24611352
16965658
94563169
68629889
39141956
38567419
44732582
36808831
69413370
50655963
73596797
79620250
10975466
32984255
91710032
49075641
94822511
44732582
89692504
94563169
95669000
98832535
33908535
59069585
80664137
44453090
54073658
30648692
25296683
32922903
80059026
63877361
14221246
2516927
53903855
23801684
53903855
84505496
68520744
34835093
67548206
63877361
98901279
77384487
5768240
53857308
64514258
2868682
74744476
98901279
7920044
49090410
99932146
57863607
83226852
53404458
54073658
64420518
73721893
96814790
87322488
54555589
83226852
74622132
10520992
73475514
45729782
90317004
92119352
84353477
48325934
99932146
86327444
99351678
88049652
84353477
14183152
84353477
9477738
34772705
73649260
97754580
74342640
92119352
49202137
8927700
85120132
63673856
98783856
83908284
9477738
91500396
13429556
17943876
25456942
59155196
30677010
68525398
78118459
52165699
92119352
42568437
8413749
11296112
30677010
64695946
17943876
27081921
54073658
64962590
85588164
56225676
68712975
14259711
29619849
68712975
55254760
27081921
2903530
29396577
48325934
99737111
86677176
68556263
12132169
14259711
45816895
30677010
37540468
96177496
28786923
80850955
48325934
43906882
86959674
81986981
3274278
57026996
90212628
70356745
45914739
76337258
82721126
20200172
11296112
90212628
42778779
59007049
18629406
44844120
20200172
26281514
18629406
68556263
89441568
94931443
37540468
35809824
64765753
12606183
75965319
57909929
81986981
73649260
64962590
41342689
13763256
28786923
82721126
69505515
14259711
48413131
86677176
59136946
15327806
46627396
4194957
4864212
59007049
64695946
56957806
44757694
77262110
3965378
42446077
56957806
77384487
44757694
20362300
14591250
99054246
84780751
4805244
86677176
37376311
36001345
51376
89586958
92022273
5941370
85928784
37376311
7980648
47898145
35248425
44930601
58774493
6946444
84780751
23604993
56275471
37376311
68748349
80787643
36989197
58774493
68017973
12772003
37738595
65226942
21037147
73655447
58774493
88619575
41446278
21037147
65226942
33906431
68017973
37376311
64795520
68748349
72978230
1827760
50586134
28172372
73583098
92044580
92044580
16339683
72779942
18491373
77693780
67275516
73583098
63022133
58219305
75471653
72779942
57115716
79688370
67275516
25858500
75014087
75479108
40049488
52735938
25858500
92044580
28172372
97628305
98758526
72779942
20638355
64728183
44757694
49632655
44757694
20638355
1494644
28172372
34490314
66229561
1401353
75479108
48147046
75571639
3162477
94474601
92044580
48776362
61034273
45632799
27501906
56066280
73583098
44757694
88598777
76474873
60945322
3874366
24860976
23055575
99192364
3709099
86959674
10963565
50152864
88598777
70828511
69954880
97368438
92823910
28172372
46777187
73758645
59260735
34202766
34202766
89051846
25397945
32152438
27393083
88318115
524920
95177021
15137609
82432700
82516983
38100989
6573836
39805674
66086707
90132346
55907295
57459014
98827887
32596882
25120776
85135682
57459014
39123726
65357618
37940788
578334
10740823
55907295
55907295
31936510
94718582
12685728
12227292
35841872
39922654
54357863
65160151
8003413
98096300
8179852
93829720
37938532
97918866
35739343
67288951
65160151
90786400
87526808
8625670
39364527
59826352
90786400
32253456
93829720
91995903
46966914
82671971
91995903
2529771
94508676
14098799
19430393
20951402
18986712
45519627
20951402
3974972
46669536
10329089
756456
10329089
15985006
56563109
61703521
39723454
66378897
46455792
15985006
40292340
77984099
14417388
77984099
49379123
34446124
91011279
50851572
75157297
77157038
76943777
92340691
69550019
25517013
97834196
10138281
15359555
66481032
79628959
70000805
70000805
1483861
48038625
53159524
31394427
99124774
30060174
87438422
38839066
69705603
70000805
91033478
50092395
2831538
94450930
86704678
3782557
23444250
53391105
78808256
86745917
70000805
22021107
56550619
2831538
52740696
52015971
61026109
45247841
40475002
19998331
79371009
5948873
23946323
66499238
32498284
4766189
90943839
6789343
27199255
4977257
51498315
73557966
68454129
24697568
79950717
85398190
22279593
62313361
74256761
218995
97485160
87045248
62254845
9664979
52133513
16103397
76425359
42401691
32671365
26281808
97485160
91390680
35743545
63292814
74256761
1587883
1587883
25228792
24733126
52829815
18834875
46593476
92331173
4766189
1695109
69477598
87720494
35743545
457423
50958615
64124518
8840660
33350188
94073160
98795511
22390095
4766189
42326952
19998331
83228276
83228276
51352542
34523880
92331173
1442974
65339433
97485160
18639900
36320134
25228792
27561843
57387802
57809312
21348809
27561843
3695714
96498212
1203694
83228276
25477415
33836449
37515288
42185192
19281300
53854097
89433909
44054558
70877184
61438656
10992927
85829759
23813486
21003692
53854097
53854097
75343275
28360074
37925631
59257695
69266324
13681035
61982542
20250429
90449129
50479186
22956180
77463778
77986313
74579953
28360074
75998928
77625087
20461303
95764480
81586021
37925631
15421513
84553330
10379704
74897630
23369370
10379704
9070024
77986313
22249442
95764480
20250429
23536512
81411321
45643438
49581452
66689830
33292586
49730795
49581452
49730795
61215067
4468399
55819052
81586021
12542114
45380938
72286718
20461303
50498004
54811368
56494997
45380938
95622226
62868186
52834819
15806039
56494997
77463778
72216530
9771629
30713830
50914494
26434755
87961032
936874
91867502
31602478
76149376
62868186
20250429
936874
96414061
96414061
72216530
35621345
96527610
77286647
8683054
72540726
936874
88223665
86526625
94000190
72540726
72216530
23617083
78959497
8643486
9412066
90042088
26178674
25304139
72286718
61208935
17869988
55931511
33777755
2127338
69144024
58156479
30334574
30334574
29940583
55931511
20139779
81719283
81719283
70378071
5586749
17869988
68934957
80929073
162507
78959497
98539943
87881861
49907457
37854709
27291743
37854709
20012248
96181991
41915980
50163515
1580295
60623125
90042088
43504387
25304139
30334574
62624373
30334574
36212774
162507
1359749
86203263
88251364
34593778
89852795
76616222
66909678
94283272
20042531
53001940
51890217
78959497
76616222
9212201
55420786
88223665
85560693
47506660
88028522
71483870
17704053
32456830
20160459
51890217
9212201
31598916
95496715
54895313
70346339
31598916
1170220
2312849
62412487
86515476
79573209
3414217
31281321
38470428
31394764
92764088
52370847
7479013
12084971
28678253
10330348
58812182
45673718
83076603
78774587
62823775
62576517
46188130
15915063
43169698
90133738
43169698
46188130
99977413
89188914
12960100
58008147
48771531
48278535
58350843
95027971
18992760
19965027
18466494
44758024
85983911
39914683
86929776
15750717
85134300
88889309
65310682
96534637
29754972
89422718
1902898
49600521
20890384
28213613
43567772
45624573
20285350
43324007
24066701
25381162
20285350
38088038
48111640
50077030
97038404
16824080
11857017
69562927
60181682
16691449
4221535
90254029
55999735
54336316
79327794
20285350
53676890
7028252
68596581
82573845
14513497
52797730
12140244
54921892
82888931
4221535
72161008
33464076
36274187
38088038
17071190
39653624
40241128
77025881
59214374
73298024
50258942
19079780
2407070
29268592
76302819
87265209
49600521
83699036
14077667
80871275
37246485
69987456
962660
89383235
13684623
78525609
80286420
80286420
45452784
40241128
89105430
39838406
4266724
82994413
47301063
4266724
86338548
69870949
38161471
50258942
10021799
75638387
40241128
9489398
13589927
80286420
82888931
75767745
49412797
86338548
56342931
9378319
7933909
92179143
84690838
80154405
60017816
7140529
34161531
4146163
63251738
24541886
71368145
34161531
55264886
9822706
4977275
21048916
94674593
7101174
30312331
84690838
65135646
76842198
1518262
30114419
80415802
63251738
9378319
92835988
63659182
9378319
23066780
9360050
99100070
60017816
84690838
45882419
52657370
67456543
36347159
22698307
91835442
1423374
22698307
85343940
52657370
67456543
80415802
84690838
68942175
65358815
19159368
56815223
79893737
435768
88585172
58560406
92949618
6004293
13939714
70008794
88110829
50379655
50379655
7140529
4977275
14395160
92511934
88110829
81434055
7140529
93290070
85864677
18073346
85343940
38901500
58560406
42512384
18073346
39982422
21006003
21048916
58211379
65358815
34595798
435768
30114419
15980075
4702522
39982422
66475376
22467152
12715615
93259411
3613751
14286858
38305079
66475376
88084164
37038122
64028255
3007226
58211379
34881855
76599767
59332429
26547351
51353086
94312311
76599767
5216152
23066780
34881855
4731963
11858988
47790742
5373959
38305079
89556063
2540094
92193483
95514328
57264481
99011969
29688395
38305079
98375270
21048916
99011969
10662719
18511538
6656597
35339069
95793729
29763055
85496858
85864677
58211379
97910673
74225373
99011969
54894333
68576746
95793729
65629768
23038315
45387568
74880686
76921606
80508161
25114641
10662719
86274477
36171429
8485083
21048916
77450444
26547351
41888922
77913100
11858988
99594346
78546577
94686436
75874294
39306436
85496858
59332429
3169713
99594346
99594346
88883869
39982422
88527475
76599767
85864677
16972120
34595285
99860672
1518262
23066780
34595285
64501589
26547351
36936492
79324178
72455113
9776533
76599767
76599767
29605317
27569771
26547351
44919500
23880184
53389271
13720001
94201041
7013201
34881855
38676038
59332429
29309317
26146431
84915819
39306436
16643641
46417817
99338318
