300
291682036 88 242
748510667 202 240
827360407 9 291
559890096 131 274
918704609 184 296
62268455 47 177
145240975 230 255
480249205 105 131
657768325 243 286
141414674 270 278
17186802 261 288
759021241 137 147
375425594 100 134
982578823 143 212
491858468 11 158
584169961 258 278
125923937 116 122
720519793 193 275
665385755 62 87
333968140 73 81
433003999 64 101
748361697 56 215
166564202 260 284
775952666 94 237
600397056 145 232
645314838 298 299
283222858 32 94
973705230 58 59
347559361 111 242
408762537 33 186
703134754 43 159
27137084 6 194
272718927 48 293
71263011 203 214
727274533 153 209
552191749 76 142
343178729 226 283
420354947 287 289
200688746 289 290
849272037 217 240
577014280 204 270
111759947 133 273
931060153 170 251
125890785 224 283
793112579 150 208
857790437 192 209
188929843 279 290
259047548 98 137
94807739 262 266
359856139 161 288
198910080 158 194
742484192 253 296
686240854 103 215
961455203 35 181
321695344 174 282
194067303 144 208
306231974 75 253
570065537 164 175
797388354 89 121
77248174 191 275
545249503 123 156
492138941 247 292
381973394 202 247
454098959 62 116
302254672 175 270
594653227 233 292
756983199 217 278
612113622 71 204
295378467 195 235
471864315 67 194
855765799 153 161
304796491 152 216
825178863 82 113
475482082 221 258
898852935 22 237
644286806 204 222
362900949 202 264
42476972 261 291
496022275 255 266
454530022 33 276
922352349 25 126
638023594 58 171
150097759 201 219
963152661 10 60
770572163 50 159
914323490 279 286
867906893 263 282
246949792 150 244
598344368 48 138
173415768 297 298
468746827 266 274
225164344 54 278
190020883 77 232
264854090 14 118
694869359 52 229
378770472 202 210
360110807 55 179
553348758 36 236
809424211 284 288
44746410 75 274
596229885 107 241
15578736 223 280
236958407 215 248
183613647 231 296
688823402 143 293
475167325 156 221
806007843 159 175
822973377 4 103
176866679 201 208
102467769 127 139
764767266 118 284
437633094 144 183
429583859 109 127
510415778 244 280
497034437 235 296
333221302 196 198
197625359 35 183
525748655 270 299
940306666 249 278
130739406 225 278
616349294 115 157
107054146 79 192
761567047 169 284
364536607 163 272
536300169 268 291
797975032 250 264
636905740 105 146
953051343 249 274
900820516 57 274
265137378 79 293
652279656 108 259
793617410 202 227
925939505 220 250
461077940 199 280
425604111 266 296
161022579 142 254
937195835 226 236
833788856 229 259
128494662 289 298
262274432 103 111
776526755 56 289
72329864 215 262
491602952 128 286
363690588 288 293
836815142 201 207
822673620 123 128
370310867 197 273
306180597 53 247
707718415 92 270
98078467 45 241
211922166 1 238
369040919 89 205
71471844 141 162
729689950 103 208
426132759 21 173
485388138 30 176
475675963 118 119
208885586 76 252
189150424 12 15
341483740 211 239
339981661 27 183
291894353 204 238
536639283 154 218
85145869 282 294
475725235 7 145
274408223 299 299
165753881 169 230
554095578 80 285
486125571 259 293
417873347 97 270
851292162 227 239
935584288 138 242
593373820 243 258
464780141 3 32
345378291 165 299
259567012 255 281
984393597 23 227
906016720 213 269
94134501 68 299
262594187 80 297
764667509 138 280
807666558 202 298
393947780 255 299
512560556 236 247
369896357 3 163
331857993 224 274
378442212 77 260
301199351 147 201
156528779 67 136
189382342 41 109
739744747 66 76
894126299 70 185
943927110 106 258
53224941 122 124
630008723 241 281
30946672 16 82
219526998 251 277
817217647 208 296
198930459 125 229
143583478 169 230
222865507 107 169
701973081 14 173
966197127 2 262
804507512 132 136
731778610 79 155
934857448 86 155
137154795 231 272
65445876 210 286
71974787 291 295
218772569 67 145
300354628 178 279
299455976 280 294
601310538 249 282
810771926 51 218
401725430 85 161
483083894 11 157
30037130 35 202
566274553 6 87
638010059 29 99
656202104 65 190
94067503 215 218
462896467 243 249
167283532 285 285
986395087 185 250
553809143 108 194
818154446 132 185
950868139 194 261
340614079 240 243
883192929 272 287
151094688 117 178
49828571 232 288
142539274 150 198
105863510 16 69
459558588 86 176
765705021 153 236
208983324 144 224
766647454 74 224
326880466 270 290
828104145 175 227
129362914 144 145
108657826 16 253
836656268 294 296
217195771 39 222
907049442 87 182
254958165 162 185
72150411 80 185
912908957 158 178
829012014 289 292
587341240 271 291
338513689 290 298
491810964 174 188
869802612 40 100
573925065 266 287
610946463 175 210
884565749 254 267
478390907 253 287
420502503 262 277
831261489 191 239
115865085 15 162
683981054 128 248
24926548 141 265
799441783 128 282
120930202 187 187
873245609 2 25
386714986 76 251
273863839 47 204
962475561 276 297
799031317 227 231
461492760 269 272
147354978 4 96
735349615 54 247
245107802 124 170
672453127 6 146
199603465 87 238
745038295 213 285
253661130 52 149
948100379 245 252
604758919 87 242
637483832 179 288
769263825 143 197
659760414 243 286
228653418 17 206
290316087 47 296
171485353 146 265
321184337 15 196
162749932 10 264
464343967 32 147
384598895 256 280
959441018 195 233
562470829 109 239
33640029 4 149
516827043 85 119
128937099 182 197
424378389 210 299
791443672 252 288
992398597 173 250
800865766 238 259
308272556 99 270
336329312 151 232
838895714 245 287
241
240 269
116 296
218 270
42 118
28 192
28 164
27 291
103 125
162 269
284 299
256 271
230 275
129 145
233 288
93 247
282 289
251 283
80 207
211 218
139 286
114 286
62 236
217 249
261 300
298 300
233 288
33 118
165 214
94 232
277 282
94 116
43 265
38 67
240 268
103 208
155 209
196 258
119 202
178 260
193 260
227 281
282 295
248 299
97 218
95 176
62 185
294 297
17 290
266 283
163 188
105 214
241 245
89 126
103 149
44 55
61 209
174 234
90 186
34 213
54 271
228 281
100 117
183 187
267 283
120 284
114 272
216 229
112 262
231 237
50 56
212 278
72 278
289 295
124 126
281 288
141 143
196 262
106 264
220 279
233 298
141 232
273 292
90 99
20 154
82 101
179 264
41 121
74 165
12 298
204 210
293 294
254 296
18 62
208 290
67 249
297 298
144 174
249 299
201 274
295 299
53 148
188 295
213 214
67 165
50 106
236 244
20 41
243 244
56 267
150 176
16 202
275 294
244 272
128 242
262 282
193 266
2 200
34 146
208 279
2 295
22 215
150 289
135 253
167 218
90 292
98 176
212 276
4 228
91 237
271 284
151 269
135 287
203 232
237 278
221 249
227 291
2 209
9 177
92 225
243 292
133 167
214 272
94 176
126 190
255 268
261 288
232 254
53 66
214 271
149 199
277 287
98 274
169 234
223 234
268 277
73 265
101 276
170 214
153 155
286 295
270 300
7 173
72 204
47 259
154 181
162 236
250 257
228 282
135 153
20 264
16 21
218 239
232 260
72 187
176 220
244 278
103 161
27 104
20 159
207 227
92 187
103 210
3 45
265 271
194 255
126 188
138 165
218 234
200 206
267 287
264 300
8 292
137 262
123 225
221 233
118 281
51 77
63 255
275 280
30 102
179 298
206 226
56 136
123 271
266 287
212 215
62 144
172 297
58 93
44 53
77 118
274 297
194 201
247 292
97 170
112 174
254 281
185 221
116 142
144 155
61 118
146 212
148 236
296 299
262 296
167 292
274 300
90 241
169 181
158 296
160 187
261 267
240 249
247 293
141 148
43 195
248 296
40 297
77 299
279 281
41 123
