764587783
954356467
764587783
763829844
957256513
936015577
959258003
-1
954356467
-1
725890631
764587783
-1
764587783
954356467
-1
725890631
939647187
-1
954356467
954356467
954356467
457616727
725890631
-1
764587783
763829844
596300770
954356467
-1
558119287
954356467
-1
764587783
869873844
626215466
860333617
869873844
860333617
860333617
764587783
-1
725890631
954356467
611051211
939647187
-1
959258003
-1
105828878
869873844
-1
558119287
-1
-1
939647187
954356467
939647187
939647187
954356467
764587783
-1
-1
-1
954356467
954356467
-1
954356467
-1
-1
764587783
954356467
-1
-1
-1
-1
860333617
954356467
764587783
764587783
954356467
638813098
-1
936015577
-1
860333617
763829844
824273882
959258003
-1
-1
725890631
-1
764587783
954356467
-1
275629717
725890631
860333617
-1
763829844
932557098
-1
824273882
696601113
-1
-1
-1
954356467
275629717
957256513
-1
725890631
954356467
725890631
860333617
957256513
763829844
764587783
959258003
957256513
954356467
954356467
954356467
954356467
611051211
764587783
959258003
954356467
-1
954356467
954356467
483113233
764587783
-1
764587783
957256513
957256513
954356467
725890631
263803069
764587783
611051211
772471431
-1
725890631
-1
-1
764587783
772471431
-1
954356467
954356467
-1
-1
954356467
954356467
596300770
-1
-1
638813098
936015577
939647187
954356467
275629717
954356467
-1
764587783
-1
959258003
-1
-1
10001575
939647187
954356467
725890631
611051211
936015577
936015577
-1
939647187
869873844
800223323
-1
860333617
772471431
263803069
-1
-1
509703195
725890631
959258003
954356467
954356467
-1
954356467
-1
954356467
-1
936015577
932557098
-1
724726990
954356467
509703195
-1
724726990
954356467
-1
-1
724726990
-1
-1
725890631
611051211
287762779
725890631
596300770
-1
-1
724726990
868118660
954356467
-1
725890631
954356467
-1
954356467
-1
954356467
105828878
-1
-1
725890631
-1
939647187
725890631
954356467
954356467
-1
763829844
