5
4 72200144425
8325430625 2670276085 28634586696 7022264163 3661632378 2367261739 10232474453 3774830600 1506014065 7367304216 3390951803 8160204725 6796727219 6019466683 3954934281
16 15 14 13 12 11 10 9 8 7 6 5 4 3 2 1
4 59625151482
30897354376 30609979568 27256229650 674990619 1085277719 14473263898 8977472332 5228787944 10447833645 2066329854 2845521220 8298931139 5796440097 2543905956 2356860415
16 15 14 13 12 11 10 9 8 7 6 5 4 3 2 1
4 42022296758
86664904411 14273795927 14236001328 3571561893 10246022640 3831899974 1494182641 4578504570 8508408287 3169274640 3623360966 5959166742 3272384148 2545934070 6001069674
16 15 14 13 12 11 10 9 8 7 6 5 4 3 2 1
4 42247999236
15849006691 18454377067 1636905199 8571852642 19984306918 6228932922 6591491301 551399637 7985043671 8896326078 8169411988 5779933602 6885548962 6771792154 6558733897
16 15 14 13 12 11 10 9 8 7 6 5 4 3 2 1
4 7176435285
54203404216 9130684512 16477094240 14843219714 2773381432 8964486998 8216879041 204473182 4989367830 4595244492 1912364620 7807240640 2302569275 1035004595 4329945005
16 15 14 13 12 11 10 9 8 7 6 5 4 3 2 1
