5
4 57027708272
54089467207 33810663935 7532229678 21987127560 14710689868 6888376031 6891706488 2673552732 6714150686 4528925680 1656213629 2865330692 5117402731 7089361152 266918875
11 16 7 10 14 6 8 1 2 13 9 4 15 3 12 5
4 45441643203
5018461723 20868515022 6922907617 10126753563 4284142364 872685214 10824591241 4970035427 7074498733 5869713467 3740568508 2902801609 853415219 6923531801 302385086
10 16 6 3 5 7 12 9 13 1 2 14 11 4 15 8
4 3343323223
87941439709 23193292153 144200964 10866011263 7383352206 10238790517 6229354970 823627191 181636833 284283818 5715657190 4671359855 4320142821 5616203784 6580025615
3 16 5 11 7 13 14 10 2 1 9 12 8 4 15 6
4 46198552489
81525161249 3692144510 740354026 1506142565 19189322842 6730489937 4671678578 2260549975 3438742402 562559628 4709110233 3440044441 6886955189 5863323659 3645746390
6 1 13 14 10 12 2 16 15 3 5 7 8 9 4 11
4 78904825142
58116389121 32718607902 20882982402 8131551751 16741772066 10012171485 4397141476 8162859240 413427367 6638399346 648203898 4891020611 6512729883 5657785403 5561404182
16 7 9 14 8 5 10 3 13 4 11 15 6 12 1 2
