2000 1620 19
1615 577 1
1615 1746 0
1746 621 0
577 655 0
577 979 0
1615 1068 1
577 468 1
979 123 0
979 1443 0
1443 1097 1
1746 789 1
577 1856 0
621 1312 1
979 1252 1
655 469 0
468 1677 1
1443 686 1
1252 1075 0
789 934 1
469 1471 0
934 1589 1
1471 996 1
1075 795 1
1589 991 1
686 172 1
1471 1344 0
123 971 1
123 184 1
1344 1802 0
1075 76 1
934 439 0
686 1483 1
996 921 0
1483 1436 1
76 781 0
1436 763 1
76 149 1
1252 909 0
172 866 0
439 322 0
1471 970 1
763 1594 0
991 301 1
301 525 0
1802 1843 1
172 1417 1
76 345 0
781 1394 0
1589 412 1
1802 775 1
322 1315 1
921 1253 0
525 1217 1
1417 159 0
412 436 0
1843 205 1
1843 567 1
1436 1137 0
76 363 0
322 1752 1
345 121 1
567 688 0
159 1345 0
322 801 0
1253 1721 0
322 1995 1
1217 1957 1
1137 737 1
1315 1671 0
301 1181 1
159 1245 0
801 722 1
688 13 1
1245 16 1
1245 1817 1
1752 992 1
1671 1848 1
1817 963 1
412 1257 1
1721 1410 0
13 268 1
1245 606 0
1721 1888 0
1137 838 1
13 1243 1
205 1551 0
1551 1071 0
13 1264 0
1345 1693 1
963 178 1
1257 1040 0
1245 281 0
838 1639 0
1551 119 0
1410 537 1
13 794 0
178 1821 1
1671 1149 0
963 596 0
1071 1373 1
1373 761 1
1639 1768 1
119 202 1
992 1016 1
1821 1631 0
1243 1579 1
1040 1635 0
1149 40 0
838 426 0
1639 282 0
1579 727 1
1693 821 1
838 1857 1
1821 906 0
40 312 0
596 1732 1
1857 1291 1
1693 721 0
794 1348 0
281 938 1
1016 73 1
73 445 0
761 325 1
426 625 1
1373 1105 0
1016 1728 0
73 872 0
1635 1900 1
1348 611 1
1105 1354 0
1105 530 1
1631 1754 0
1900 1184 1
1732 251 0
325 87 0
611 784 1
611 919 0
325 1112 1
611 766 1
919 254 1
254 1600 0
625 1811 1
1354 1435 1
766 14 1
784 1207 0
73 524 0
530 1069 0
530 1499 0
1499 1175 1
1207 1438 0
611 1846 0
1207 1332 1
251 1913 1
1069 1177 0
1175 1894 1
919 723 1
524 1791 1
1438 97 1
1438 1547 1
530 493 1
14 1988 1
1207 1301 1
1988 605 1
97 774 0
723 624 0
1177 1755 0
1846 656 0
1600 729 0
1811 1369 0
14 1269 0
14 966 1
1269 1730 0
1913 339 1
1438 1320 0
1332 1729 0
605 1560 1
1755 848 0
774 60 1
1791 450 1
60 1276 0
605 946 0
1988 1603 0
1730 214 0
1729 790 1
966 1690 1
966 1965 1
729 1279 0
1729 1145 1
729 1287 0
1301 501 1
729 700 1
339 1462 0
1729 1162 1
790 1444 0
1279 1550 1
1730 588 0
656 800 0
60 1681 0
1681 855 0
1965 188 1
1462 882 0
501 1614 0
588 573 1
1145 1198 0
848 945 1
1198 420 0
1145 79 1
1287 1310 0
1287 1541 1
855 1554 1
882 275 1
1462 1506 1
573 1357 0
573 648 1
882 1847 0
1614 1030 0
1162 2 0
275 803 0
1554 1196 0
1550 1906 0
1506 1156 0
648 1632 0
573 1485 1
1847 417 1
1506 1169 1
1030 622 1
803 1092 1
1196 1552 1
1632 54 0
420 1465 1
573 134 1
1357 328 1
1196 563 0
1552 1778 0
1156 998 1
803 724 1
724 529 1
1485 1376 1
803 1915 1
1376 586 0
1169 1599 1
1915 391 0
417 824 0
1169 244 1
586 1905 0
1632 1211 0
2 922 1
563 1662 1
1092 555 0
998 30 1
417 925 0
998 1509 0
1169 414 1
244 962 1
1599 1078 1
922 1077 1
555 1701 0
30 1374 1
925 186 1
824 1719 0
586 765 0
998 643 1
1374 1633 0
724 1609 0
1078 1526 1
1211 1390 0
1526 174 0
922 1556 0
1374 1412 0
1509 280 0
1390 705 0
705 307 1
307 1079 0
280 374 0
1211 125 0
705 697 1
30 457 0
414 383 0
1526 393 0
1526 1945 0
1701 408 0
1556 1644 0
1644 1645 1
1077 536 1
1633 1441 1
383 1920 1
408 574 1
174 1456 0
374 1647 1
1647 362 1
705 1674 1
408 430 1
1674 1448 0
393 21 0
174 816 1
430 1940 0
1645 1242 0
1674 695 0
1441 595 1
1079 377 0
1674 458 1
393 575 1
408 143 0
575 793 1
1920 576 0
1940 1703 1
1945 1221 0
393 1341 1
1674 1770 0
575 804 0
1703 1103 0
1770 543 1
458 1675 1
1770 271 1
271 1923 0
1703 897 0
377 138 0
1675 379 1
1675 31 1
1674 466 1
138 981 0
897 1415 0
143 1952 0
595 1990 0
695 957 0
1952 36 0
1770 515 0
543 858 1
515 1379 1
543 731 1
1675 1638 1
379 47 1
543 1215 0
804 1597 1
1103 24 1
981 1172 1
1770 1329 0
466 1572 1
543 1868 0
1952 852 1
1990 868 1
731 1015 0
1638 1705 1
24 1482 0
24 1160 1
379 1982 1
1868 603 1
1379 1967 0
1967 316 1
36 1532 0
1532 1074 1
1074 1458 0
1160 853 1
515 185 1
852 1958 1
1379 545 0
1172 303 1
545 320 0
1074 914 1
1458 754 0
316 1951 0
1458 1710 1
1597 255 1
1015 1316 1
1967 499 1
316 1202 1
545 1786 0
1951 1549 0
1160 1042 0
1951 1029 1
1549 1513 0
754 859 1
320 1271 0
1549 1760 1
1967 1574 1
255 1154 0
1271 11 0
1710 191 0
1042 68 0
1574 1026 0
1202 1391 0
859 1780 1
1760 1890 0
1780 411 1
1026 370 0
68 1591 1
1202 1502 0
1042 681 0
191 1323 0
255 1944 0
1710 850 0
1780 865 0
68 1658 0
1786 1066 1
1202 66 0
1026 1101 1
1760 534 1
66 602 1
1026 1274 1
1391 959 1
1502 434 0
1323 1718 1
1574 1046 1
1274 778 0
68 1570 1
778 615 0
1026 419 0
68 976 1
1391 314 1
865 1179 1
1066 1909 1
1570 1409 1
1909 743 0
1591 1121 1
1944 470 1
1658 1751 0
1751 1336 1
419 167 1
1751 791 0
1570 1785 1
1101 290 0
419 45 1
602 703 0
1179 551 0
1909 432 1
419 1171 0
1718 180 0
180 1326 1
1121 449 1
1909 1862 1
1326 164 0
1046 1804 0
1751 598 0
180 1247 1
703 1524 1
551 236 0
976 90 1
976 755 0
743 1724 0
90 1492 0
551 1005 0
1326 875 0
90 952 0
1326 827 0
1524 69 0
164 1642 0
1724 382 1
551 92 0
1005 168 1
432 988 0
598 1151 0
1492 131 0
1151 1411 0
755 1925 0
1862 300 1
1492 1525 0
382 1842 1
300 150 1
1411 1002 1
1492 856 0
1925 701 1
236 1430 0
1151 140 0
90 1469 1
1525 1999 1
140 56 1
1430 632 0
1525 460 0
1411 1837 0
92 1606 1
1925 1024 0
875 403 0
1925 116 0
1151 999 0
131 1067 1
1067 1713 0
1525 1461 0
1999 139 0
701 590 1
56 728 1
701 629 0
728 1537 0
728 1086 0
1837 1997 0
632 103 0
103 873 0
403 1277 0
1997 1241 0
1837 1406 1
1086 1063 0
403 1514 0
1406 1699 0
116 1619 0
1699 1009 0
56 1447 1
403 1371 1
632 654 1
1067 1011 1
1713 1873 0
1406 425 1
1086 59 1
1873 19 1
139 935 1
19 176 1
1997 269 1
425 899 1
1514 1305 1
1619 491 1
629 389 1
103 986 0
654 823 0
1406 706 0
1063 1722 1
1277 969 0
873 287 1
654 1936 1
269 152 1
287 806 1
823 348 1
176 409 1
152 1473 0
287 38 1
1473 94 0
806 1801 0
269 1689 0
389 1209 0
94 1593 1
152 104 0
176 825 0
19 779 0
969 1834 1
348 1891 1
152 771 0
491 1260 1
969 418 1
986 604 1
825 860 1
706 238 0
152 1425 1
771 709 1
104 1779 1
1473 1636 1
1936 1280 1
287 433 0
104 972 0
104 1569 0
1260 1630 0
1779 1558 1
348 1292 0
418 769 0
1636 277 0
104 1706 1
825 1916 1
418 1653 0
709 299 0
860 1812 1
1812 1869 0
1653 410 1
779 1838 1
1838 1715 0
604 1938 1
1425 1855 0
972 642 1
1636 1613 0
1613 1704 0
604 1122 1
1704 446 1
1812 660 0
1630 955 0
1916 27 0
1292 294 0
1812 1815 0
972 1534 0
446 1419 1
277 785 0
1916 1879 1
1534 50 0
1715 954 0
50 664 1
1815 1060 1
664 1960 1
1916 467 1
1653 1519 1
1534 195 1
1534 1416 1
50 311 0
311 1349 0
311 1865 0
664 1942 0
1349 672 0
1519 1476 1
672 1798 1
1704 1716 0
1534 1356 0
467 1450 1
1879 1472 0
785 1180 1
1419 1317 0
954 917 1
1942 1186 1
1716 1741 1
917 1818 0
1879 197 0
1741 464 1
1180 1128 1
1450 1976 1
1818 333 1
1865 1239 0
1716 997 0
1865 1684 0
1865 71 1
197 1426 0
333 1700 0
71 1386 0
1476 1771 1
464 1439 1
1716 161 1
1439 1398 0
1472 1522 0
1771 109 1
1398 1324 1
109 1281 0
1281 742 0
1439 9 0
1450 1823 0
997 541 0
197 488 1
1823 569 0
1439 1222 1
1324 43 0
1426 1325 0
1700 756 0
1771 1020 0
1128 1895 1
1398 1041 1
569 1765 1
1771 245 0
997 1824 1
742 1941 0
1823 1108 1
488 1256 1
569 876 0
1522 521 1
876 1396 1
742 745 0
876 1007 0
1256 137 0
1281 520 1
1823 1072 0
109 1845 1
1765 1120 1
488 618 1
1020 397 0
1824 344 0
344 1487 1
344 702 0
397 1871 0
245 1496 0
1020 975 0
1765 951 0
1487 385 0
1072 422 0
951 1380 0
1072 675 1
385 1340 0
876 1407 1
1496 193 1
618 309 0
618 912 1
344 1331 1
521 550 0
385 1840 0
1407 1399 0
1399 1592 0
951 1038 1
344 181 1
1072 689 0
344 355 0
344 453 0
975 1583 0
1399 1150 1
550 1937 1
1340 1098 0
550 295 1
1840 189 0
1399 1467 0
912 1193 1
193 1882 1
1098 1497 0
1467 228 0
181 85 0
1840 1625 0
1497 531 0
1340 960 0
1399 694 1
453 1641 1
694 1559 0
453 888 0
1098 1170 0
85 1343 0
295 55 1
1343 1930 1
1497 777 1
1583 33 1
228 250 0
453 1440 0
777 1543 1
531 48 1
1583 1987 0
1937 86 1
85 155 0
33 459 0
1559 447 0
1343 1820 0
1641 929 0
86 165 0
1820 396 1
85 497 0
155 474 0
888 1518 0
155 544 1
1170 1914 0
165 1989 0
694 6 0
1343 676 1
155 669 1
33 504 1
459 513 1
33 1114 1
669 1452 0
669 878 1
544 884 0
1820 1381 0
513 1985 0
929 5 0
1114 1037 0
504 747 0
1114 1420 0
396 1495 0
1114 712 1
1381 1234 0
669 1500 1
1914 843 1
1234 1643 0
544 1650 0
843 1750 1
497 223 1
1114 305 1
1500 1756 1
1756 1608 1
1234 304 0
504 918 1
1037 668 1
747 1200 0
1114 1748 0
884 98 1
1500 1586 1
918 1083 1
1750 699 1
1748 817 1
884 518 0
98 270 1
1985 187 0
1985 548 1
305 1327 0
270 710 0
223 1679 1
1495 1219 1
1650 920 1
668 1747 1
920 1563 0
223 291 1
518 522 0
1083 1131 1
1608 509 1
1756 1035 1
518 406 0
1679 1187 1
187 1676 0
270 832 1
518 1194 0
1200 1486 1
1486 1474 0
1748 665 1
1474 306 1
522 1744 1
518 1577 0
1327 1897 0
1486 1308 1
548 1126 0
1897 192 0
270 1666 0
920 1087 1
710 1178 0
291 1790 0
1194 141 0
1666 1064 0
1308 572 1
406 416 1
1131 1300 0
572 1668 1
522 402 0
1087 80 1
141 360 1
1187 633 1
665 212 1
633 207 0
1486 649 1
1666 671 0
1790 1996 1
1178 7 1
671 1917 0
649 1479 1
1996 1624 1
207 153 1
192 415 0
192 767 1
153 1334 1
153 1661 0
1996 802 1
1666 224 0
1334 1571 1
802 1596 1
1300 443 0
767 173 1
1300 652 0
1064 1934 1
443 351 1
173 1669 0
1571 65 1
443 1454 1
224 52 1
153 1093 0
1093 1734 0
671 1455 0
7 258 1
671 1457 1
1734 146 1
1479 585 1
173 1010 1
1661 630 0
443 1664 1
767 1351 0
630 1338 0
1596 733 1
733 1080 0
258 1963 0
65 1507 0
1093 546 0
52 1460 1
1457 198 1
65 949 0
1093 1191 1
546 1205 1
173 1652 1
733 1001 1
585 739 1
351 1000 0
1734 1761 0
1507 1986 1
630 956 0
1080 1134 0
1457 932 1
1455 1708 1
956 1027 0
146 678 0
1027 72 0
630 1758 0
1652 1617 0
739 441 0
1027 904 0
733 1733 1
1205 107 0
1617 1110 1
1986 1929 0
1708 77 1
1191 1289 1
739 1366 1
77 759 0
1733 424 0
904 578 1
1001 472 1
1652 96 0
424 1607 1
1000 1919 1
77 1321 1
1761 231 1
1758 1249 1
1289 1702 1
1919 1745 0
956 384 1
578 4 1
1027 1272 0
472 713 1
384 1789 0
1733 980 0
1110 939 0
1366 1359 0
1789 1422 0
1289 505 1
472 726 1
384 1290 0
1789 1924 1
1929 1994 1
713 538 1
1702 456 0
1366 1484 0
424 708 1
713 283 0
1745 1542 0
578 1819 1
283 1446 1
980 1970 0
1359 461 1
4 1902 1
1702 627 1
1789 1475 0
1902 405 0
1789 1692 0
939 1453 1
1819 650 0
1994 114 1
1789 1132 1
1692 368 1
1819 1116 1
980 427 1
1819 1908 1
283 1859 0
283 343 1
1116 1515 0
1484 476 1
476 846 1
114 1884 0
114 1346 1
1819 1267 1
1970 486 0
1446 1141 0
343 252 1
1475 117 1
1902 662 1
117 318 1
252 1839 0
427 844 1
1692 526 1
1116 284 0
486 267 0
476 261 0
252 211 1
844 613 0
267 1907 0
1141 528 0
1859 1527 1
1527 751 0
1346 160 0
1116 229 0
1515 1303 1
117 1584 1
1839 698 0
1141 1707 1
229 215 1
662 1736 1
1839 1588 1
117 985 0
985 1073 1
267 1477 1
261 25 1
1477 481 0
229 1866 0
1584 923 0
25 783 0
229 32 1
985 1282 0
1866 1769 1
985 1350 1
1303 1962 1
1588 1568 0
25 1427 0
923 645 1
751 1403 0
1477 136 1
25 542 1
1962 106 0
1350 327 0
1282 1921 1
481 1767 0
542 1796 0
1962 95 0
698 1372 0
136 1265 1
1767 734 0
327 1512 1
1962 1118 1
1350 881 0
1073 221 0
1568 89 0
221 91 0
734 993 1
1350 18 1
91 818 1
1769 863 0
221 115 1
1427 1889 0
818 262 0
136 1861 0
818 1296 0
1767 1168 1
1403 1464 0
542 1262 1
1262 1288 0
1767 854 0
262 1844 1
115 1176 0
1288 1418 1
1372 685 1
993 1347 1
1372 1585 1
1288 877 1
685 1654 1
685 1236 0
89 1240 0
262 1022 1
877 1389 0
1240 376 0
1347 901 0
863 394 0
1022 1228 0
1418 950 0
1889 673 0
673 987 1
1464 1096 0
262 1523 0
1168 1322 1
1654 296 1
854 1408 0
296 1195 1
1195 792 1
673 507 1
1262 1981 0
1523 1119 0
1981 1851 0
877 1023 0
1023 482 0
1654 829 0
1023 35 1
394 1018 1
1654 637 1
637 1739 0
1096 15 0
901 1488 1
1023 1284 0
987 1870 0
35 1931 1
829 896 0
507 1314 0
1119 1034 1
1322 1878 0
673 947 0
1878 288 0
1322 462 1
1322 965 1
965 1480 0
1314 788 1
462 696 0
288 502 0
1931 1491 0
1018 1123 1
637 693 0
1491 1904 0
1119 1623 1
1018 1047 0
829 1429 0
1429 1466 0
15 1576 0
1576 1772 0
693 23 1
1034 958 0
1576 206 0
693 265 1
1623 892 1
265 831 1
206 1833 1
206 1413 0
1413 1685 1
696 822 0
1904 1520 1
788 263 1
1429 154 1
1413 1203 0
154 1777 1
23 1578 0
265 101 0
1576 208 0
1777 1442 1
1123 1100 0
1520 1872 0
101 1076 1
154 879 1
892 641 1
1100 1954 0
265 517 0
265 776 0
641 1302 1
1413 1319 1
1777 1670 0
958 118 1
641 1508 1
517 357 1
892 276 0
1578 1019 0
831 1678 1
1872 532 1
1777 465 0
1954 1503 0
822 323 0
641 1749 1
465 1993 1
1076 1933 1
641 1353 0
1993 833 1
1442 1782 1
1749 1088 1
208 553 1
532 1335 1
1088 600 0
1749 326 1
323 1850 1
1503 1533 1
276 885 0
1749 102 0
323 561 0
1335 130 0
1749 1829 1
1993 1143 0
1019 869 0
885 438 0
600 1251 0
1829 1306 0
102 1364 0
1933 1286 1
1353 857 1
553 237 1
869 122 1
1353 1385 0
553 1008 0
130 1400 1
885 1084 0
130 620 1
1353 163 1
1364 398 0
1143 272 1
1385 1111 1
620 1977 1
438 608 0
163 485 0
1143 1003 0
1008 820 0
1400 1451 1
438 1437 0
122 634 1
869 1539 1
608 910 0
608 1053 0
620 582 1
163 1774 1
1437 1313 0
237 554 1
485 256 0
256 369 1
237 1686 1
910 51 1
1084 63 0
51 1081 0
634 519 0
1081 983 1
1081 1082 1
582 452 0
1977 249 0
63 1163 0
820 1764 0
820 1605 0
1163 549 0
369 1144 1
256 1672 1
1313 1901 1
634 619 1
1451 473 0
1144 692 0
1082 898 0
1081 580 1
1539 1505 1
1082 1070 1
1686 523 1
580 1223 1
1223 772 0
256 1655 0
519 1021 0
1223 350 0
350 182 1
619 670 1
1672 496 1
1605 1164 1
496 1984 1
1223 1853 0
1082 1581 1
350 100 0
898 757 1
549 1166 0
1163 240 0
670 1545 0
1166 1039 0
1039 1628 0
692 1566 1
580 1106 0
100 378 1
1853 564 1
378 905 0
757 1582 0
100 770 0
1106 1657 0
1545 1621 1
670 169 0
1106 870 1
1655 1511 0
1582 1766 0
378 847 0
1566 840 0
378 1250 1
905 1928 0
1039 293 0
1039 381 1
378 1182 1
100 1311 1
1582 1763 0
564 1382 1
905 126 1
240 610 0
1250 908 1
1250 1886 1
1382 1190 0
1566 78 1
293 1489 0
1106 967 0
967 334 1
1766 1201 1
1201 162 1
1657 145 1
1511 1731 1
169 1826 0
1763 1014 1
1826 1629 1
78 1918 0
1014 1192 1
847 81 0
1763 1285 1
1763 297 1
126 421 0
126 566 1
1731 243 1
1285 1759 1
908 1355 1
162 1531 0
1201 616 1
1629 183 0
334 477 1
1759 1397 1
1190 1651 1
162 194 1
183 741 0
1190 1231 0
81 67 0
1201 1979 0
1759 364 1
297 22 0
741 977 1
741 179 0
1651 1783 1
566 407 1
977 1388 0
1759 1587 0
1355 508 0
67 1304 0
194 1781 1
1397 158 1
1783 601 1
194 144 0
1587 1858 1
407 805 0
183 964 1
1231 787 1
1304 591 0
179 39 0
591 799 1
601 1125 0
741 1138 0
22 1682 0
67 274 0
601 796 1
787 849 1
407 527 1
796 12 0
601 994 0
1682 1573 0
994 479 1
1781 1146 0
849 579 1
601 347 1
1587 1115 0
601 716 0
716 1966 1
849 623 1
716 217 0
849 930 0
12 874 1
479 1127 0
591 1980 0
994 1880 1
787 1109 1
1138 1295 1
579 1220 1
1138 1663 0
1146 1298 1
347 1714 1
217 3 1
1966 1622 0
1880 171 1
1109 1062 0
1115 120 1
120 1085 0
1220 851 1
851 936 1
1663 28 0
1220 798 0
936 614 1
716 129 1
1295 358 0
1966 1762 1
798 589 1
3 995 0
589 1667 1
1762 335 1
936 748 1
358 1903 1
335 213 1
1667 373 0
614 226 1
798 455 0
226 893 1
358 1553 1
1085 177 1
893 448 1
213 683 1
1762 1307 0
1553 1800 0
28 961 0
936 842 0
373 942 0
936 1153 0
893 1726 0
961 105 0
1800 1421 1
961 494 1
335 498 0
494 565 0
335 973 1
961 1142 1
335 903 1
498 99 0
1726 1090 0
448 332 0
842 516 0
448 1516 1
105 500 0
1726 864 1
961 1947 1
1142 1827 1
1421 1799 0
1827 1189 1
1799 1232 0
903 736 1
1153 1725 1
516 74 1
1421 225 1
225 1932 1
961 556 1
1947 1998 0
494 64 1
500 1792 1
1799 1836 1
1799 1463 1
500 142 0
1947 768 0
1232 1538 1
1836 1634 1
225 1094 1
64 1414 1
556 931 1
1827 1214 1
1094 1612 0
768 1183 1
142 1204 1
1634 1133 0
142 302 1
1214 1237 1
1998 834 1
1232 1863 1
1792 1263 1
1612 1006 0
1634 1810 0
1863 264 1
1612 1360 0
931 1546 0
302 1139 1
1133 1224 1
931 1874 0
302 990 1
1810 57 0
1546 260 1
1183 124 0
1133 241 0
1538 1051 1
931 714 0
1224 1342 0
1342 1776 0
264 744 1
1204 1299 1
1006 1806 0
1863 487 0
57 1835 1
241 132 1
487 514 0
990 1361 0
1342 1424 0
1835 644 0
644 684 0
1299 1738 0
1224 651 1
1006 1604 1
1776 552 0
552 886 0
487 1367 1
1299 1318 0
241 1536 0
1367 1740 1
1776 1775 0
57 599 1
1342 1521 1
684 340 0
1835 1013 0
1740 1294 1
552 1057 1
1604 1055 1
1342 1254 1
1299 1493 0
1775 367 0
886 1173 1
1835 1694 1
1318 1753 0
651 1270 1
340 88 1
367 682 1
1738 1698 0
1694 658 1
1318 317 1
1294 1831 0
1698 1876 0
1831 1540 1
1270 1049 1
317 230 1
1057 570 1
1173 1261 1
1318 1794 0
1698 1113 1
570 907 0
1694 1616 1
1049 1498 0
682 782 0
367 640 0
1013 1854 0
1055 1601 0
1049 1784 1
570 940 0
1698 638 0
88 49 1
940 1697 1
1697 1199 1
1270 1717 1
570 324 0
1854 510 0
1540 1910 1
682 752 0
317 612 0
782 365 0
570 593 0
1498 639 1
324 353 0
510 762 1
353 1975 1
1199 387 1
510 1155 0
940 1555 0
638 310 0
638 1107 1
1910 594 1
638 1991 1
1975 404 1
639 1887 1
640 200 0
940 204 1
1991 1787 0
612 687 0
1697 1044 1
612 475 0
1697 1117 0
200 560 1
639 390 1
612 913 1
390 968 0
353 1691 1
594 388 1
1787 1268 1
1691 715 1
687 1973 1
475 330 1
968 1565 0
913 1660 1
594 631 0
387 232 1
1555 828 1
1117 337 1
913 691 1
1973 1216 1
337 984 0
204 42 0
1660 1899 0
404 1148 0
42 826 0
1148 128 0
475 253 1
42 1974 1
330 557 0
984 1032 0
828 157 1
1974 1033 0
828 717 1
1899 1275 1
330 1881 0
128 1673 0
1148 1544 0
1216 62 0
337 1956 1
1660 1528 1
1148 738 1
1660 1025 0
1275 1147 1
717 568 1
984 1611 0
1025 41 1
1148 346 1
128 210 1
346 1948 1
1544 1911 0
62 1227 1
568 883 0
62 1795 1
1032 839 0
1948 1696 0
253 1012 1
1948 1238 1
1673 1328 1
1275 719 1
1696 1378 1
1611 1602 0
1227 490 1
717 1494 1
719 1809 0
1544 1535 0
568 1912 0
883 1481 1
1494 1004 1
1004 1352 0
490 401 1
1378 1580 0
719 247 0
1611 1432 1
41 814 0
1948 835 0
1227 1627 1
1481 399 1
1809 471 0
1912 1949 0
490 10 0
399 286 0
1535 75 0
1328 1036 1
247 147 1
1535 911 0
719 1530 0
1378 1056 0
286 1687 1
1056 440 1
1627 813 0
1602 1124 0
1036 371 1
1481 1095 0
286 156 0
10 953 0
1432 511 0
511 1828 0
471 547 0
1580 581 0
1530 431 0
431 1590 0
1530 279 0
156 442 0
431 916 0
442 943 1
442 661 1
371 1926 1
1949 46 1
911 811 1
1590 1102 1
147 1431 1
147 58 0
1590 830 0
1590 635 0
1828 646 0
661 1964 1
1828 1167 0
58 1814 1
547 1091 0
1590 1849 0
46 1 1
1102 273 0
581 2000 1
156 1273 1
581 170 1
431 584 1
1 1140 1
584 1404 1
170 216 1
1140 1640 0
1 354 1
1926 562 0
811 1805 0
1091 841 1
1 609 1
1102 928 0
830 1031 1
1 836 1
1431 218 1
928 1875 1
609 1939 1
635 135 0
1091 1830 1
562 1283 0
1939 1248 0
1140 220 0
2000 1656 0
841 1659 1
2000 750 0
220 1050 1
216 329 1
218 679 0
1805 758 0
841 1402 0
584 1255 0
928 1188 0
1248 1330 1
609 1735 0
1805 246 0
354 1218 1
354 289 1
562 746 0
841 558 0
558 1825 0
558 1423 0
1402 437 1
246 704 0
329 764 0
289 352 1
1939 1165 0
1255 809 1
352 1395 0
1402 535 1
1248 583 0
1218 740 1
352 1375 1
1188 257 1
750 707 1
746 1946 0
809 1517 1
1375 359 1
1375 1927 1
707 1052 1
1188 1230 0
1188 845 1
845 1618 0
257 463 0
1230 234 0
1230 1333 1
809 1743 0
746 1885 0
257 1213 1
583 1892 0
1618 659 1
437 815 0
1052 626 0
1927 1362 0
845 1610 0
1517 1877 0
815 1943 0
845 1468 1
1362 1293 1
1946 423 1
1333 489 0
1375 1185 0
1743 889 1
1943 867 0
815 1813 1
1743 1061 0
463 974 0
626 108 0
889 278 0
1362 338 0
1618 1510 1
889 1225 0
889 1757 1
1743 1157 0
423 1773 0
1892 628 0
1610 429 1
1362 1575 1
867 1922 0
1061 1807 0
423 148 0
974 1950 1
889 1935 1
1773 1961 1
1773 735 0
1468 1646 0
1646 1470 0
735 1392 0
1773 944 0
1157 1852 1
338 749 0
1813 222 1
1470 285 0
1852 978 0
1950 1405 0
1950 666 1
1922 753 0
1852 503 0
1157 1648 1
429 725 0
1646 1793 0
1935 894 1
285 927 1
628 1278 1
628 242 0
978 1161 0
1807 1727 0
1405 1788 0
1392 480 1
148 773 0
749 248 1
753 336 1
1935 1860 1
1788 880 0
1405 1028 0
749 1808 1
1808 810 1
285 313 0
1405 1393 0
894 808 1
1405 1208 0
1278 1089 1
1727 1688 0
753 1898 0
927 587 1
1278 711 1
927 166 1
248 862 0
1278 871 0
1278 61 0
773 1363 0
871 451 1
451 1054 0
871 807 1
313 1337 0
587 209 1
711 84 1
871 1259 1
1860 17 0
1688 1309 1
1054 533 1
862 1244 0
166 111 0
61 1233 0
84 1959 0
111 895 0
807 1896 0
84 915 1
895 1017 1
61 1235 1
209 1401 1
1054 1864 0
711 331 1
807 1445 1
111 1266 0
711 1680 1
61 690 0
451 680 1
61 1504 0
690 1387 1
1233 1567 0
1567 1598 0
1054 26 0
26 1683 0
1598 780 0
1896 341 0
26 1104 1
26 1130 0
1445 1368 0
1233 375 1
780 1723 0
1598 454 0
1266 1992 0
1266 1129 0
1017 1297 0
1567 667 1
1896 948 0
1129 1501 1
375 395 1
1567 1043 0
780 1841 0
1864 1971 1
26 1449 1
1723 29 1
395 797 0
1297 1978 1
29 1803 0
1387 1159 1
1129 592 1
1803 321 1
395 933 0
948 1968 1
1723 110 0
1978 617 1
341 902 0
1449 1136 1
1130 484 1
902 266 1
1841 1797 1
948 1626 0
617 1649 1
454 890 1
797 1720 1
110 1695 1
1136 356 0
321 82 0
395 1595 0
797 677 1
29 190 0
1136 308 1
110 1548 1
82 1339 0
797 492 1
308 982 1
1968 1665 1
890 900 0
900 259 0
110 349 0
1595 1058 0
1720 1478 1
1339 861 0
308 1099 0
349 837 1
308 112 1
837 1562 1
1136 539 0
1649 926 1
1626 1365 1
900 506 1
1058 315 1
1339 175 1
175 1370 0
982 732 0
837 1893 1
1099 319 1
982 1953 1
259 1059 0
1099 435 1
982 342 0
861 819 0
315 1384 0
1059 1226 0
435 891 1
982 1816 0
259 941 1
1226 428 1
837 201 0
1058 607 1
1384 1867 1
1384 1955 1
732 366 0
1893 1135 1
201 1711 0
319 540 1
435 937 1
1867 380 0
891 1246 1
732 219 1
1246 127 1
1867 1712 0
219 1490 0
319 53 0
342 1983 1
1983 636 1
1953 1258 0
1867 1428 0
1955 720 0
1490 647 0
1246 1434 0
937 34 1
219 444 1
891 83 0
1135 924 0
366 653 1
1135 1377 1
924 196 1
219 70 0
1955 8 0
1258 44 0
1712 663 1
924 760 1
540 571 1
34 1832 0
1246 1459 0
53 400 1
444 478 1
1490 413 0
636 1229 0
647 20 0
924 1158 1
760 597 1
70 1969 1
663 133 0
44 1174 0
20 1433 1
70 372 1
924 227 1
1229 786 1
1229 235 0
20 657 1
70 1048 0
235 1557 0
70 495 1
70 1742 0
372 718 1
235 989 0
413 1206 0
235 1637 0
20 361 0
361 1529 0
227 1561 0
1459 887 0
657 151 0
1459 674 1
1158 812 1
1158 1709 1
495 1620 1
361 1383 1
1529 483 0
227 512 1
1709 1358 1
133 292 1
1637 93 0
786 1972 0
512 559 1
1358 1737 1
1358 1065 0
1358 1045 0
1045 386 0
1358 1197 0
151 1210 0
718 199 0
1197 730 0
1045 113 0
1206 203 0
559 239 1
1709 37 1
292 1212 1
512 1822 1
559 392 1
199 1564 1
1737 298 0
1065 1883 1
1212 233 0
812 1152 1
1964 706
958 768
594 1006
221 1686
1857 1864
170 845
1874 713
1235 1539
426 905
1607 427
1601 1335
1456 1599
946 50
1227 1874
856 963
1007 77
1550 1955
245 511
439 601
639 1443
1101 322
319 1490
811 169
1435 1874
841 694
536 283
1356 1885
1444 386
826 1772
1166 437
1807 1892
644 1516
1927 700
383 958
1325 1855
187 1705
543 1887
1786 730
87 1062
191 551
1595 1371
1043 1187
793 1811
17 1908
1007 1558
1238 777
812 670
1803 1400
1543 1281
1919 833
812 919
535 1811
494 1297
536 590
1739 35
1204 176
1836 1552
1596 607
1689 1100
1702 332
929 1783
39 1492
291 502
1008 396
766 1786
1807 270
1758 1896
644 1197
1936 1460
433 979
282 1195
147 108
709 1792
100 759
1565 480
1031 903
1879 1568
865 1298
144 1002
805 1714
1636 75
1791 146
466 996
208 1855
626 797
587 842
1609 910
672 322
584 608
1407 738
1540 291
1976 504
1956 510
1481 1938
1408 908
1702 586
30 1401
894 1081
1642 1201
644 427
1856 326
1713 1295
272 507
269 1683
35 635
1771 820
130 1050
946 874
298 1687
1498 702
891 1084
185 1261
225 576
354 47
1936 630
917 1515
1493 1184
1999 1028
1442 1541
989 603
1925 140
1802 1238
721 1099
875 1869
766 18
96 1686
1469 326
1475 1985
1458 633
390 1130
80 769
419 648
651 118
36 1574
516 1727
486 838
770 246
1931 1062
484 468
917 678
79 480
969 494
945 1672
1152 1167
642 782
476 792
223 1714
1516 211
491 896
1029 1965
750 14
755 1887
496 1815
1449 272
1677 443
1316 377
348 744
174 372
660 947
726 1650
1359 1207
1510 992
1873 1837
664 163
207 1477
1023 253
996 219
1522 334
95 1335
768 344
760 130
1178 1815
880 904
1566 263
1716 580
1876 1912
238 1594
377 384
1898 211
1017 864
1844 1946
670 526
1242 1775
955 1273
1311 919
1187 593
1218 1658
1074 1699
938 320
1687 1072
1874 723
435 1636
967 107
933 1766
850 1498
1698 1962
837 1354
595 1311
157 1836
503 973
928 1756
225 1330
1230 302
1704 397
1356 1968
261 1411
304 1993
1400 620
1604 588
1759 1989
1953 1035
279 829
1718 343
1987 779
1096 745
1865 276
1725 761
462 1609
1389 649
1154 945
210 769
434 1534
1360 1946
1046 1469
1409 608
1647 1443
978 1691
1615 827
589 1499
1346 1425
966 1233
1226 1275
1309 496
475 29
173 1340
326 1958
1105 477
1187 1236
1189 1256
972 1427
1881 1518
1358 223
159 809
1749 47
785 1503
784 1288
357 1640
751 902
1520 1573
569 1343
1098 853
1403 1379
574 1451
1782 1504
2 491
1725 1400
289 1300
1496 552
567 362
71 1522
593 51
857 451
1988 220
28 1249
1544 458
1691 1274
137 1524
1830 15
1200 1741
449 1767
1315 1789
291 1842
54 1748
1602 258
654 1986
156 1479
555 1675
1448 1298
1273 1479
1317 1917
1345 831
1926 345
1459 753
784 1051
524 629
1849 1617
415 1103
1548 1776
1020 1361
151 905
776 221
881 1214
1689 1050
888 1435
1053 548
1714 1477
222 425
23 1359
1575 446
503 192
396 1082
1009 1459
124 365
1837 801
1454 1663
1182 904
330 489
1219 1153
1330 811
826 932
366 677
361 1636
1897 300
1000 955
1938 1837
541 577
96 1609
1110 922
1111 1656
1838 1697
1035 249
7 650
1404 1538
1160 874
1344 377
1485 470
970 240
1314 532
1805 1312
1952 1493
642 1907
732 1322
885 351
1543 597
1956 1097
1373 234
484 1715
1690 279
125 1762
897 161
1877 1944
1718 522
1880 1509
1638 74
1120 1646
1849 578
1547 167
76 1040
1029 1679
1625 64
313 1292
751 661
31 1654
102 1407
212 1575
962 1918
457 53
179 1419
1733 1150
1881 643
898 1501
860 1453
1413 1272
105 251
1557 1437
1092 1812
873 646
1507 683
641 1774
1735 1143
1816 622
408 472
1289 414
920 997
802 9
758 1201
1450 1497
644 324
1141 1591
876 190
1486 1970
944 237
1539 1494
1934 1625
558 684
1673 1433
109 709
718 1447
787 1113
1373 645
390 365
884 273
824 1011
1821 1501
285 140
395 1013
1720 1696
678 236
1851 1016
1092 703
936 1676
87 1364
241 845
503 557
1662 1696
1031 1080
1657 1642
1372 360
1002 723
392 1274
1800 133
1839 1571
1859 1031
188 302
1962 419
730 1265
278 707
78 403
706 849
946 484
444 1935
821 1571
723 559
862 1827
419 1325
567 1447
626 879
401 783
1032 1527
1857 27
967 1814
1299 1586
503 112
266 368
1867 1789
1338 462
155 1953
60 649
871 1765
480 547
414 1617
1564 1140
1900 1605
243 290
304 614
1920 1958
70 1881
763 1631
1398 1290
1557 1460
1469 944
1981 1539
969 1652
748 1046
1668 1310
1668 1009
181 401
103 55
18 788
714 132
601 179
485 1800
807 960
1915 1123
75 1800
558 858
380 84
1346 627
1326 1464
57 593
1217 1393
994 1192
768 1838
1102 636
629 43
1859 1367
1673 102
1902 570
133 1309
380 552
1695 1819
1638 1398
1517 1703
601 1067
1047 1772
1472 738
630 952
1136 1758
1508 960
874 1801
1905 850
1567 483
51 1463
1704 510
467 134
997 1785
19 1457
87 1182
340 1576
1183 162
582 33
239 58
1371 556
1110 1068
1548 1982
1244 1927
457 1860
1432 457
321 1870
155 561
1632 1389
1082 1310
1580 371
841 1687
1417 1288
1024 223
1990 1844
946 196
122 1823
1101 951
630 1420
389 1837
1791 29
1288 1672
365 1402
41 1208
295 1607
548 1148
1180 722
716 415
1386 1014
1727 1684
827 848
1856 1349
269 230
1628 289
1246 1269
1457 1419
1607 1322
1452 1568
1475 1693
639 639
1180 979
485 342
1747 522
1254 582
217 1209
835 1780
1417 1262
1307 257
1658 962
556 1517
1327 1928
408 1155
1189 75
1347 1596
878 1105
1514 1731
807 295
825 711
1695 1660
704 1035
1836 715
1942 270
369 409
788 1779
647 1936
1275 696
892 141
1329 1694
955 218
442 673
595 1300
332 979
1275 965
1562 1341
1196 1285
791 1937
621 1266
54 302
604 1730
1369 1447
989 1019
1357 837
1231 451
846 75
1582 1292
739 823
906 920
1153 1863
1773 890
452 924
793 1313
1184 326
1666 370
1105 1054
632 622
1259 884
1682 85
739 1476
514 1747
804 670
665 1792
1415 152
258 484
334 309
587 1744
612 1535
1102 398
1214 1758
1876 1479
202 977
149 1953
1098 838
1775 1663
862 579
1293 127
670 598
1321 1384
1321 5
369 429
1437 102
579 368
62 1393
1055 1594
194 625
1506 845
1478 1485
140 210
672 1873
925 1217
1852 1542
1106 616
16 1922
643 769
1025 1811
1463 1386
779 606
1389 128
1057 1918
1508 1078
587 1599
1599 505
1065 1072
536 1490
171 122
209 1401
852 242
1128 1363
639 1886
1052 714
863 70
853 85
1005 881
402 42
1777 1635
1365 1578
971 1135
1622 1998
688 1302
1091 1220
1170 1039
607 1314
572 180
1856 446
1078 1465
134 1163
1418 362
1554 1434
76 1336
35 996
34 761
1376 1882
367 465
1563 1155
592 591
1275 574
1992 958
280 1702
297 648
650 1664
432 1883
1451 870
198 1201
1199 792
1899 1498
765 220
462 509
1829 84
1938 1099
10 80
1999 1032
795 191
995 1326
695 231
515 237
116 565
1615 741
1416 14
1145 1080
1476 705
620 393
703 1951
364 47
1651 20
1340 659
1577 952
1846 310
492 628
302 1027
1185 599
54 1222
603 1428
1141 1985
958 830
1270 1623
1786 1321
1887 614
533 354
1393 1588
1465 977
1651 821
1554 762
1792 913
11 1590
309 428
1264 393
352 871
559 358
1585 1607
1848 1165
589 1904
1642 937
451 70
588 1330
1078 1597
419 1526
282 890
989 448
1896 165
1335 453
170 408
1572 1817
103 550
1839 1814
292 1881
292 1914
1124 763
306 1770
40 336
1328 1094
618 1623
884 1213
222 96
1412 1905
885 719
1285 1577
1393 440
902 1251
480 1465
1198 814
1879 117
738 1685
1197 625
441 401
1200 1902
1345 42
219 858
1482 755
1426 1993
1237 231
669 70
1911 35
849 637
414 1334
1710 1708
630 760
1686 662
851 581
1382 437
1440 578
1535 1570
1361 619
394 1762
1406 298
1713 1993
74 614
1205 1549
1230 681
460 1917
1665 426
1085 1607
789 1054
1467 1412
91 34
1794 1382
1138 77
1505 1962
521 1937
652 315
1501 361
424 1390
1705 1681
780 1497
1529 1742
1172 1455
384 543
47 1365
1659 368
413 1421
487 1598
753 561
1653 1656
1442 1942
775 1670
810 1030
1431 1897
262 100
653 679
866 1545
461 228
768 1907
1621 684
526 1789
1030 1335
1997 68
803 1346
412 242
1818 565
1015 976
1818 1779
7 488
1929 1134
80 900
189 835
1068 801
1738 888
1213 1827
962 1166
1031 1055
80 867
1867 728
205 481
743 974
1074 1530
1125 1536
303 1168
790 1544
538 1773
1815 865
473 899
839 1638
1726 1250
642 1649
1449 366
743 1667
510 218
1309 603
1784 444
1382 477
1562 513
651 1999
409 1082
1675 1521
1191 981
63 1945
403 1651
609 401
1143 477
1445 1387
899 948
757 707
330 200
304 1838
1422 369
655 1630
529 1381
1895 1914
126 444
1074 1518
1190 1064
150 116
1274 1002
363 192
1860 1172
484 630
1606 760
1546 1701
1504 523
1772 795
417 1443
547 1205
129 1350
940 1441
1829 111
528 1639
489 643
1102 983
1370 7
521 1233
1748 95
1047 1009
736 1738
80 807
895 450
933 1999
258 1244
1588 1179
1973 1890
1236 777
1535 810
1660 1634
1097 641
411 519
652 315
1767 689
1838 483
751 39
413 397
41 1386
561 107
811 1996
233 1679
289 1392
421 771
635 359
590 149
1416 502
1454 1596
1374 1347
161 63
1169 1496
1936 463
186 1856
1416 1665
641 1622
1111 833
709 837
229 1084
1675 860
880 407
1379 1536
571 382
1438 1190
1417 1325
1117 50
1805 1392
889 1722
174 1730
1755 1570
423 851
125 1667
459 1292
15 578
1277 1613
321 974
207 516
45 1410
874 1734
898 1383
452 859
954 112
528 686
1342 588
1077 1649
1402 1961
326 1544
1012 1054
801 1548
736 926
1354 1158
1400 1009
1753 1774
88 115
1308 906
810 191
1626 633
1348 401
1882 1025
1459 867
1704 1684
579 53
707 873
59 1192
27 1538
588 1467
991 217
1357 1415
1279 563
378 1758
245 1406
1492 1598
62 1234
1701 765
893 679
986 878
162 1447
1567 876
1774 361
1365 1361
839 1522
449 1412
338 1564
939 167
814 725
970 618
1041 1352
352 1635
27 437
71 1532
692 1197
1392 536
75 1082
1106 595
24 628
341 1168
1719 1655
143 1531
1311 825
1409 1678
798 477
1951 1543
625 622
1469 771
985 555
302 1874
532 96
1409 510
450 1128
1751 18
1549 972
277 1545
524 59
408 226
316 1311
974 1401
1906 195
858 617
1364 243
372 1000
816 1745
1513 1224
1486 171
670 41
81 1221
1665 494
184 1125
1066 1750
1773 685
440 501
55 1606
167 1989
406 1508
1716 1359
1496 1370
125 1689
69 409
1017 1891
321 887
478 1123
1610 1570
1777 1005
460 1450
80 779
391 896
58 1143
1507 770
43 324
1873 1296
1548 2
1495 996
1398 1264
1963 1755
604 1473
1874 1947
1000 1262
1268 1364
395 382
701 836
520 1221
1933 725
1286 1855
1084 249
140 210
1910 830
793 845
1704 591
35 903
411 405
1375 1495
1718 1606
1119 988
1767 1416
1822 766
1036 1358
76 1925
1765 45
1127 1668
1133 798
1006 23
580 7
637 1281
274 1289
1035 396
9 1545
1618 1784
147 247
980 1206
712 465
1309 332
1259 524
1690 252
176 612
1356 298
161 738
415 1935
847 579
814 362
325 1632
941 162
559 215
924 1480
1712 1619
764 1327
762 1117
1301 673
1669 835
1248 612
488 1174
815 605
465 360
867 386
1946 772
662 1637
835 890
1747 1270
1479 145
1664 235
1472 1814
756 1614
1699 1711
1378 532
394 995
389 1898
1472 1822
76 1542
927 1131
465 1038
1580 28
1477 1932
1667 548
467 1381
1379 1709
59 1806
52 37
716 330
1604 327
1429 1504
1074 1984
1041 590
572 1162
417 1977
1727 1689
1546 829
1468 1122
525 1543
1663 890
1211 1105
1754 135
952 378
1455 1120
1337 620
1485 1035
865 1627
806 886
1068 1920
1762 1732
581 1900
1172 450
1502 787
86 297
1473 852
443 1510
371 1521
1529 1694
1958 153
1083 345
454 1965
202 1636
1707 478
627 1149
1513 1505
554 1966
1752 887
633 1047
1649 257
1323 1460
703 1836
1586 1225
1555 1594
75 1585
1846 1709
164 781
1956 1237
317 99
409 1906
798 1014
918 1348
1937 691
410 1003
915 937
561 388
1461 1895
1235 850
1155 1509
146 662
1292 1742
1992 1811
1725 941
784 1444
290 1186
1528 1773
1003 75
1201 1969
1713 1704
204 1134
876 1226
174 212
1824 1076
780 1515
942 1958
1548 1409
1485 1174
712 483
1365 2
1341 1191
1483 1989
1126 1693
1962 627
90 1401
1769 223
1029 726
726 1969
498 1978
942 448
1266 1366
1820 1838
1829 1384
1151 473
1408 1707
937 1772
1884 1053
1075 1576
1836 759
285 1575
1328 100
1594 1821
562 1798
1739 615
1601 255
1301 1276
284 1087
450 752
1105 256
1592 1690
528 1405
1046 1175
730 1434
798 314
1390 721
834 1162
1687 962
1127 309
437 948
876 860
28 432
1776 1899
296 921
1761 903
485 1862
525 1560
1159 467
805 1937
1803 222
1864 1454
688 1825
1012 68
1374 1122
1362 930
1971 208
1427 228
1761 457
1632 385
1142 1513
620 1394
926 1095
1763 142
1224 1942
386 134
719 1095
1211 1752
908 833
1129 790
1750 871
247 803
1191 382
1940 1566
740 1664
1785 1471
1771 380
1648 1127
1202 1560
1335 95
1260 385
1481 1652
1717 610
1983 1377
1192 265
1384 298
1659 357
1346 927
525 432
1204 458
887 1227
1182 652
1994 1250
1316 55
51 1807
866 1615
1634 1072
1766 534
1104 815
933 910
102 1620
177 727
285 1938
1089 1954
582 1189
1231 1009
699 1934
1060 542
16 1172
749 1109
1493 1159
592 1289
706 432
1195 1172
1813 1385
1267 1175
556 1187
296 1618
1064 1245
200 1043
1335 33
1499 15
1741 481
830 375
624 1615
1364 479
1962 1751
1355 341
1639 416
1718 453
1290 248
230 138
1374 41
1902 162
995 1724
5 1391
288 829
1361 726
448 1034
1389 562
658 44
1009 848
900 858
829 1295
14 44
503 1185
665 189
1009 371
1051 745
1580 805
303 1839
559 1125
1104 1850
856 315
1105 636
1648 1165
1082 829
1408 471
1110 1797
1566 1504
1580 491
1546 413
1281 1323
1422 653
904 1971
546 1558
1420 1330
580 1896
1832 10
1934 737
1246 410
1881 1175
1576 191
1403 551
1426 1842
1206 362
702 1505
740 1630
905 1366
984 1027
1166 1330
1659 1803
269 1711
19 1003
1928 1457
1162 647
1766 850
2000 491
1839 1520
1976 581
1803 341
465 1382
689 1614
660 1363
2 1206
1612 86
1089 1978
284 458
495 634
1636 1369
256 1997
1324 1209
26 498
1675 966
1028 965
1070 1293
1538 1044
394 1591
1475 307
523 1828
979 1449
1556 1539
1341 210
195 660
832 749
127 44
591 518
1848 982
722 356
409 1475
1613 166
398 846
528 789
1915 1822
1432 1815
55 293
1228 1163
462 1572
912 1383
238 9
168 1557
1390 1047
200 1510
834 281
1620 624
1108 794
682 319
1835 1604
1865 118
841 515
302 1970
787 75
1136 947
1830 265
1443 633
1768 921
1888 1670
947 1753
363 989
538 547
1906 1755
757 1998
863 1963
1150 1802
1936 1470
1215 1865
1342 1599
480 1204
864 434
30 1023
1628 597
1990 1249
1530 1652
1720 1583
1719 1427
31 1394
1649 1976
1632 324
1150 242
734 1934
854 113
1903 804
639 588
970 420
1439 952
373 1728
1032 976
1387 513
1630 1943
1350 290
1325 1090
1404 949
108 571
1484 1269
1123 1463
1952 413
148 1038
1250 1669
1954 656
1643 121
1824 870
294 1165
1426 915
1794 981
545 1326
1235 488
517 1399
1623 806
184 452
918 637
126 1955
520 839
1411 1708
380 424
1121 1929
1401 750
396 1318
916 671
675 361
1614 696
768 1668
1090 1521
1295 521
832 1330
1587 886
1632 888
1802 1624
745 1374
1927 987
1908 1859
577 226
674 1424
896 1786
755 382
1238 12
360 1812
586 243
872 1084
1566 954
1494 894
772 464
1754 1306
398 1966
289 612
565 1489
1701 1037
1835 1794
371 114
303 382
1552 1546
1864 1528
508 268
1763 1429
1834 811
1642 262
245 259
836 198
803 955
1011 694
1863 622
758 1743
541 131
1844 353
1595 1552
1649 57
1298 1343
1296 92
1803 765
1338 1444
1635 201
791 861
515 556
145 449
1181 514
559 490
286 1561
69 358
197 408
535 1003
1052 574
791 187
97 376
1934 1663
809 117
736 147
224 962
137 1676
644 1379
1762 1488
754 775
83 964
1982 1764
206 358
1619 225
1029 453
486 713
1309 165
