10
478051344999899234 816309033920864016 862236713654232509
500373430082871083 527088108097914456 740565571216542011
109963496919784006 32481560872503308 648077200437179137
130278061840695262 740239164296467088 784369652000587463
63809429795790405 592200407071167885 709984174519937441
624155489492548727 332742760807026340 741145502902108489
24678919401871919 912256399449389111 970700922368526031
524795199968000698 663816446781094397 895795635712588069
136390830237989854 292556658764234462 668027318093105233
19176451401748133 69757709187983022 578400380736121403

