32
48
41
62
267
134
145
111
337
312
88
335
139
173
174
97
77
19
155
291
125
23
110
17
13
167
61
126
6
74
214
59
0
200
42
47
125
9
3
119
132
216
0
31
105
61
4
355
141
39
53
60
89
39
52
208
259
17
12
194
355
77
65
53
298
60
138
308
198
120
118
114
207
8
9
68
264
307
366
2
356
6
15
32
120
56
6
93
67
360
17
64
182
82
7
2
166
2
59
198
372
157
68
110
256
336
38
224
223
324
166
79
27
0
8
32
104
156
114
50
1
72
212
30
73
72
348
160
67
15
235
4
86
188
160
286
78
237
10
106
48
230
98
41
35
2
28
312
180
346
32
53
198
77
142
143
11
135
38
8
185
204
39
146
261
179
70
74
43
82
308
29
32
18
103
21
316
5
54
308
112
171
287
227
6
296
148
191
78
24
24
226
18
321
0
401
161
261
4
4
146
146
68
184
42
1
201
133
187
27
0
64
178
131
208
12
244
273
18
0
20
179
4
37
279
0
87
27
56
40
6
230
325
77
146
104
306
143
16
197
95
84
10
63
140
313
83
109
110
28
49
0
12
297
1
401
57
86
120
258
68
116
318
10
252
8
179
17
112
302
104
172
287
56
330
101
4
82
313
49
131
1
143
52
84
5
132
91
87
10
351
3
122
48
36
163
86
48
133
52
10
57
108
185
129
3
40
374
150
112
84
28
0
0
107
10
162
64
27
0
58
239
260
142
71
126
127
108
241
322
0
192
95
73
86
139
324
84
77
302
3
114
0
233
9
14
16
73
92
179
13
272
42
108
266
16
112
20
177
194
219
315
198
56
344
108
49
257
197
164
12
43
8
68
1
13
42
289
169
0
22
8
367
2
37
128
74
44
71
327
127
161
39
20
144
84
158
50
207
9
96
223
160
304
116
162
10
63
76
14
312
52
78
183
79
141
3
307
54
24
20
204
1
43
102
8
45
107
52
74
74
0
114
17
67
305
18
11
227
156
35
28
85
401
244
298
96
292
54
221
198
30
112
17
283
37
210
159
79
14
196
47
113
112
5
177
84
16
287
41
59
43
48
271
107
69
16
12
185
324
0
84
64
55
6
297
144
76
10
16
449
176
62
134
293
172
11
72
263
50
0
73
456
187
156
18
26
49
108
162
34
438
185
14
167
86
6
306
230
27
163
154
48
104
74
143
136
20
243
347
6
187
51
157
47
41
0
61
109
333
386
59
7
8
116
174
97
112
231
175
112
86
70
5
130
40
39
193
91
44
219
41
97
144
118
42
98
45
11
347
131
203
1
38
90
87
160
27
19
11
196
313
112
351
74
86
39
8
410
139
75
26
221
313
76
212
160
26
20
130
167
221
30
83
23
71
200
297
33
5
163
7
5
140
62
34
48
173
267
48
40
137
153
108
85
129
139
2
85
19
203
122
1
26
40
152
17
56
68
206
30
158
53
347
25
16
9
6
29
23
355
211
250
120
285
15
163
30
34
345
99
0
56
37
12
11
114
19
123
55
23
125
420
200
120
18
5
233
218
114
130
7
95
0
170
78
322
81
151
237
121
320
15
440
18
138
72
62
56
261
334
182
6
46
31
126
92
17
131
54
21
246
7
11
14
97
236
1
349
10
286
114
210
279
187
28
41
207
48
0
86
123
126
21
405
99
1
119
231
27
19
122
5
145
214
240
140
40
183
183
172
93
15
112
178
34
37
39
44
1
125
17
230
264
48
13
193
6
158
431
346
264
150
174
6
8
120
89
299
9
328
426
25
17
58
51
6
74
14
154
136
52
31
10
66
64
76
209
247
327
304
116
136
77
181
231
108
49
11
150
50
56
215
6
304
31
42
400
11
255
369
274
246
32
194
294
110
382
18
164
405
42
261
20
17
47
162
100
26
27
1
425
84
294
205
243
37
436
58
102
56
60
348
86
160
11
7
26
17
118
38
23
19
0
113
200
13
84
75
34
108
347
118
209
8
141
162
67
28
37
32
321
257
26
20
14
7
10
18
99
111
37
328
217
0
177
12
99
149
92
418
2
6
277
65
288
148
124
7
176
220
113
261
315
83
0
121
439
21
55
67
0
273
23
130
240
0
117
260
201
200
52
44
47
5
54
125
339
107
327
99
18
164
29
114
30
70
56
336
225
87
84
15
43
29
332
10
236
88
34
263
3
5
44
257
112
39
0
6
204
59
293
104
290
155
24
255
343
44
21
137
368
245
8
19
148
88
79
26
288
266
448
306
312
165
127
0
141
59
234
103
35
93
160
70
51
150
83
52
234
104
35
60
313
13
65
273
64
0
221
58
141
11
0
1
288
37
121
17
30
34
80
60
252
45
103
111
20
343
277
264
170
76
20
276
33
123
249
153
276
7
11
57
70
41
9
260
398
155
8
138
307
74
41
13
82
135
231
6
1
133
360
28
127
9
34
95
29
114
303
197
107
300
2
46
122
0
142
279
359
114
169
189
86
49
43
225
136
97
136
46
58
123
45
119
204
112
21
124
263
203
19
346
4
159
161
25
89
104
329
7
4
210
111
210
320
20
285
136
48
28
298
146
58
288
31
200
3
69
96
62
5
393
147
38
390
0
102
295
35
128
125
168
395
245
128
288
71
115
95
7
253
3
24
74
106
137
245
8
124
150
42
60
280
72
368
361
252
174
63
13
147
41
268
354
331
3
18
83
204
105
11
174
40
92
408
91
64
225
162
2
20
222
57
266
236
281
110
184
263
80
59
34
333
264
119
118
59
154
41
167
76
69
287
61
55
54
13
39
17
280
166
410
22
63
82
133
135
0
167
6
46
123
355
184
33
89
114
21
8
17
15
58
78
139
44
9
5
23
47
81
251
62
12
366
304
45
51
353
335
41
66
45
85
58
178
176
38
0
97
80
259
241
49
104
186
43
111
222
47
1
161
48
10
128
22
39
230
48
292
257
18
64
42
62
0
84
5
189
28
0
28
48
106
54
193
366
86
38
190
48
134
44
244
313
211
35
289
50
364
0
77
77
4
55
221
172
199
149
126
5
189
9
118
357
123
8
401
81
133
66
175
90
76
14
228
306
8
33
107
12
109
162
97
62
72
28
0
30
135
0
21
1
69
76
196
131
116
74
89
25
21
10
114
237
38
37
10
11
50
152
67
83
41
229
18
265
357
128
120
220
300
129
143
221
21
36
40
274
114
48
11
90
38
370
152
150
268
89
130
149
17
32
13
217
11
245
155
96
165
231
57
2
76
32
7
120
16
388
41
0
240
113
16
74
37
4
83
164
97
87
236
1
25
168
271
23
62
45
163
27
37
248
260
50
200
247
202
119
158
14
1
3
115
99
17
39
237
7
236
122
131
12
43
237
166
265
47
10
110
402
156
256
5
243
109
201
121
105
36
1
365
7
111
17
172
81
10
6
315
214
172
0
64
4
207
70
1
160
17
75
32
226
309
16
3
41
105
171
164
196
17
97
165
75
20
24
303
17
17
77
116
44
1
69
1
45
294
202
22
56
5
27
67
37
87
262
2
20
7
388
86
82
112
249
277
185
192
1
75
203
163
93
134
161
101
134
204
12
312
320
92
71
70
17
95
207
38
82
282
409
56
111
325
19
1
123
173
103
5
40
75
25
30
304
8
361
95
62
140
100
150
165
3
32
143
350
27
191
225
0
41
92
32
265
20
48
41
108
351
38
16
56
27
359
78
7
134
55
90
117
30
103
53
168
6
63
81
122
144
140
37
100
22
32
9
235
88
123
136
10
0
27
3
179
252
48
27
23
100
269
58
34
140
68
37
297
131
47
42
297
336
244
4
281
259
86
371
60
119
12
137
166
357
101
30
16
404
31
40
77
7
106
4
298
102
44
51
170
273
84
81
67
47
64
68
301
49
245
372
32
374
179
61
136
325
110
64
180
136
55
55
21
16
46
40
99
80
330
6
83
48
70
50
57
33
6
172
377
304
277
141
20
32
52
70
151
41
212
11
366
64
1
143
387
52
39
131
263
19
260
1
8
34
274
109
73
84
107
66
152
4
32
11
207
9
55
20
85
291
257
101
224
2
4
12
248
2
10
28
61
68
404
36
172
0
0
257
100
24
10
12
138
37
33
124
1
5
81
288
0
69
135
19
0
86
90
122
242
230
361
348
151
59
21
16
100
6
178
151
66
34
49
14
103
93
1
9
116
66
66
0
8
369
99
330
180
94
14
35
3
60
178
332
3
79
102
14
347
24
60
5
32
58
186
46
67
189
50
31
83
5
3
4
297
130
138
239
24
23
61
48
140
268
117
221
209
102
4
63
64
123
288
64
1
37
126
12
141
62
140
44
87
24
12
26
114
35
270
148
45
17
84
55
113
80
332
202
67
325
4
235
122
169
39
23
15
48
120
122
9
21
356
104
231
140
23
377
72
101
49
98
191
228
204
24
159
107
164
62
52
9
8
2
109
98
46
20
68
13
184
113
49
264
160
68
30
34
79
158
4
169
9
294
144
123
138
149
87
19
72
30
10
12
65
53
24
277
80
309
151
85
33
40
357
167
93
2
6
121
16
48
144
134
22
136
246
122
99
24
128
3
312
62
6
51
11
167
88
185
152
153
76
5
249
123
13
74
99
257
51
8
154
40
62
113
67
88
147
405
1
43
90
143
254
2
70
104
201
33
27
31
87
29
356
175
278
125
62
39
0
384
23
394
101
103
66
86
37
196
9
161
315
52
29
11
145
394
277
405
217
64
402
49
331
321
0
126
299
214
352
30
60
132
158
7
49
56
358
103
178
14
187
71
0
329
108
191
19
4
30
57
306
36
132
216
226
151
74
151
169
50
131
46
27
134
47
7
155
2
14
2
129
34
135
112
86
132
126
183
52
10
5
122
223
126
139
186
69
16
382
157
47
60
179
125
111
22
211
196
95
172
382
190
114
108
5
40
50
378
45
299
282
59
1
317
31
51
21
31
62
132
155
202
242
41
0
417
196
55
52
200
198
72
107
358
179
38
0
318
25
23
8
0
92
37
142
16
92
91
44
9
56
405
19
139
7
22
17
335
288
261
68
82
59
72
69
393
405
276
215
78
204
6
169
276
44
137
30
19
272
13
122
16
341
94
19
40
17
54
74
371
142
200
263
0
154
3
236
77
0
21
218
140
382
254
141
317
49
147
315
143
26
33
261
56
14
118
198
9
132
173
173
207
167
66
145
154
195
67
92
215
28
184
12
316
20
173
116
136
44
314
14
87
63
384
344
348
88
244
78
397
99
44
10
116
195
24
49
42
272
167
110
197
288
4
94
268
261
309
1
3
200
40
4
276
175
33
4
89
74
136
116
326
378
51
1
63
187
108
306
57
12
4
104
30
5
144
163
324
403
230
41
30
152
234
43
1
4
220
271
133
69
79
94
48
79
82
213
71
64
6
25
151
154
38
185
20
188
218
22
105
100
137
107
33
0
459
110
139
414
54
138
89
22
20
43
16
171
26
147
1
160
90
135
171
43
93
19
56
106
341
19
146
160
34
91
101
181
13
279
55
220
25
223
218
141
7
25
140
204
188
154
180
57
46
317
59
357
285
139
119
245
389
131
102
160
208
48
70
422
109
23
112
85
42
446
141
356
2
37
201
141
87
137
53
253
0
12
35
184
44
109
46
33
204
164
97
319
142
23
74
197
1
43
22
53
202
465
18
174
96
79
115
92
66
0
13
9
142
97
180
254
122
162
309
261
122
4
129
170
120
348
240
2
46
212
43
312
196
132
257
77
210
290
445
56
138
277
18
213
44
32
106
295
69
60
62
10
150
47
245
155
214
113
118
224
29
259
442
85
14
79
6
337
50
272
0
7
356
33
203
51
213
221
73
166
93
41
160
14
43
257
191
42
30
17
2
2
145
0
206
322
147
64
28
25
62
183
20
55
113
58
1
35
208
245
32
29
319
2
195
89
12
155
148
188
9
373
78
0
93
201
85
29
94
43
141
132
317
101
54
54
1
158
95
6
76
2
293
272
25
95
196
66
26
84
194
128
67
93
17
301
149
290
86
392
2
387
281
7
9
9
205
294
54
22
210
40
9
152
36
144
59
129
47
8
5
26
25
231
221
18
246
41
356
12
81
7
283
264
15
266
47
152
78
40
342
330
3
422
228
16
40
110
196
92
15
80
27
161
79
10
301
279
145
50
63
310
127
68
17
204
73
20
282
12
14
66
43
83
12
20
3
20
102
23
0
1
401
20
2
11
48
36
219
306
64
346
148
187
72
2
156
10
110
143
29
77
34
70
0
179
284
161
188
92
97
19
400
168
190
420
73
317
365
75
49
122
56
0
274
231
6
47
15
215
280
39
77
84
8
238
112
104
82
36
46
71
44
118
262
113
14
90
91
223
238
244
254
67
205
56
73
71
125
219
215
115
15
2
57
64
117
124
54
46
113
8
178
217
183
102
53
139
45
162
6
123
16
143
263
70
141
315
53
359
124
144
13
25
437
126
45
110
80
31
152
45
291
38
22
104
80
52
167
147
141
19
176
8
33
185
253
271
33
397
42
299
128
88
12
122
411
5
2
266
69
327
333
185
97
15
73
89
191
7
265
61
105
342
8
22
28
106
21
49
231
106
113
180
50
119
330
181
0
40
202
218
51
359
147
190
64
53
14
123
105
125
277
0
29
97
71
438
128
383
282
228
369
80
28
104
20
255
55
92
284
17
196
33
137
219
221
28
16
27
443
0
392
293
184
134
10
11
58
459
18
36
162
316
135
227
299
103
74
312
35
165
27
286
0
304
193
18
168
168
46
353
393
2
272
0
80
19
0
54
251
8
140
40
133
0
138
298
28
0
163
212
189
35
35
119
145
283
402
349
90
61
129
2
110
74
80
1
167
33
56
229
0
70
26
71
455
47
72
15
223
218
140
61
158
69
98
42
195
26
175
86
174
45
289
115
341
100
109
446
273
9
427
45
81
5
60
197
349
60
106
20
175
69
79
17
17
272
288
269
108
36
21
0
188
88
10
211
10
2
5
246
188
173
65
157
12
67
141
67
13
64
13
0
136
66
64
24
0
125
24
50
222
311
33
35
124
0
360
387
163
6
14
324
234
15
93
133
444
74
46
81
215
174
114
108
6
114
135
111
108
84
35
88
32
0
136
17
156
5
295
44
134
267
63
67
3
56
202
71
30
125
108
123
1
256
25
0
108
22
100
167
56
64
0
0
24
69
182
45
20
33
462
104
124
0
28
107
3
54
150
93
164
116
10
13
182
0
73
7
20
200
50
55
55
175
413
362
127
115
147
65
226
14
45
365
21
297
0
201
39
64
298
144
127
45
280
213
7
103
244
312
45
105
91
56
0
178
36
140
116
197
30
250
39
171
444
53
179
13
31
314
129
34
137
196
376
63
24
328
0
315
77
455
69
0
30
294
169
122
63
55
192
39
223
123
75
66
51
39
288
165
44
0
93
254
32
116
86
108
198
9
192
221
108
89
0
343
156
0
15
277
0
8
18
45
0
72
33
216
234
0
76
190
240
21
44
278
21
32
44
74
232
41
276
455
115
230
130
40
125
215
66
193
4
240
387
64
76
115
187
65
50
414
21
0
79
73
75
8
32
7
35
214
18
161
45
66
280
169
0
171
116
24
33
461
85
0
57
177
260
186
241
116
16
273
261
33
335
62
243
194
270
13
0
148
17
276
33
77
121
131
13
41
20
28
137
19
54
57
23
24
46
175
16
149
158
31
98
230
7
48
387
33
0
81
133
249
0
30
286
262
148
116
310
100
58
75
415
48
15
13
64
266
208
429
11
56
157
335
21
81
1
217
200
80
173
250
24
72
290
82
104
132
296
187
0
138
0
25
24
0
0
117
32
157
226
234
185
14
246
166
155
111
224
0
37
102
30
17
48
125
11
48
72
171
312
80
8
58
335
374
460
28
171
144
0
209
6
68
149
206
6
0
79
61
231
0
30
14
87
65
101
250
161
2
21
30
50
2
189
249
353
322
18
38
93
1
0
154
180
0
70
92
115
161
23
5
168
30
205
202
92
137
78
359
33
52
0
24
0
27
2
304
89
269
155
447
5
142
192
120
351
24
7
173
364
0
168
167
234
44
205
60
287
258
81
22
182
152
358
161
62
425
69
23
5
108
40
88
42
220
298
47
105
136
281
22
20
30
118
2
193
4
133
24
151
42
44
106
234
91
0
4
75
9
206
338
120
111
310
21
80
105
46
32
8
21
15
219
458
75
148
14
180
172
5
262
153
56
29
97
27
63
280
90
63
55
114
294
113
0
0
169
10
203
16
0
181
359
306
86
252
187
149
341
184
16
331
17
226
399
30
76
139
266
76
211
28
0
154
293
138
169
109
77
149
179
113
347
37
8
24
28
158
8
0
31
342
194
351
10
94
28
122
5
28
374
213
30
0
0
80
420
36
23
35
132
230
132
117
198
56
9
16
46
33
58
73
331
4
114
203
57
165
154
6
44
419
114
126
96
61
23
2
155
222
24
123
250
152
230
50
422
182
93
273
146
0
63
164
0
92
43
42
195
0
0
17
52
54
24
248
172
19
55
30
244
220
175
100
235
24
174
48
110
126
51
26
19
203
79
351
246
118
185
0
282
28
0
398
59
16
53
166
0
133
235
275
250
9
164
310
0
159
210
19
251
42
24
110
227
45
132
13
188
42
185
156
194
101
30
392
12
201
191
58
464
37
95
137
40
62
211
435
4
62
124
193
150
83
20
0
41
39
20
182
229
289
73
173
461
312
35
314
57
81
62
28
187
122
48
341
219
446
53
86
94
160
112
65
0
395
0
12
2
393
77
20
54
170
186
267
100
133
22
141
69
0
0
0
0
120
69
72
31
170
51
87
104
29
23
158
246
33
0
67
0
17
30
57
122
107
14
3
104
296
140
130
147
461
161
18
24
133
0
299
222
64
35
38
234
15
286
12
106
151
34
225
259
104
99
104
11
46
17
3
0
131
100
0
100
363
42
10
70
17
68
84
13
1
426
417
37
333
46
68
209
40
33
98
96
295
274
237
30
6
51
66
264
307
105
147
43
247
254
25
23
0
15
5
17
87
125
189
460
148
10
465
178
83
108
56
102
61
325
119
146
67
62
181
24
216
12
52
241
172
14
18
5
73
47
213
129
57
118
79
37
44
57
201
84
100
86
243
132
48
80
34
40
2
167
56
1
158
213
53
138
106
278
104
115
85
236
382
0
382
160
199
306
76
352
143
48
60
241
401
123
280
4
112
78
101
23
55
79
75
73
91
32
153
14
230
159
34
36
275
366
56
100
174
2
37
152
93
41
95
130
149
24
45
11
84
120
144
108
46
230
98
382
1
1
29
259
61
4
65
80
51
36
71
255
175
93
300
92
180
141
74
177
337
72
164
39
55
123
86
141
280
24
58
22
90
208
110
69
251
31
1
18
23
143
74
214
228
29
32
216
85
83
125
16
158
104
315
159
115
396
224
11
241
0
172
30
211
27
185
2
1
318
15
32
3
119
172
323
460
28
126
6
242
256
73
34
222
2
198
171
123
15
141
347
345
179
43
41
13
75
106
30
303
47
298
391
135
27
21
242
0
6
84
265
320
220
61
66
28
84
165
74
285
294
96
152
316
3
219
126
2
45
336
170
6
59
14
183
43
169
72
38
457
96
17
19
58
189
249
22
103
476
173
11
138
13
49
5
367
55
158
62
235
281
51
1
212
7
208
105
425
13
154
319
371
166
16
18
112
237
76
95
210
370
27
262
42
126
36
14
102
245
42
12
292
7
53
151
0
67
53
220
12
62
40
83
327
66
30
53
20
209
80
57
46
61
1
111
17
351
13
1
114
12
86
221
217
123
102
112
31
43
81
491
116
53
10
63
161
141
134
19
39
13
58
87
13
257
35
390
120
204
108
137
283
72
31
107
133
422
102
49
76
82
108
4
31
60
129
28
157
176
69
112
210
30
25
338
98
104
90
2
23
74
114
24
66
55
238
146
215
105
0
88
0
144
26
97
111
325
187
45
89
362
2
413
450
44
31
252
54
18
53
1
155
203
330
33
103
101
493
104
42
136
81
88
18
79
13
31
212
101
145
143
65
75
15
134
28
132
34
77
9
173
222
76
1
6
43
4
156
7
81
142
1
41
102
170
87
105
457
8
68
55
352
175
351
116
65
317
375
56
6
151
108
194
328
59
17
298
23
327
381
63
49
34
73
57
63
258
91
58
14
410
21
47
27
188
16
106
107
128
234
37
381
176
33
30
49
12
73
156
8
74
272
42
293
86
344
123
54
297
81
131
2
37
17
452
115
196
291
97
66
56
101
19
14
13
56
138
12
104
481
20
244
166
7
324
109
23
16
6
36
39
306
135
100
115
237
270
274
125
77
88
50
25
369
272
39
66
12
139
136
17
23
25
32
135
130
218
163
18
24
17
82
270
102
22
180
160
114
127
54
226
56
134
8
4
85
172
292
249
304
25
259
202
221
269
9
155
21
45
84
404
20
172
89
46
43
131
59
203
17
257
59
72
172
104
217
109
198
132
190
318
33
47
344
199
283
5
264
8
2
196
9
131
354
112
189
189
185
107
201
110
177
153
222
112
235
110
46
39
105
54
17
19
256
12
136
11
379
17
141
312
315
120
179
87
70
188
81
44
51
246
141
34
158
209
303
125
196
20
23
331
278
47
155
34
352
7
329
430
58
185
50
196
188
122
12
83
192
106
71
243
452
85
7
56
144
65
166
140
283
13
127
294
71
195
56
17
132
0
27
133
120
102
1
25
210
307
84
91
187
95
306
37
3
27
57
132
297
258
1
64
246
234
94
147
37
37
163
424
3
138
208
273
140
243
47
24
80
3
278
233
254
1
95
222
30
100
81
8
206
173
3
57
131
10
49
18
53
1
91
7
328
87
475
55
233
133
246
115
221
316
2
74
80
93
23
27
210
47
456
159
124
249
288
41
42
11
303
189
45
112
42
40
65
158
91
350
98
90
236
215
85
87
135
72
181
21
292
131
45
17
37
263
253
51
154
9
45
346
11
49
26
169
408
135
211
79
130
20
152
64
76
210
47
257
327
22
150
51
41
458
87
321
8
7
70
455
120
17
166
155
14
228
308
11
81
287
139
402
135
109
141
125
38
271
40
28
327
137
179
44
89
14
5
246
203
14
400
287
46
65
206
136
82
132
48
108
232
106
82
166
306
215
293
323
264
85
26
57
56
87
330
60
78
81
362
164
44
231
41
17
318
