21
+ 588 392 1 640173034 0
+ 332 5522 1 648776911 0
+ 6028 8919 1 315490561 0
+ 6129 3818 1 716541323 0
+ 2679 2249 1 94302018 0
+ 1382 186 1 295931805 0
+ 3956 7752 1 275694182 0
+ 6412 2498 1 363908456 0
+ 8317 3132 1 280072493 0
+ 6886 4162 1 501254615 0
+ 2519 6930 1 217727667 0
+ 2040 1258 1 158548 0
+ 6717 8027 1 284409094 0
+ 6840 4202 1 203911799 0
+ 9866 2043 1 397252152 0
+ 2262 3154 1 540592061 0
+ 5073 8492 1 76689592 0
+ 2615 7588 1 895885618 0
+ 721 9208 1 485054016 0
+ 5872 5328 1 546138163 0
? 7207 8126 1