OK
159
0 4 0 1 2 3
1 4 0 1 2 3
2 2 0 1
2 2 2 3
2 2 0 2
2 2 1 3
1 1 6
1 1 8
2 2 10 7
2 2 11 9
1 1 4
1 1 4
1 1 4
1 1 4
1 1 4
1 1 4
1 1 4
1 1 4
1 1 4
1 1 4
1 1 4
1 1 4
1 1 4
1 1 4
1 1 4
1 1 4
0 2 10 14
2 2 10 14
0 2 30 15
2 2 30 15
0 2 32 16
2 2 32 16
0 2 34 17
2 2 34 17
0 2 36 18
2 2 36 18
0 2 38 19
2 2 38 19
0 2 40 20
2 2 40 20
0 2 42 21
2 2 42 21
0 2 44 22
2 2 44 22
0 2 46 23
2 2 46 23
0 2 48 24
2 2 48 24
0 2 50 25
2 2 50 25
0 2 52 26
2 2 52 26
0 2 54 27
2 2 54 27
0 2 56 28
2 2 56 28
0 2 58 29
2 2 58 29
0 2 12 31
2 2 12 31
0 2 62 33
2 2 62 33
0 2 64 35
2 2 64 35
0 2 66 37
2 2 66 37
0 2 68 39
2 2 68 39
0 2 70 41
2 2 70 41
0 2 72 43
2 2 72 43
0 2 74 45
2 2 74 45
0 2 76 47
2 2 76 47
0 2 78 49
2 2 78 49
0 2 80 51
2 2 80 51
0 2 82 53
2 2 82 53
0 2 84 55
2 2 84 55
0 2 86 57
2 2 86 57
0 2 88 59
2 2 88 59
0 2 90 61
2 2 90 61
0 2 11 63
2 2 11 63
0 2 94 65
2 2 94 65
0 2 96 67
2 2 96 67
0 2 98 69
2 2 98 69
0 2 100 71
2 2 100 71
0 2 102 73
2 2 102 73
0 2 104 75
2 2 104 75
0 2 106 77
2 2 106 77
0 2 108 79
2 2 108 79
0 2 110 81
2 2 110 81
0 2 112 83
2 2 112 83
0 2 114 85
2 2 114 85
0 2 116 87
2 2 116 87
0 2 118 89
2 2 118 89
0 2 120 91
2 2 120 91
0 2 122 93
2 2 122 93
0 2 13 95
2 2 13 95
0 2 126 97
2 2 126 97
0 2 128 99
2 2 128 99
0 2 130 101
2 2 130 101
0 2 132 103
2 2 132 103
0 2 134 105
2 2 134 105
0 2 136 107
2 2 136 107
0 2 138 109
2 2 138 109
0 2 140 111
2 2 140 111
0 2 142 113
2 2 142 113
0 2 144 115
2 2 144 115
0 2 146 117
2 2 146 117
0 2 148 119
2 2 148 119
0 2 150 121
2 2 150 121
0 2 152 123
2 2 152 123
0 2 154 125
2 2 154 125
0 1 127
1 15 129 131 133 135 137 139 141 143 145 147 149 151 153 155 157
3 159
0 2 158 160
1 1 161
