9 100 10 1
35 35 1
5 5 6
31 31 1
91 66 9
41 41 1
15 15 3
55 55 10
47 47 2
21 21 3
27 27 6
80 80 10
48 81 9
16 16 1
36 36 3
79 79 9
75 75 6
33 33 1
96 96 7
13 13 10
20 20 8
60 60 8
34 34 8
4 4 7
6 6 7
68 68 10
90 90 1
18 18 9
80 80 3
26 26 10
14 14 7
11 11 5
11 11 6
23 11 9
28 28 10
31 31 3
95 95 10
23 23 2
65 65 3
9 9 10
92 92 10
56 56 2
17 17 5
40 40 3
63 63 9
89 89 4
42 42 3
5 56 4
75 75 8
32 32 4
44 44 6
1 1 10
33 33 5
93 93 10
68 68 8
70 70 2
1 1 7
29 29 6
60 60 5
59 59 6
54 54 3
8 8 3
35 35 4
11 11 10
40 40 1
47 47 3
22 22 5
32 32 10
64 64 10
99 99 10
24 24 8
23 23 10
79 79 3
47 47 10
58 58 10
41 41 2
54 54 8
71 71 1
59 59 5
96 96 2
11 11 2
73 73 6
90 90 4
98 98 6
15 15 8
2 2 1
16 16 6
89 89 10
68 68 4
98 98 4
38 38 1
91 91 6
78 43 9
46 46 10
85 85 7
21 21 10
3 3 8
26 66 8
95 95 5
67 67 1
21 21 5
62 62 10
37 37 1
41 41 10
94 94 10
31 31 10
40 40 10
9 9 7
88 88 4
38 38 7
71 71 3
53 53 6
69 69 4
38 38 4
55 55 1
8 8 8
99 99 5
100 100 8
33 33 8
73 73 9
36 99 9
16 16 7
48 48 3
38 38 6
30 30 1
6 6 10
87 87 10
49 49 6
24 24 3
43 43 4
64 64 8
10 10 7
86 86 10
56 56 6
83 83 2
34 34 7
10 10 9
66 66 4
42 42 10
98 59 8
75 75 1
40 40 4
90 37 6
46 46 4
85 85 6
89 89 5
13 13 3
73 73 4
95 95 8
6 6 2
98 98 7
18 18 7
82 82 1
53 53 2
76 76 9
20 20 9
26 91 9
84 84 3
88 88 7
17 17 9
37 90 6
61 61 1
40 40 6
69 69 8
30 30 9
62 62 7
63 63 5
63 63 4
90 90 5
38 38 10
45 45 9
67 67 5
9 9 8
3 3 10
70 70 5
61 61 7
6 6 5
74 74 7
21 39 6
65 65 10
15 15 5
50 50 5
70 70 1
7 7 1
71 52 9
8 8 10
75 75 4
51 51 5
74 74 8
50 50 8
53 53 1
48 48 1
49 49 2
43 43 3
4 4 3
69 69 3
51 51 9
8 8 9
60 60 6
28 28 8
21 21 8
31 31 2
75 75 10
75 75 2
52 72 9
15 15 7
74 74 5
37 37 2
48 48 10
3 3 6
91 91 5
91 91 4
56 56 8
74 74 10
99 99 4
40 40 7
41 41 7
70 70 6
67 67 2
19 19 10
29 29 9
41 41 5
33 33 6
75 75 7
32 32 7
81 81 3
85 85 10
6 6 3
5 5 3
99 99 7
81 81 7
16 16 3
60 60 1
2 2 10
25 25 3
58 58 9
17 17 2
10 10 10
50 50 9
41 41 6
63 63 3
39 39 5
78 78 10
87 87 7
99 97 9
21 21 4
98 98 1
83 83 6
10 10 2
3 3 5
65 65 4
100 100 3
69 80 6
58 58 4
21 21 7
63 63 6
42 42 7
34 34 4
46 46 7
18 18 8
70 89 9
8 8 4
7 7 4
8 8 2
54 54 4
27 27 2
44 44 7
30 30 8
59 59 2
16 16 5
80 80 2
91 91 2
92 16 9
57 57 2
61 61 10
66 66 7
7 7 6
79 79 2
90 90 2
25 25 8
82 82 9
73 73 8
50 50 6
22 22 10
45 45 3
80 80 4
36 36 8
89 89 3
61 61 9
17 17 7
3 3 2
4 4 8
2 2 8
61 61 6
58 58 6
77 77 3
84 84 10
2 2 3
22 22 1
14 14 8
77 77 1
37 37 7
49 49 8
70 70 10
90 90 7
27 27 10
19 19 9
32 32 3
99 99 8
1 1 6
28 28 9
1 1 5
23 11 4
99 99 3
46 46 5
39 39 1
43 43 7
11 11 7
7 7 5
90 90 3
89 22 9
34 34 10
2 2 4
40 40 9
81 81 1
80 80 8
14 14 9
26 26 2
56 56 1
81 81 2
66 66 2
19 19 4
79 79 4
73 73 5
47 35 6
12 12 4
80 80 5
11 23 4
57 57 9
36 36 2
19 19 8
7 7 9
22 22 7
25 25 6
99 99 2
16 77 9
18 18 10
65 65 6
70 22 8
35 35 7
66 66 6
64 64 4
65 65 1
2 2 7
76 76 10
12 12 8
4 4 6
59 41 8
82 82 4
39 39 8
62 62 8
41 98 8
53 53 7
58 58 3
69 69 9
23 23 7
14 14 5
6 6 8
20 20 6
9 78 6
96 96 1
48 48 6
15 15 6
84 84 4
75 75 5
68 68 3
14 14 6
55 55 3
1 1 1
100 100 10
81 81 6
78 78 1
5 5 10
33 33 4
93 93 5
62 62 6
5 5 2
97 36 6
4 4 1
65 65 7
97 97 4
75 75 9
26 26 3
88 88 9
94 94 5
25 25 5
67 67 6
84 84 1
18 18 2
62 62 1
37 37 4
24 24 10
46 31 6
55 55 6
38 38 3
57 57 3
41 41 4
86 86 5
89 70 8
69 69 1
11 11 1
10 10 8
87 87 4
27 27 5
19 19 2
61 61 4
80 69 6
5 5 8
3 3 7
27 27 7
67 67 7
14 14 1
15 15 4
29 29 5
10 10 1
34 34 3
33 33 10
45 45 2
58 58 2
11 23 9
10 10 5
17 17 4
48 48 4
21 21 2
94 94 7
28 28 6
3 3 9
32 32 2
9 9 2
77 77 7
53 53 10
89 89 6
78 43 6
93 93 7
18 18 3
45 45 6
25 25 1
79 79 8
12 12 9
72 72 7
4 4 9
53 53 4
100 100 6
57 57 6
65 65 2
13 13 1
46 46 1
71 71 2
47 47 5
45 45 1
25 25 7
6 6 4
47 47 4
95 95 1
50 50 1
82 82 6
38 38 2
56 5 4
64 64 9
97 97 7
54 54 1
33 33 7
57 57 7
91 91 3
9 9 4
31 31 5
51 51 1
63 63 8
55 55 2
82 82 8
87 87 3
87 46 6
20 20 2
73 73 2
62 62 4
27 27 1
56 56 7
72 72 1
5 5 7
8 8 7
25 25 4
86 86 7
30 30 6
87 87 2
42 42 2
69 69 5
41 59 9
78 78 8
70 70 7
85 85 3
44 44 3
57 57 4
42 42 8
45 45 8
77 77 6
97 36 9
12 12 2
39 39 3
92 92 7
55 55 4
85 85 4
71 72 8
66 91 8
91 91 1
12 12 7
64 64 3
60 60 10
68 68 1
79 79 6
77 16 8
30 30 2
79 79 10
5 56 9
82 82 10
51 51 4
68 68 7
86 86 8
69 69 2
84 84 9
1 1 4
85 85 5
3 3 3
67 67 4
78 78 2
34 34 6
96 96 10
31 87 6
88 88 2
73 73 7
12 12 6
47 47 9
15 15 9
96 96 4
80 80 7
17 17 8
20 20 1
52 52 1
91 91 10
82 82 2
31 87 9
25 25 10
51 51 3
16 16 10
56 56 3
46 31 9
70 70 4
48 48 2
39 39 2
44 44 4
58 58 8
87 87 1
11 11 3
59 59 1
5 5 5
98 41 9
35 35 5
84 84 5
63 63 10
94 94 1
13 13 2
94 94 4
67 67 10
97 97 2
72 72 3
43 43 8
43 43 5
97 97 10
48 53 8
93 93 4
71 71 6
35 35 9
34 34 5
39 39 4
31 31 8
36 36 7
49 49 3
88 88 6
44 44 1
7 7 8
54 54 10
96 96 5
26 26 1
81 81 4
9 9 5
24 24 9
43 43 2
73 73 10
70 70 3
38 38 5
43 43 10
69 69 10
56 56 10
7 7 2
60 60 4
9 78 9
82 82 3
44 44 5
38 38 8
17 17 3
74 74 6
62 62 3
55 55 9
84 84 7
49 49 7
93 93 8
12 12 3
8 8 1
13 13 4
60 60 2
27 27 8
75 75 3
51 51 10
45 45 7
56 5 9
33 33 9
24 24 2
92 92 1
28 28 5
72 72 6
43 43 1
26 26 5
44 44 2
64 64 1
94 94 2
61 61 5
83 83 10
74 74 2
52 52 7
2 2 6
20 20 3
7 7 10
74 74 1
13 13 6
39 21 6
68 68 6
29 29 4
72 52 8
69 69 7
4 4 5
47 47 1
71 71 10
62 62 5
51 51 7
96 96 3
47 47 7
97 97 1
83 83 4
66 66 5
83 83 5
42 42 6
86 86 1
92 77 8
50 50 3
40 40 5
51 51 6
19 19 5
67 67 3
15 15 1
83 83 3
23 23 1
98 98 10
59 59 7
53 48 9
4 4 4
95 95 3
95 95 6
88 88 5
43 9 6
20 20 10
25 25 9
72 72 5
18 18 6
44 44 10
30 30 5
85 85 2
86 86 9
74 74 9
52 52 5
54 54 7
51 51 2
24 24 5
52 52 10
22 22 6
24 24 1
66 66 3
57 57 8
93 93 2
32 32 5
85 85 1
57 57 10
62 62 9
17 17 10
64 64 2
86 86 2
56 56 5
35 35 8
10 10 4
15 15 2
59 59 3
96 96 8
20 20 7
7 7 7
29 29 7
1 1 2
30 30 4
84 84 8
100 100 4
51 51 8
30 30 3
63 63 2
59 59 10
37 37 3
22 22 2
58 58 1
72 72 2
2 2 5
72 71 9
28 28 7
93 93 1
54 54 9
92 92 5
10 10 3
40 40 8
99 99 1
77 92 9
63 63 7
6 6 6
21 21 9
87 87 8
83 83 9
50 50 4
2 2 9
95 95 4
32 32 6
58 58 5
23 23 6
18 18 5
22 22 3
91 91 7
72 72 10
35 35 3
84 84 2
52 71 8
89 89 7
4 4 2
77 77 4
22 22 4
29 29 3
7 7 3
86 86 4
100 100 9
36 36 10
98 98 2
48 48 7
66 26 9
43 9 9
62 62 2
29 29 1
21 21 1
28 28 3
5 5 1
58 58 7
14 14 2
36 36 1
26 26 6
1 1 9
79 79 5
2 2 2
50 50 10
42 42 9
22 89 8
76 76 2
35 35 2
76 76 7
31 31 7
15 15 10
83 83 7
78 78 5
77 77 10
71 71 5
91 26 8
23 23 8
86 86 6
88 88 3
22 70 9
36 99 6
88 88 1
85 85 9
76 76 6
73 73 3
27 27 9
76 76 5
46 46 8
37 37 8
13 13 8
23 23 3
30 30 10
67 67 8
94 94 6
36 36 4
78 78 4
66 66 1
89 89 2
87 46 9
90 90 9
93 93 6
24 24 7
84 84 6
33 33 3
44 44 9
49 49 9
42 42 5
95 95 7
29 29 2
20 20 5
95 95 9
32 32 9
55 55 7
24 24 4
59 59 4
12 12 5
53 81 8
37 37 9
60 60 7
55 55 5
100 100 1
61 61 8
10 10 6
17 17 6
99 97 6
45 45 4
73 73 1
42 42 1
34 34 1
9 9 3
28 28 1
64 64 6
100 100 5
59 98 9
78 78 3
46 46 3
77 77 5
81 48 8
48 48 5
19 19 6
18 18 1
55 55 8
87 87 5
81 53 9
94 94 8
33 33 2
66 66 10
9 9 1
88 88 10
29 29 10
93 93 9
79 79 1
39 39 9
19 19 1
76 76 4
83 83 8
13 13 9
39 39 10
30 30 7
97 97 5
60 60 3
57 57 5
49 49 5
42 42 4
45 45 10
65 65 8
61 61 3
6 6 9
3 3 1
95 95 2
92 92 6
93 93 3
65 65 9
80 80 1
68 68 9
92 92 2
54 54 5
61 61 2
4 4 10
76 76 8
81 81 10
6 6 1
83 83 1
29 29 8
13 13 5
100 100 7
52 52 2
40 40 2
18 18 4
8 8 6
25 25 2
90 90 8
27 27 4
46 46 2
77 77 2
97 97 8
14 14 4
68 68 2
76 76 1
38 38 9
53 53 5
89 89 1
90 90 10
78 78 7
81 81 5
53 53 3
50 50 2
36 36 5
97 97 3
92 92 3
16 16 2
96 96 9
19 19 3
12 12 10
82 82 5
1 1 3
24 24 6
94 94 3
14 14 3
72 72 4
63 63 1
57 57 1
13 13 7
52 52 4
39 39 7
45 45 5
68 68 5
50 50 7
96 96 6
12 12 1
28 28 4
52 52 6
34 34 2
31 31 4
8 8 5
1 1 8
54 54 2
34 34 9
16 16 4
37 37 5
88 88 8
67 67 9
82 82 7
98 98 3
19 19 7
71 71 4
26 26 4
60 60 9
20 20 4
41 41 3
32 32 1
26 26 7
76 76 3
23 23 5
98 98 5
28 28 2
44 44 8
85 85 8
37 37 10
80 80 9
49 49 1
16 92 8
52 52 3
86 86 3
14 14 10
32 32 8
11 11 8
17 17 1
49 49 10
27 27 3
64 64 7
74 74 4
71 71 7
92 92 4
54 54 6
74 74 3
79 79 7
94 94 9
35 47 6
35 35 10
65 65 5
64 64 5
3 3 4
47 47 8
100 100 2
49 49 4
