17 98 10 999997078910279
29 29 4
32 32 5
40 40 5
52 52 1
10 10 9
20 20 7
7 7 9
62 62 4
4 4 2
82 82 4
72 72 10
45 45 6
57 57 3
95 95 10
78 78 1
63 53 1
13 36 4
67 67 8
52 52 4
68 68 3
77 77 1
61 61 1
69 69 9
20 20 5
53 63 7
91 91 3
56 56 2
22 22 9
24 24 6
16 16 9
78 78 10
34 34 10
6 6 6
20 20 3
46 46 3
51 31 10
25 25 10
71 71 1
31 51 5
18 85 7
68 76 2
80 80 6
77 77 7
88 96 1
65 65 5
43 50 4
95 95 4
49 49 5
29 29 10
46 46 1
87 87 10
96 96 5
34 26 2
24 24 8
76 30 10
86 92 8
87 87 8
72 81 1
69 69 8
64 64 10
5 5 9
54 54 8
14 14 3
24 24 2
21 21 5
36 36 9
80 80 8
12 12 5
38 38 1
42 42 2
62 78 2
76 76 3
77 77 9
2 2 8
43 50 10
72 72 4
58 58 10
66 85 4
41 41 3
6 6 8
20 20 2
12 63 6
4 4 8
11 15 1
49 49 3
63 53 10
53 53 8
12 53 9
4 4 10
61 61 4
74 74 9
59 59 3
98 98 9
29 29 6
37 37 10
7 7 3
30 68 6
31 51 10
39 39 4
90 90 2
81 54 7
94 94 9
9 9 9
46 46 8
53 12 10
86 92 4
43 50 8
41 34 5
64 64 2
40 40 8
49 49 6
17 17 1
91 91 4
38 38 10
87 87 1
59 59 5
49 49 9
23 23 7
2 2 10
82 82 10
69 69 5
3 3 3
87 87 6
18 18 9
90 90 3
61 61 9
7 7 7
72 72 3
41 41 6
26 26 1
94 94 6
17 87 2
92 86 10
81 81 9
95 95 3
95 95 5
18 18 8
82 82 2
24 24 4
79 79 9
91 91 1
91 91 9
83 83 2
14 14 5
79 79 7
36 13 4
42 42 4
75 75 8
22 22 4
60 60 8
46 46 9
67 67 10
47 47 3
19 19 10
44 44 10
7 7 10
9 9 4
28 28 3
34 34 3
17 17 9
79 79 3
32 32 6
16 16 3
86 92 10
43 43 9
9 14 1
26 26 6
96 4 1
81 81 2
57 57 4
47 80 1
95 72 7
21 21 3
56 56 6
27 27 7
24 24 1
77 77 4
79 79 6
92 86 7
78 78 9
27 27 8
73 73 4
48 48 10
90 90 1
89 89 7
75 75 9
16 16 10
70 70 7
56 56 10
45 45 5
92 86 4
36 13 6
76 30 1
28 28 9
92 86 1
15 15 10
60 60 4
23 23 9
67 67 3
11 11 9
76 30 6
10 10 2
1 1 7
6 6 3
15 16 7
28 28 7
51 31 8
23 23 3
12 12 3
57 57 7
74 74 3
39 39 8
80 7 1
13 36 10
18 18 6
46 17 4
74 33 7
98 98 8
45 45 3
11 11 8
79 79 1
93 93 10
96 96 4
25 25 4
69 69 2
80 80 3
50 50 9
8 8 5
64 64 4
70 70 8
91 91 8
25 62 2
16 16 8
88 88 3
86 86 2
3 3 10
22 22 8
53 53 4
23 23 6
3 3 1
7 47 1
81 81 5
35 35 2
94 94 2
13 13 3
93 16 1
19 19 6
3 3 9
28 28 6
48 48 8
84 84 3
25 25 8
19 19 5
74 74 4
73 73 2
52 52 6
93 93 4
26 41 4
5 5 5
78 78 5
96 96 10
98 98 5
55 55 10
14 14 4
30 76 7
52 52 2
23 23 4
97 97 10
75 75 7
31 31 2
98 98 6
39 39 6
93 93 8
66 66 1
3 3 7
66 66 3
67 67 7
71 71 10
86 92 5
55 55 1
86 86 3
50 43 7
94 94 10
30 30 4
87 46 5
27 27 4
70 70 10
17 46 7
82 82 6
81 81 8
38 38 5
8 8 4
7 7 2
24 24 10
23 23 1
98 75 1
38 38 6
87 87 9
27 27 5
81 81 3
23 23 2
97 97 2
94 94 4
89 89 1
50 43 5
10 10 8
37 37 3
4 4 6
75 75 6
12 63 2
73 73 5
14 14 9
26 41 5
47 47 4
7 7 8
75 75 3
19 19 7
29 29 9
58 58 1
90 90 6
86 92 1
4 4 4
37 37 5
31 51 1
80 80 2
15 15 6
62 62 3
31 51 4
6 6 5
71 71 4
77 77 3
82 82 3
71 71 7
33 33 8
38 38 9
92 92 2
34 34 9
19 19 4
60 60 7
22 22 1
92 86 8
56 56 4
71 71 2
62 62 8
1 1 6
11 11 6
13 36 5
44 44 8
77 77 10
39 39 1
51 51 9
87 46 4
40 40 4
60 60 2
52 52 3
94 94 7
83 83 4
36 13 1
28 28 8
71 71 9
29 29 2
70 70 9
98 98 4
86 92 6
60 60 1
61 61 6
94 94 1
75 75 5
12 53 7
84 84 2
79 79 4
67 67 5
88 88 8
89 89 10
22 22 7
30 68 10
22 22 6
66 18 7
52 52 5
59 59 2
81 81 4
96 96 3
5 5 7
32 32 10
6 6 4
91 91 6
74 69 1
54 54 9
76 76 5
95 95 2
33 40 1
47 47 8
92 92 3
72 72 9
46 46 6
17 17 8
16 16 6
42 42 6
39 39 10
67 67 4
36 13 10
33 33 4
56 56 5
25 25 9
84 84 7
43 50 1
77 77 5
63 63 5
91 91 2
65 65 9
35 35 10
52 52 7
85 85 9
39 39 5
4 4 3
17 17 6
14 14 10
15 15 5
46 17 2
46 46 10
38 38 2
42 42 7
40 40 2
33 74 7
31 51 6
8 8 9
61 61 2
15 15 9
9 9 7
28 28 1
57 57 10
30 76 9
84 84 1
85 18 4
66 85 2
89 89 8
26 34 7
29 29 3
28 28 2
9 9 2
20 20 9
54 95 1
59 59 6
75 75 10
70 70 2
44 44 4
32 32 2
6 6 7
42 42 10
68 68 4
75 75 4
45 45 10
20 20 10
54 54 6
6 6 1
66 85 5
49 49 4
38 38 8
82 82 7
32 32 9
88 88 7
42 42 5
68 68 8
65 65 10
82 82 9
88 88 10
76 30 2
71 71 8
3 3 5
68 30 9
93 93 3
83 83 8
78 25 2
7 7 5
66 66 8
78 78 6
85 85 1
22 22 10
53 12 6
57 57 5
26 26 8
33 33 3
62 62 6
73 73 3
45 45 2
58 58 7
68 30 7
76 76 8
73 9 1
90 90 8
37 37 8
1 1 5
32 32 4
93 93 5
47 47 5
76 68 9
82 82 8
70 70 6
57 57 8
88 88 4
79 79 2
9 9 10
85 18 2
49 49 2
97 97 5
5 5 1
34 41 7
29 29 5
92 86 5
91 91 10
30 30 8
55 55 7
19 19 1
68 76 6
91 91 5
64 64 9
20 20 1
63 63 3
64 64 5
55 55 2
67 67 9
17 87 4
19 19 2
47 47 10
45 45 8
21 21 8
24 24 5
27 27 9
39 39 3
41 34 4
96 96 7
42 42 1
24 24 7
84 84 9
80 80 10
1 1 1
18 66 5
51 31 1
56 56 9
77 77 6
30 30 5
8 8 6
15 15 2
59 59 10
25 25 3
15 11 1
82 82 5
33 33 9
1 1 2
89 89 5
49 49 8
50 43 1
64 64 7
95 95 9
5 5 8
13 36 6
27 27 6
78 78 8
59 59 4
40 33 1
84 84 5
32 32 7
67 67 6
34 34 6
62 62 5
15 15 4
80 80 5
8 8 7
58 58 9
81 81 10
44 44 3
74 74 2
5 5 4
94 94 3
71 71 3
57 57 6
18 18 10
65 65 1
94 94 8
69 69 6
21 21 4
2 2 9
40 40 9
89 89 2
48 48 1
81 81 6
86 86 9
34 34 8
70 70 5
50 43 4
58 58 8
61 61 5
63 53 6
16 93 1
23 23 8
33 33 6
85 85 10
73 73 10
10 10 5
96 96 9
55 55 9
72 72 2
95 54 1
28 28 4
50 50 2
10 10 10
27 27 10
88 88 5
63 63 4
16 16 4
22 22 2
96 96 8
2 2 3
78 78 3
36 13 5
54 54 10
75 75 2
65 65 3
51 51 2
83 83 9
89 89 6
72 72 6
10 10 4
62 62 10
41 26 7
40 40 10
83 83 3
6 6 10
83 83 1
43 43 3
44 44 9
11 11 2
48 48 2
50 50 3
58 58 2
69 69 10
13 13 9
85 85 3
92 86 6
62 62 1
17 87 5
44 44 2
80 80 4
64 64 6
3 3 6
74 74 5
54 81 7
54 54 2
29 29 7
19 19 8
87 17 7
98 98 10
52 52 10
13 36 1
16 15 7
55 55 5
43 43 2
13 13 2
26 26 9
75 27 1
8 8 2
47 47 9
6 6 2
87 87 3
26 26 3
4 88 1
56 56 3
50 43 8
33 33 10
47 47 6
84 84 6
98 98 3
85 85 6
92 92 9
56 56 1
17 17 10
89 89 4
32 32 1
16 16 2
97 97 1
73 73 9
4 4 7
97 97 4
88 88 2
42 42 9
70 70 3
7 7 6
88 88 6
97 97 3
1 1 4
1 1 3
55 55 8
68 68 5
3 3 4
62 62 9
17 17 3
10 10 1
49 49 10
65 65 2
32 32 3
26 26 10
78 78 4
30 68 2
98 98 2
69 40 7
4 4 9
60 60 6
65 65 8
2 2 1
52 52 8
43 50 7
19 19 9
74 74 10
96 96 6
34 26 5
41 41 8
90 90 4
72 95 7
35 35 7
5 5 10
73 73 8
53 53 5
10 10 3
83 83 10
21 21 2
80 80 9
2 2 6
55 55 6
89 89 3
8 8 8
79 79 8
90 90 7
25 25 5
33 33 2
18 66 4
30 30 3
24 24 9
71 71 6
77 77 2
20 20 4
35 35 4
63 53 2
60 60 3
58 58 4
14 14 8
37 37 7
93 11 7
51 31 6
91 91 7
49 49 7
53 53 3
46 17 5
18 18 3
56 56 7
50 43 6
47 47 2
59 59 1
36 13 7
76 68 7
68 76 10
16 16 5
33 33 5
45 45 4
3 3 8
79 79 10
67 67 2
8 8 10
53 63 9
14 73 1
51 31 5
59 59 9
9 9 8
63 12 9
13 36 7
44 44 7
41 41 9
79 79 5
62 25 7
15 15 8
73 73 6
40 40 6
97 97 7
36 36 3
11 11 3
2 2 7
54 54 5
90 90 10
4 4 5
49 49 1
8 8 1
63 12 7
1 1 9
30 68 1
22 22 3
8 8 3
22 22 5
25 25 1
51 51 3
97 97 8
44 44 5
85 18 5
9 9 6
64 64 1
72 72 8
67 67 1
95 95 6
31 31 9
48 48 3
41 34 2
9 9 5
70 70 4
96 96 2
63 63 8
12 12 8
40 69 7
68 76 1
83 83 6
29 29 1
44 44 6
95 95 8
64 64 8
40 40 3
55 55 3
23 23 10
61 61 8
83 83 7
35 35 8
7 7 4
48 48 6
65 65 4
45 45 1
81 72 1
41 41 1
69 69 4
51 31 7
78 62 7
84 84 10
34 34 1
74 74 6
27 27 2
47 47 7
97 97 6
28 28 5
88 88 9
58 58 5
84 84 4
94 94 5
64 64 3
1 1 10
89 89 9
11 93 7
77 77 8
12 63 1
46 87 7
69 74 1
39 39 9
69 69 3
20 20 8
1 1 8
57 57 9
48 48 9
86 92 7
59 59 8
37 37 1
21 21 7
52 52 9
55 55 4
21 21 9
83 83 5
21 21 1
51 31 4
41 41 10
54 54 3
93 93 9
35 35 5
48 48 5
36 13 8
98 98 7
32 32 8
6 6 9
45 45 9
45 45 7
35 35 9
48 48 7
14 14 7
43 50 5
37 37 2
65 65 7
27 27 3
57 57 2
54 54 4
23 23 5
14 14 2
2 2 5
28 28 10
76 76 4
9 9 3
39 39 2
34 26 4
37 37 9
38 38 3
93 93 2
97 97 9
29 29 8
21 21 10
18 66 2
74 74 8
2 2 4
35 35 6
58 58 3
12 63 10
20 20 6
13 36 8
15 15 3
5 5 2
90 90 9
10 10 6
44 44 1
18 18 1
31 51 7
84 84 8
66 66 10
36 36 2
66 66 9
38 38 4
61 61 10
35 35 3
11 11 4
39 39 7
65 65 6
31 31 3
5 5 3
25 78 7
85 85 8
87 46 2
66 66 6
12 12 4
37 37 6
43 50 6
90 90 5
21 21 6
35 35 1
10 10 7
11 11 10
3 3 2
57 57 1
93 93 6
60 60 9
50 43 10
53 12 1
42 42 3
53 12 2
80 80 7
59 59 7
11 11 5
25 25 6
37 37 4
56 56 8
58 58 6
61 61 7
26 41 2
73 73 7
60 60 5
82 82 1
72 72 5
31 51 8
42 42 8
14 14 6
24 24 3
38 38 7
27 98 1
60 60 10
2 2 2
61 61 3
85 66 7
5 5 6
48 48 4
71 71 5
70 70 1
19 19 3
