11 100 8 903
41 41 4
95 95 8
60 60 3
76 75 3
30 49 7
98 98 2
52 42 7
3 3 1
60 60 6
22 22 4
55 55 5
5 5 7
26 26 1
40 40 6
92 61 5
48 48 4
6 6 1
59 59 1
40 40 3
100 100 8
70 70 1
1 1 4
79 79 4
72 72 4
75 75 5
42 52 3
3 3 4
42 38 7
14 14 7
38 42 3
63 63 5
49 30 3
7 7 8
93 93 3
21 21 4
72 81 7
53 53 2
52 52 8
29 29 6
15 15 7
79 79 6
34 34 6
75 75 4
84 84 6
92 61 6
61 61 2
37 37 4
38 38 4
7 7 4
26 26 6
34 34 7
47 47 1
62 62 6
5 5 2
46 92 7
68 68 4
11 11 5
18 24 6
90 90 1
61 61 8
3 3 8
90 90 6
53 53 8
66 66 1
24 24 1
18 24 3
94 94 8
22 22 6
12 12 6
50 50 7
99 99 4
92 46 3
30 30 4
65 65 2
40 40 4
2 2 2
4 4 4
50 50 5
92 92 8
23 23 7
54 43 3
33 33 6
67 67 5
94 94 3
77 77 4
66 66 4
13 27 3
73 73 1
89 89 6
16 16 2
53 53 6
72 81 3
19 19 2
79 79 8
36 36 4
43 54 7
87 87 2
39 39 8
34 34 3
44 44 2
77 77 7
20 20 1
99 99 3
38 52 7
58 58 4
97 97 8
59 59 2
33 33 5
54 54 2
56 56 1
69 69 4
1 1 2
64 64 6
88 88 6
34 34 4
85 85 8
19 19 6
60 60 4
9 9 1
5 5 6
43 43 4
57 57 6
57 57 1
10 97 6
86 86 5
15 15 1
43 43 2
66 17 3
12 12 5
6 6 6
54 80 6
15 15 3
7 7 3
82 4 6
18 18 1
40 40 1
70 55 3
78 78 1
74 74 7
79 79 5
42 38 6
33 33 4
6 6 5
7 7 7
24 24 4
50 50 2
36 36 5
74 74 5
40 40 7
13 32 7
16 16 4
48 48 7
89 89 5
35 35 6
67 67 1
64 64 1
11 11 1
85 85 4
57 57 8
15 15 4
85 85 3
73 73 8
68 68 6
61 46 6
33 33 1
45 45 1
66 66 2
73 73 6
83 83 8
66 17 7
89 89 1
5 5 8
86 86 3
75 76 6
31 59 6
11 11 2
81 81 6
41 41 7
71 71 4
55 55 8
63 63 6
87 87 3
75 75 2
59 59 4
46 46 8
30 49 3
51 51 2
59 31 3
55 55 4
87 87 7
84 84 5
45 45 7
36 36 6
76 75 7
34 34 2
93 93 8
28 28 2
20 20 4
90 90 5
76 76 1
80 54 1
1 1 6
89 89 3
41 41 2
69 69 1
36 36 1
20 20 3
18 18 5
100 63 7
36 36 8
2 2 7
95 95 1
10 10 8
17 66 6
81 81 4
79 79 3
98 91 6
83 83 5
70 70 8
89 89 2
34 34 1
7 7 2
25 25 8
56 56 7
86 86 4
50 50 1
99 99 6
13 32 6
12 12 3
38 42 1
44 44 1
90 90 3
23 23 4
45 45 3
59 59 5
98 91 7
48 48 3
17 66 3
9 9 8
12 12 4
42 42 2
90 90 7
27 27 2
83 83 3
28 28 1
11 11 3
37 37 2
65 65 7
78 78 3
83 83 6
23 23 8
44 44 5
9 9 3
94 83 1
30 30 1
19 19 8
43 80 3
2 2 5
25 25 6
5 5 1
7 7 6
73 73 3
74 74 8
14 14 2
100 100 6
53 53 4
81 81 2
74 74 2
46 46 2
42 42 8
4 82 7
99 99 8
16 16 8
61 46 5
67 67 4
10 10 5
88 88 2
81 72 7
25 25 7
58 58 2
3 3 2
62 62 5
37 37 3
77 77 5
39 91 1
56 56 6
46 61 3
83 94 1
19 19 3
14 14 1
97 10 3
90 90 8
46 92 6
95 95 6
39 98 5
45 45 5
74 74 6
44 44 7
42 38 5
25 25 2
72 72 1
2 2 3
96 96 4
47 47 7
72 72 2
82 82 4
29 29 5
65 65 5
5 5 5
18 18 2
20 20 5
75 75 1
49 49 8
43 80 1
60 60 2
8 8 1
97 97 1
30 30 5
23 23 1
45 45 6
16 16 1
89 89 7
69 69 7
77 77 2
61 46 7
38 38 2
85 85 6
85 85 1
62 62 7
82 82 8
47 47 8
14 14 6
68 68 2
49 49 2
92 46 1
28 28 4
38 38 8
20 20 6
70 70 2
31 31 2
6 6 2
87 87 8
18 18 4
63 63 4
83 83 7
94 94 6
58 58 5
40 40 2
69 69 2
62 62 4
58 58 3
67 67 6
62 62 2
93 93 7
60 60 8
8 8 5
17 17 5
32 13 1
93 93 5
50 50 8
52 38 3
47 47 5
91 91 2
13 13 2
56 56 4
48 48 1
92 92 4
67 67 2
80 80 2
8 8 7
1 1 1
84 84 2
57 57 4
84 84 1
68 68 5
76 76 4
29 29 4
93 93 6
51 51 7
19 19 7
42 52 1
57 57 3
60 60 5
91 98 1
77 77 6
19 19 5
48 48 6
62 62 8
55 55 2
24 18 3
91 39 6
17 17 8
23 23 6
24 24 2
70 55 7
15 15 6
85 85 2
62 62 1
53 53 7
32 27 5
21 21 6
81 81 1
47 47 2
43 54 6
75 75 8
32 32 8
1 1 5
35 35 8
61 61 4
9 9 5
57 57 7
98 91 5
28 28 7
10 97 3
11 11 6
74 74 1
71 71 8
18 18 8
54 80 7
27 13 7
1 1 7
45 45 8
21 21 7
76 76 2
46 46 4
14 14 3
77 77 1
17 66 7
24 24 8
16 16 6
65 65 4
65 65 8
99 99 2
96 96 2
69 69 6
93 93 1
80 43 6
45 45 4
30 49 6
60 60 7
24 18 6
67 67 8
39 39 4
49 49 1
91 39 5
8 8 4
100 100 4
21 21 2
94 94 7
70 70 4
65 65 3
22 22 5
1 1 3
4 4 1
80 80 8
88 88 5
32 27 6
43 43 8
21 21 3
61 92 3
24 18 7
37 37 6
25 25 4
26 26 3
78 78 2
15 15 2
42 42 4
57 57 5
26 26 7
56 56 3
69 69 8
84 84 3
59 31 6
90 90 4
7 7 5
22 22 8
51 51 1
80 80 4
86 86 1
53 53 5
77 77 8
95 95 5
82 82 5
59 31 7
47 47 4
4 4 5
35 35 7
14 14 5
19 19 4
27 27 8
88 88 4
26 26 4
99 99 5
6 6 8
11 11 4
92 61 7
68 68 1
28 28 8
93 93 4
94 94 2
80 43 5
36 36 2
11 11 7
54 80 5
3 3 7
12 12 7
29 29 8
66 17 6
82 82 1
97 10 7
34 34 5
17 17 2
64 64 7
30 30 2
26 26 5
12 99 1
6 6 7
57 57 2
78 78 4
93 93 2
37 37 1
26 26 8
84 84 4
19 19 1
97 97 4
80 54 3
97 10 6
49 30 6
95 95 4
79 79 1
3 3 5
5 5 4
64 64 4
46 61 1
58 58 8
75 76 3
65 65 6
74 74 4
16 16 5
50 50 6
73 73 7
59 59 8
63 63 1
6 6 3
10 10 1
8 8 8
61 92 1
76 76 8
37 37 5
66 66 5
51 51 5
27 27 4
4 4 8
66 66 8
27 32 3
71 71 6
21 21 1
68 68 7
40 40 5
88 88 3
54 54 4
100 100 1
91 91 8
40 40 8
17 17 1
87 87 6
100 100 5
18 24 7
31 31 4
86 86 7
3 3 6
58 58 6
96 96 5
17 17 4
13 32 5
51 51 6
39 91 3
7 7 1
16 16 7
44 44 6
98 39 3
38 52 6
67 67 3
9 9 7
91 39 7
60 60 1
35 35 5
16 16 3
56 56 2
12 12 8
23 23 5
99 99 7
41 41 5
29 29 2
92 92 2
2 2 6
69 69 3
14 14 4
51 51 4
81 81 8
37 37 7
63 100 3
21 21 8
10 10 4
25 25 1
67 67 7
35 35 4
9 9 4
21 21 5
31 59 7
47 47 6
80 43 7
8 8 2
1 1 8
79 79 7
78 78 7
49 49 4
82 4 3
84 84 7
50 50 3
36 36 7
68 68 8
39 98 7
30 30 8
31 31 1
52 42 6
96 96 6
52 52 4
51 51 3
73 73 2
9 9 6
72 72 6
5 5 3
41 41 6
72 72 5
69 69 5
24 24 5
22 22 3
15 15 8
64 64 8
58 58 7
31 31 8
98 39 1
44 44 3
58 58 1
95 95 3
100 63 3
46 92 5
13 27 1
11 11 8
33 33 7
32 32 2
97 97 5
14 14 8
52 42 5
87 87 5
76 75 6
94 94 4
97 97 2
82 4 7
78 78 8
41 41 3
71 71 5
13 13 4
22 22 1
86 86 6
31 59 3
89 89 4
4 4 2
95 95 7
2 2 1
28 96 3
90 90 2
33 33 2
6 6 4
96 96 8
20 20 7
10 97 7
37 37 8
73 73 5
52 38 1
96 96 1
100 100 2
28 28 6
48 48 5
68 68 3
35 35 2
35 35 3
45 45 2
96 28 3
50 50 4
63 63 2
31 31 5
15 15 5
39 98 6
22 22 7
81 72 3
32 13 3
54 43 1
53 53 3
64 64 2
22 22 2
86 86 2
29 29 1
78 78 5
81 81 5
12 12 2
99 12 1
44 44 4
88 88 7
87 87 4
8 8 6
35 35 1
36 36 3
2 2 8
27 32 1
64 64 3
4 82 3
29 29 7
4 82 6
43 54 5
62 62 3
94 94 5
76 76 5
48 48 8
83 83 2
49 49 5
3 3 3
52 52 2
63 100 7
72 72 8
89 89 8
9 9 2
33 33 3
71 71 3
23 23 2
53 53 1
71 71 2
85 85 7
98 98 4
25 25 3
85 85 5
78 78 6
34 34 8
63 63 8
51 51 8
55 55 1
54 54 8
29 29 3
86 86 8
74 74 3
27 13 6
20 20 2
64 64 5
87 87 1
27 13 5
41 41 1
10 10 2
77 77 3
25 25 5
95 95 2
38 52 5
88 88 8
32 27 7
13 13 8
55 55 6
82 82 2
2 2 4
8 8 3
56 56 5
28 28 5
96 96 7
26 26 2
44 44 8
32 32 4
20 20 8
55 70 3
23 23 3
73 73 4
88 88 1
65 65 1
70 70 5
71 71 7
91 91 4
84 84 8
39 39 2
33 33 8
41 41 8
98 98 8
56 56 8
91 98 3
48 48 2
70 70 6
55 70 7
47 47 3
83 83 4
79 79 2
71 71 1
75 76 7
49 30 7
