7 96 1 1
10 52 1
26 89 1
58 58 1
43 32 1
59 59 1
9 9 1
53 84 1
42 42 1
23 23 1
63 69 1
61 12 1
52 38 1
34 34 1
28 28 1
51 51 1
17 25 1
78 78 1
13 39 1
22 22 1
72 72 1
27 27 1
7 7 1
91 91 1
70 33 1
21 57 1
37 37 1
81 81 1
14 54 1
16 16 1
76 76 1
3 3 1
41 41 1
75 75 1
60 44 1
19 19 1
62 62 1
20 47 1
35 35 1
68 68 1
57 21 1
5 5 1
6 6 1
74 74 1
65 65 1
46 46 1
85 85 1
80 80 1
30 30 1
15 96 1
48 48 1
36 36 1
90 90 1
47 20 1
12 60 1
33 70 1
1 77 1
83 79 1
93 93 1
2 2 1
8 8 1
25 17 1
44 61 1
82 82 1
38 10 1
29 29 1
86 86 1
67 67 1
73 73 1
18 18 1
40 40 1
77 1 1
87 87 1
56 88 1
96 15 1
92 92 1
24 24 1
49 49 1
32 64 1
89 55 1
79 83 1
64 43 1
45 56 1
11 11 1
69 63 1
94 94 1
88 31 1
4 4 1
55 26 1
66 66 1
71 71 1
95 95 1
50 50 1
31 45 1
54 14 1
39 13 1
84 53 1
