300 300
218 142 207 195 77 187 159 35 139 195 98 34 208 41 6 136 146 136 213 149 77 56 182 42 241 113 230 66 231 189 289 29 142 150 46 230 198 204 166 249 280 201 8 41 294 224 274 273 122 238 74 51 116 115 235 59 115 181 280 44 189 161 31 259 172 132 218 127 43 282 143 92 4 297 274 47 196 259 88 196 98 242 204 279 39 30 217 27 271 9 161 251 152 82 242 64 223 74 103 18 25 287 269 59 151 43 100 203 147 209 65 36 102 267 80 113 247 110 132 12 237 163 76 168 81 62 7 184 23 64 166 130 249 234 135 166 162 22 11 192 166 37 70 215 61 131 184 37 288 263 169 16 231 264 163 18 31 261 137 41 249 251 49 181 57 30 67 153 180 17 242 126 74 80 80 223 86 48 153 35 163 157 158 201 142 175 24 162 181 135 252 292 190 18 59 85 129 155 231 276 272 260 200 283 126 47 252 151 205 165 248 183 195 102 265 228 281 275 140 191 272 128 35 267 123 72 97 10 119 258 67 16 159 142 60 3 11 9 181 58 129 292 123 37 18 116 83 60 269 29 28 255 41 283 131 262 239 89 84 243 225 2 70 52 191 7 10 274 172 206 120 102 197 159 74 92 272 99 10 221 195 160 177 109 237 135 148 209 10 269 220 207 72 57 19 38 108 94 192 274 
27 270
138 291
280 280
55 148
30 221
179 235
37 275
6 167
224 272
102 189
132 216
63 245
49 209
234 286
93 128
105 136
2 286
38 97
63 162
9 273
185 274
64 150
31 51
71 244
96 164
55 207
102 170
109 240
10 290
1 296
101 174
11 193
17 197
1 299
24 246
38 150
41 298
114 266
34 265
8 283
5 299
37 189
5 145
102 217
128 157
60 108
19 283
35 251
29 208
84 126
127 290
111 125
5 245
2 298
239 258
64 246
33 82
117 155
55 279
70 237
21 297
11 274
101 126
142 274
18 251
91 243
34 131
27 83
34 254
209 239
32 77
100 226
22 287
75 297
41 181
173 242
210 263
81 210
3 196
83 228
65 121
146 259
160 279
98 167
49 209
112 134
49 292
147 245
50 100
89 92
167 184
149 216
8 236
173 237
21 100
196 208
181 202
138 190
2 278
218 251
105 266
28 106
1 299
77 292
118 273
35 243
109 126
166 209
241 297
61 127
167 275
82 139
51 244
183 271
176 212
11 282
121 221
246 262
115 240
135 266
36 291
99 274
14 295
210 221
122 198
166 278
5 280
35 196
64 258
139 154
38 271
61 246
168 268
230 275
205 227
220 222
8 133
21 230
9 298
27 101
225 225
26 225
14 158
127 262
75 163
20 213
60 116
3 294
68 294
28 274
90 275
85 244
42 246
147 150
13 291
24 183
25 283
167 283
11 297
26 290
57 297
23 139
264 294
86 168
35 159
39 276
109 197
44 282
20 152
80 121
64 219
9 277
120 222
7 168
229 259
7 277
134 170
173 298
187 272
77 295
1 292
5 250
144 222
129 278
48 97
16 276
6 140
244 244
41 299
30 225
12 276
15 275
106 155
5 277
53 123
138 238
4 290
79 251
132 274
257 273
168 198
81 225
56 261
38 139
19 205
25 271
109 296
16 120
93 163
35 265
38 238
33 245
226 297
98 216
72 179
12 133
70 186
6 223
3 294
123 293
184 266
84 241
41 274
113 245
22 159
38 97
43 51
13 247
105 214
10 216
1 279
249 286
22 40
84 100
66 72
65 278
104 272
20 37
8 121
105 264
31 219
165 168
14 240
70 263
152 272
67 276
19 41
18 66
24 120
160 292
2 280
13 276
277 296
13 72
25 282
10 296
42 269
14 150
106 243
15 148
57 266
21 275
38 273
208 268
78 204
90 261
91 257
15 259
2 238
22 128
7 297
34 200
47 119
70 135
63 260
43 290
29 263
146 223
114 279
143 176
106 278
21 234
82 165
190 280
65 184
133 238
26 183
39 281
2 261
34 229
49 84
17 297
19 43
11 285
9 12
6 68
81 243
33 227
66 147
6 249
