941 3
331 360
331 164
331 271
360 468
360 484
331 464
464 529
164 200
200 210
271 30
200 690
360 903
210 442
464 652
30 315
442 625
903 240
315 329
164 288
200 753
468 568
200 261
210 91
690 712
91 31
484 50
315 827
625 385
331 441
164 170
315 280
568 258
827 160
160 265
240 929
652 211
712 443
280 855
385 704
271 867
200 26
30 290
929 53
211 393
855 874
529 854
753 491
468 555
26 906
164 795
906 834
385 516
53 766
555 119
119 166
166 537
119 369
795 457
30 729
170 564
443 59
729 692
31 621
164 216
329 448
280 909
441 346
442 557
484 158
491 721
160 144
690 298
867 656
166 212
555 295
166 225
874 215
903 837
621 573
692 20
91 790
621 345
867 11
331 236
837 285
144 858
874 120
346 434
298 419
656 884
441 587
225 69
854 452
855 747
298 823
790 762
11 527
59 278
903 694
874 304
211 759
298 839
26 862
874 749
652 750
285 780
854 348
827 29
903 79
59 98
265 700
452 130
759 486
929 377
484 772
484 325
909 482
780 126
144 745
745 669
906 391
516 934
827 387
557 418
795 3
164 869
753 361
265 646
166 279
862 297
909 267
491 318
59 530
564 832
464 849
867 554
554 539
790 737
555 757
419 277
279 741
759 251
261 17
537 588
345 355
50 28
17 546
30 104
29 187
546 333
104 550
11 789
348 562
546 203
564 196
31 727
486 49
236 112
315 256
727 390
434 923
712 822
832 63
625 779
325 561
418 198
441 507
91 347
29 1
652 266
568 411
434 106
562 628
452 378
106 71
387 571
530 898
31 293
418 191
71 292
737 776
867 523
215 630
934 817
17 307
712 108
304 868
71 902
385 363
527 633
187 415
158 300
144 186
902 875
561 885
546 714
562 213
885 515
694 485
564 760
59 732
164 677
628 666
839 289
271 738
17 919
292 40
747 257
766 417
527 296
762 756
191 133
858 383
732 283
98 935
361 918
854 384
384 579
772 901
318 913
213 605
588 887
554 514
210 930
442 663
898 618
385 136
621 140
292 438
527 182
858 607
385 423
694 93
290 311
331 54
164 504
588 84
28 597
485 107
423 816
369 81
666 78
750 201
621 833
795 446
69 794
311 195
749 768
140 693
293 649
225 632
539 826
170 582
290 351
331 413
423 851
855 129
822 725
443 99
625 405
304 350
78 476
597 650
40 717
369 410
369 153
568 838
442 340
741 412
851 440
884 921
440 730
822 109
760 157
839 61
347 815
363 388
669 897
50 105
215 207
307 268
704 534
527 83
618 910
377 25
725 24
527 877
443 847
236 483
348 769
112 308
393 697
868 171
413 151
618 509
170 742
727 752
417 525
377 592
423 612
361 365
621 584
106 128
530 603
794 364
130 8
207 431
855 872
411 45
423 376
415 803
31 770
737 596
361 508
666 695
770 675
766 711
311 786
875 544
759 439
482 801
267 461
887 928
618 371
384 613
236 36
584 432
350 576
348 500
628 33
171 189
491 558
537 804
26 572
766 231
1 540
307 552
887 610
78 246
558 676
423 846
452 487
325 479
903 312
867 87
81 606
371 583
711 916
552 424
26 580
717 706
507 250
762 372
730 880
315 912
479 614
372 272
93 746
298 765
126 850
515 886
760 477
525 551
296 373
916 569
557 430
561 165
71 657
516 599
278 270
484 16
423 773
457 103
851 299
363 691
537 870
261 204
411 708
597 595
804 743
482 262
592 575
126 456
867 892
794 353
29 891
365 322
746 665
108 591
815 52
79 319
872 2
729 359
410 252
108 416
391 829
140 75
743 335
201 95
359 889
665 922
297 57
215 828
187 661
704 824
525 427
246 761
293 723
371 37
773 840
439 521
26 163
69 478
544 559
729 148
213 327
270 436
729 334
824 208
271 286
786 861
628 472
365 282
628 77
372 115
675 273
858 90
824 549
165 600
311 844
476 43
384 798
325 86
884 414
854 788
353 895
500 701
84 168
632 113
148 96
500 56
165 409
279 48
554 150
91 811
99 791
112 503
889 567
840 543
706 234
788 783
195 396
96 931
440 622
832 778
817 192
885 15
61 878
500 615
862 635
171 864
37 553
887 386
273 860
109 38
749 497
273 751
208 227
57 301
605 590
704 228
104 214
103 102
849 831
414 121
521 556
514 938
373 94
901 209
327 638
646 593
902 716
477 896
329 9
54 882
28 74
592 66
906 647
170 807
600 522
630 127
630 705
136 809
934 450
413 44
189 389
201 848
572 175
63 594
523 7
120 433
896 680
487 47
730 856
99 428
746 449
385 143
701 819
544 601
350 541
606 682
267 853
277 667
828 939
251 813
543 274
554 243
791 787
522 354
765 230
416 488
28 812
761 681
682 542
649 754
875 715
747 167
279 731
273 722
130 900
186 792
428 451
657 111
776 644
418 740
59 505
534 821
350 608
396 437
186 643
804 241
457 528
916 152
902 323
525 394
919 629
215 32
700 155
214 894
57 777
37 734
363 560
691 915
746 905
829 586
905 502
196 185
175 774
312 199
766 627
529 188
504 883
93 275
54 178
875 222
891 810
884 684
412 324
56 247
315 217
576 232
568 565
232 481
895 755
815 463
605 842
568 808
565 356
755 536
228 281
457 494
452 917
478 330
488 429
874 631
935 699
646 735
77 679
777 639
241 678
558 147
103 620
297 399
250 400
126 332
155 435
376 118
889 852
620 641
61 142
434 114
697 781
798 908
438 876
752 835
877 927
107 426
631 696
769 242
894 911
530 489
500 4
414 589
780 179
783 771
142 926
828 138
4 408
236 664
415 420
231 5
438 517
735 802
158 674
262 490
780 866
457 254
54 202
431 532
482 611
516 578
418 162
846 401
456 220
192 398
170 466
883 21
543 830
656 782
504 496
94 843
620 581
605 520
281 455
436 22
551 362
919 623
929 141
69 758
186 173
202 744
231 447
158 879
481 793
489 563
630 10
327 800
391 156
700 814
846 146
295 366
898 511
832 237
755 357
234 784
138 145
594 235
552 533
729 836
601 65
599 46
629 68
136 172
102 689
906 458
811 305
168 936
52 465
279 475
749 873
359 190
505 154
2 88
371 454
802 764
758 193
419 686
79 321
472 739
88 18
464 374
91 253
25 707
90 159
494 937
826 645
745 260
350 224
235 380
321 904
165 344
503 602
295 570
759 404
725 512
744 467
855 574
827 510
38 349
204 264
380 736
121 229
312 531
689 492
235 670
534 881
858 368
884 718
678 499
345 263
718 841
868 19
600 857
582 177
582 58
304 116
54 70
567 785
789 566
418 763
623 183
855 933
678 799
874 51
608 395
120 720
798 97
760 453
781 920
721 328
36 131
789 767
207 85
191 924
918 501
65 797
173 124
457 640
282 538
66 174
501 110
583 524
830 303
419 406
468 526
794 940
656 341
916 403
183 506
325 655
190 471
544 337
44 352
564 914
37 39
442 72
130 498
752 535
811 132
754 825
163 294
457 379
799 367
690 223
230 276
842 137
573 226
641 626
360 728
260 818
138 709
821 469
4 342
106 685
755 805
195 545
398 316
458 495
37 775
303 893
526 659
333 845
199 653
930 320
721 339
200 184
192 425
564 702
68 859
921 888
478 34
880 244
145 547
198 89
400 598
148 703
461 176
20 326
191 683
254 80
388 248
468 719
702 233
612 370
602 221
900 245
167 890
916 12
63 726
389 748
331 637
28 658
253 668
112 687
877 662
289 67
791 518
341 135
592 672
641 55
929 636
611 422
549 149
114 673
471 269
767 101
265 624
715 92
817 197
210 871
818 863
749 117
20 169
253 23
292 460
24 14
332 519
285 604
385 402
831 397
936 806
372 180
15 76
893 865
931 925
782 445
248 698
517 375
868 255
445 473
643 313
664 724
838 392
32 513
538 42
869 6
339 634
709 259
397 134
930 287
177 219
383 358
86 710
635 619
69 100
455 932
847 35
736 139
880 218
649 314
544 82
931 338
594 654
721 642
825 493
855 310
113 317
310 64
264 444
850 238
544 671
803 660
728 820
273 796
748 306
807 291
104 343
522 941
217 616
192 585
92 713
560 60
633 907
673 381
900 284
92 462
22 206
180 181
580 688
669 239
98 249
197 13
505 480
565 122
49 123
297 336
59 577
853 474
450 161
43 73
656 194
923 421
713 205
582 470
841 459
68 651
106 407
574 309
825 41
25 302
106 62
146 548
902 382
191 27
763 125
519 617
589 648
516 899
449 609
193 733
