1
5
4620 16170 5082 21450 4830 
3
95477 97343 96091
3
95477 97343 96091
3
95477 97343 96091
3
95477 97343 96091
3
95477 97343 96091
3
95477 97343 96091
3
95477 97343 96091
3
95477 97343 96091
3
95477 97343 96091
3
95477 97343 96091
3
95477 97343 96091
3
95477 97343 96091
3
95477 97343 96091
3
95477 97343 96091
3
95477 97343 96091
3
95477 97343 96091
3
95477 97343 96091
3
95477 97343 96091
3
95477 97343 96091
3
95477 97343 96091
3
95477 97343 96091
3
95477 97343 96091
3
95477 97343 96091
3
95477 97343 96091
3
95477 97343 96091
3
95477 97343 96091
3
95477 97343 96091
3
95477 97343 96091
3
95477 97343 96091
3
95477 97343 96091
3
95477 97343 96091
3
95477 97343 96091
3
95477 97343 96091
3
95477 97343 96091
3
95477 97343 96091
3
95477 97343 96091
3
95477 97343 96091
3
95477 97343 96091
3
95477 97343 96091
3
95477 97343 96091
3
95477 97343 96091
3
95477 97343 96091
3
95477 97343 96091
3
95477 97343 96091
3
95477 97343 96091
3
95477 97343 96091
3
95477 97343 96091
3
95477 97343 96091
3
95477 97343 96091
3
95477 97343 96091
3
95477 97343 96091
3
95477 97343 96091
3
95477 97343 96091
3
95477 97343 96091
3
95477 97343 96091
3
95477 97343 96091
3
95477 97343 96091
3
95477 97343 96091
3
95477 97343 96091
3
95477 97343 96091
3
95477 97343 96091
3
95477 97343 96091
3
95477 97343 96091
3
95477 97343 96091
3
95477 97343 96091
3
95477 97343 96091
3
95477 97343 96091
3
95477 97343 96091
3
95477 97343 96091
3
95477 97343 96091
3
95477 97343 96091
3
95477 97343 96091
3
95477 97343 96091
3
95477 97343 96091
3
95477 97343 96091
3
95477 97343 96091
3
95477 97343 96091
3
95477 97343 96091
3
95477 97343 96091
3
95477 97343 96091
3
95477 97343 96091
3
95477 97343 96091
3
95477 97343 96091
3
95477 97343 96091
3
95477 97343 96091
3
95477 97343 96091
3
95477 97343 96091
3
95477 97343 96091
3
95477 97343 96091
3
95477 97343 96091
3
95477 97343 96091
3
95477 97343 96091
3
95477 97343 96091
3
95477 97343 96091
3
95477 97343 96091
3
95477 97343 96091
3
95477 97343 96091
3
95477 97343 96091
3
95477 97343 96091
3
95477 97343 96091