199 200
5 6 5 7 2 5 3 5 8 4 7 7 4 4 2 0 1 4 8 5 7 1 8 3 2 4 8 5 4 7 4 1 4 5 2 2 8 1 6 3 5 2 7 6 6 3 7 0 6 8 2 2 5 3 5 0 1 4 5 5 3 2 6 5 6 3 3 8 2 0 6 4 3 6 4 1 8 8 5 3 4 6 0 0 1 8 8 7 8 6 7 2 4 2 6 8 1 6 7 7 3 5 7 8 4 1 1 4 8 6 2 7 1 6 2 1 6 7 4 4 6 4 7 3 4 0 6 1 7 1 3 8 8 8 2 7 6 4 0 0 7 5 5 5 8 2 5 8 5 3 6 4 5 3 6 5 3 3 1 6 3 8 3 7 2 2 1 4 6 8 8 5 0 5 5 2 7 5 5 3 2 2 0 8 3 6 2 7 2 8 4 3 8 3 0 4 8 3 2 
70 114
158 181
138 145
58 125
19 131
70 101
28 136
18 102
98 150
3 128
21 79
129 196
140 146
58 178
36 100
128 146
123 195
28 81
38 131
2 75
34 50
22 170
25 97
79 85
19 48
11 150
67 170
11 99
50 75
87 128
83 113
105 133
22 34
72 80
111 194
51 194
159 159
14 114
4 105
28 139
32 191
72 102
20 31
59 114
22 124
142 164
3 193
98 105
116 163
100 132
32 179
8 151
97 196
35 142
45 128
22 54
82 160
13 52
4 35
110 119
15 170
160 165
72 188
61 197
14 173
62 145
73 80
104 138
6 78
57 122
87 188
25 27
66 138
10 149
113 118
133 192
111 141
33 162
105 118
93 153
104 195
128 156
63 94
41 65
27 141
25 163
134 161
169 170
114 174
63 191
27 73
98 168
2 75
135 196
54 103
147 164
18 193
13 66
99 102
67 168
113 172
1 112
159 176
139 146
28 167
136 161
18 58
35 95
60 85
175 190
80 148
88 184
88 152
191 198
40 193
113 187
38 197
70 173
17 68
3 23
10 187
62 158
26 105
90 132
62 125
134 180
129 141
29 164
96 189
127 184
128 166
189 191
18 182
21 93
28 111
118 129
42 146
63 81
17 173
37 58
46 110
26 49
14 36
13 124
66 152
29 105
55 97
37 95
19 180
14 93
141 178
137 191
133 140
68 173
22 143
19 164
5 16
24 42
84 196
78 138
86 111
50 157
13 78
75 76
138 169
47 54
55 79
49 195
41 131
93 167
33 95
10 92
14 163
25 198
67 189
10 123
17 30
9 78
62 81
23 197
117 197
1 29
3 70
93 182
110 156
6 74
61 78
60 88
74 181
41 122
42 51
88 102
128 128
187 197
60 95
10 197
79 189
98 165
17 113
19 41
