-104654205
467331551
130454508
0
-940608765
-175849854
755152073
323509743
333916218
-149877571
495830114
-270582708
-297047246
319921729
-637781569
0
-193234486
-21239480
-844161578
-873653519
0
0
0
0
826991105
494044575
-359942032
0
-746378041
109001018
-769724626
0
0
-794947461
1350804013
-1151862417
1160098018
0
664346193
804325945
0
868482683
0
0
0
0
325730422
-481377765
0
309816981
0
-947079917
217187772
34238796
367378550
831327928
454883831
0
-343158335
0
0
0
-573864735
-118998878
387309880
-258727305
-121863507
467672374
-198841486
0
1361323912
0
0
889727721
-619299793
260866286
0
934172813
-527298789
-28663252
80341151
-667294166
0
808091244
0
-371034738
0
-146942376
336473162
-1687626197
211013769
998243490
0
0
-593887408
0
277003257
-297715763
798439850
793678455
-493235298
0
0
-740821201
277909121
-895117553
648110607
0
111464785
0
0
726384155
0
0
-774152414
0
35708871
-346059692
1066313195
0
-740821201
626443482
53983738
-895264216
0
0
0
0
109156793
93953605
0
0
-374274546
-709494606
541145588
-113714039
0
293883724
-327116672
-354470139
657211244
0
0
-218840060
0
0
-636715393
0
-962167092
0
0
1234620684
477616257
0
-725103808
0
-1826387777
-116077980
-329162663
0
0
1532725176
0
-191283218
-209227777
205865068
-850748315
0
-616947693
0
471502103
0
-226480558
0
-338084679
0
0
0
-13227570
0
262067889
0
391911671
0
0
0
0
-703067191
-604020869
-961494996
99778252
0
-2941750
71973197
0
0
-63909935
1160098018
0
-123418882
-786719217
-753253724
709317672
620593346
-417904623
0
-1562970307
-167447059
-880097424
-696529595
0
511995498
-970312125
-905073084
-38708616
0
783511164
-238713502
0
-1486464853
904988475
0
0
340114711
0
-245625256
0
0
757625788
0
-42078429
-108854925
519313330
-142165104
863307486
-397967841
-567676029
934754137
0
0
487544732
947319336
-448071033
0
556824136
-1550207018
0
0
0
334943307
0
390960586
0
0
0
0
-656975241
0
0
-329550820
123762978
0
0
-183970687
0
0
-1252325638
534245975
-228715248
0
-25591272
732001102
0
-10008145
236558974
0
335186138
-744667195
-770475256
1413554011
806047265
0
-253145988
-3115310
485282822
293742760
-1010803655
531485398
0
-232713871
95047652
0
-475619714
-654696808
153366051
0
895073254
251272776
0
0
-296683384
0
1055908623
-720437752
300478709
0
995760266
0
0
0
0
-924740195
0
0
0
0
0
566247135
0
0
-502752766
-712342756
0
-89789938
0
-1146664748
822280157
445430308
0
-1221781524
103790423
249595783
-547894525
-613252536
-448027526
-386268099
0
-1032284579
0
-792970639
0
0
0
-725103808
1140516696
0
0
-11035964
-346059692
-454495652
0
0
182404753
-483343994
375135691
0
921699392
1728820019
0
-863365332
0
160691354
0
0
-851348587
0
-158812802
861133682
143659967
-396310060
467480637
463308176
611718268
-761171956
-311142089
0
0
937308526
-159966435
-270557434
-486698063
-737866159
820196969
402740347
7257105
-327042773
822157017
282421708
0
980148396
86365833
0
0
-592935310
-491440193
-699614929
446441774
-1060469011
806047265
0
359954932
0
0
0
486868919
244898670
290870005
0
706716747
0
0
38294979
0
962692465
436693903
-388920524
491987124
-862133667
0
582978065
-220889845
149485609
0
-989258312
0
408626937
-777487345
-101948199
385278537
0
-887152350
-435433661
162902643
314318795
-979056694
0
-1267795451
298353090
-1476020541
-549325388
-14349972
301991239
0
0
-468717806
817547052
0
578450326
0
0
-609835040
498574292
-149113559
-397967841
0
710213386
0
-846536239
-618137267
-574145134
518552053
0
961794200
-1020145217
0
0
931536378
-668374393
0
-266323314
174183343
-136105186
-347058973
-169225190
0
70921653
0
-1449037322
0
-769603226
307804766
0
760211930
-336877421
0
638207140
0
-151323722
0
0
0
0
-732092749
0
0
0
0
343347970
0
-1393562054
0
659121027
389175111
0
0
923670072
0
-934499735
-897487568
831369144
-752887198
0
0
0
0
0
296135966
-86785062
0
-980897571
1340468940
143887851
0
-536630850
0
757631135
390285312
-1425367772
828728195
590329275
649286957
0
-893713424
-113570218
-962704083
-307486361
-135456549
292772428
-591432806
282421708
317448755
25456654
1873108579
0
635555630
-326691150
0
-539982829
831369144
0
-288968080
-1732190807
0
806081107
-799459559
-474010806
335757770
0
0
-209814932
263193053
924408748
-410824334
0
0
159837851
0
-1499839002
714210063
0
455766438
-604270162
0
345784027
-847683479
-343223216
599281783
0
-1274261466
510453554
973273525
-914905489
315351203
-391516485
-748044992
0
-36478216
-950959056
-295982433
1317013345
0
0
0
843525922
497749052
-833981194
0
-291413511
-680664459
-307837069
566271123
0
0
-429551129
52124001
669990638
-396310060
566271123
0
914744211
191965116
239136711
4319263
-298224630
-307203985
0
0
-822680567
0
0
626023274
0
774798307
0
224895094
513941901
0
0
0
97634957
-389742239
760479479
0
-46690594
-947807586
301416414
-539113639
249835372
214586739
-404452591
-281461259
571423897
0
-474642074
-100102404
-123051061
0
878663844
433932971
111464785
0
208345001
0
300074486
-12986493
-1064432058
0
0
333991354
0
88095424
209010032
0
0
0
0
615039483
-212186360
915188666
160691354
-82936009
-538668575
-713608185
906048671
194363131
-807258382
172025961
-427840539
-239165069
-115711561
0
0
-746673203
0
465433871
0
0
-397779211
0
-676613963
-30749463
0
153756135
-1459717
982835061
-947921716
-582307024
-1214138703
-452430348
880948413
0
514429435
470833986
0
429539117
357324809
545789967
93397898
-816443118
-346092102
-844375401
0
0
884881398
1033580650
-106374732
0
178266982
-42551455
391741394
502817726
0
0
-864375739
-136836819
-981173865
534245975
0
-150527881
824705239
246242488
0
872030324
239915482
557203619
518806622
0
0
-673506020
0
0
-93565805
0
-77725163
-121160492
643924269
562804680
-628945217
-222525455
-10198785
714063269
0
-680577143
55593305
456079942
506519332
735002114
806047265
-578100081
-656901663
-912174314
0
0
-409374426
-278287683
323647940
-756994340
-962260385
-66154455
-705346665
0
147177271
0
-901830144
324451517
0
820196969
1026394482
42270242
0
636233552
0
-1118769715
-564889516
90665383
438613374
-114244129
0
0
-779089523
143667027
0
-89789938
171505333
-378557906
-1263528177
-468429968
93646964
-1770815049
348793223
0
0
-985569886
218594401
-361119826
0
390487475
0
-756287102
0
432548862
-27924419
-177482652
-482018520
979597316
809713336
-618137267
783866861
0
0
362946335
-296683384
0
224895094
0
0
0
-670536892
-694101381
457931277
0
906048671
0
807496768
320946515
-720442447
0
0
436647686
0
120071687
-523544442
0
-1071825269
244740331
-338145766
41915197
16091847
25661529
-2218978
0
-480690256
128138893
0
1102507332
435889682
0
-79082875
-734313928
-219598538
-116671626
212656665
521473775
0
-371409780
228608173
-794036201
0
0
212395433
-948385460
506929370
858481340
-982511110
0
0
578827530
578450326
0
0
0
-1116445426
0
356065956
0
-370351095
0
-880831303
996075242
-937446293
0
0
620173729
0
503342053
0
0
0
802233533
-364747938
720178845
0
0
0
228811217
-580323834
-632586883
-703657098
284319254
566485769
176263011
951600668
88160582
584193485
-249051025
668777041
1080934399
281912163
1870283944
-968050349
-21239480
-911896309
106700242
641391749
-907399701
627856742
-726677598
-162941634
0
0
0
392766104
879887386
0
0
0
376986906
1786677850
0
734539653
292829227
171995409
-410180900
0
0
0
0
992141593
-60713350
0
457507894
878663844
258555534
-794099293
-158171239
-255975466
1139309748
958519727
278884191
-82900806
-628189928
210357524
825504763
578333385
0
-430261819
844785825
118031817
674983692
971253316
-862905191
-336864413
-81952241
0
395731408
0
-94159515
0
0
-268359820
189044774
557553481
807466146
716361164
419702323
-840201080
973766185
0
-759171282
565902821
-721788588
0
-596274722
0
0
0
-2750258
-1693888549
-521070147
0
-151828832
0
-93720139
176981670
-676077744
0
0
0
186901296
-995375120
0
0
-233837266
-952647069
-1263528177
55372843
-973889449
-350213122
0
0
1288292551
0
-891515241
846437115
328906522
-426171483
0
-350720425
-918818602
-900343062
-615381294
0
13393143
408815187
-828338002
-751403756
-1685629049
202252668
0
-176639877
-549436106
244645068
-1218322777
441989852
-337898763
-538088639
0
-737863456
-394155578
0
513944392
386441588
13930443
0
0
470833986
0
0
643358166
-661443174
218101641
-722317097
-374470807
0
4738660
0
-478417761
184714203
1247067240
0
-463992560
0
-473725742
1427388414
-93589024
-1592057825
-601321637
82665890
0
0
-823199609
-433418966
-330742606
246559802
-1053303428
0
-153847047
934754137
0
-327042773
-283018468
-1058101378
922369140
-500081549
-891531685
-992204535
-1536015857
719815996
0
-564948565
553832757
0
0
0
-423329159
0
-671031522
0
-621502800
102981569
220782237
-783283879
453761397
-352163760
0
-388920524
0
-747034703
-296683384
714110394
0
-111287770
0
-661137291
-23404970
0
769486564
-18841983
0
586439870
-279519445
0
0
0
698649358
0
-732092749
-179225570
-255358124
380588642
-363456998
0
-383154888
0
-395351043
563696606
-270557434
266975331
-1718030651
-319874117
0
-338926059
0
121260556
0
0
220902403
345784027
1117460853
-646415718
915145898
-170532817
-777798706
817359506
-386927933
677676456
0
1674735285
29279692
0
-598358965
-368461548
0
-170235687
-735086279
-950857230
1146648045
1280578939
-25235017
289735472
1137528502
0
-425764413
-891515241
-338835765
-825528744
-953965480
91979748
-69967219
-722317097
0
504704084
-830914046
-932214438
0
0
0
-725479585
-380684516
0
1022518844
-23428085
-459354861
-757778231
625961846
0
677676456
67929260
0
687118051
0
0
357459610
0
991473942
-1396513157
0
501567490
602082486
-1434585308
279459476
80813770
131194858
984406754
620593346
-239362004
-1685629049
0
0
0
0
-921578385
0
0
0
-952879844
343464923
825504763
196242374
-449718356
0
1297918611
-42103747
0
0
621446422
379285586
647841372
382541604
783333563
0
892519098
-980161346
-545034493
-378011740
606359722
-501111558
-417941868
-632011122
0
0
716002837
-276601848
1809202976
665801883
0
-613833546
-365024250
993856610
0
0
-1135189176
923082952
0
-213347139
0
-798991768
224895094
356184932
-659201532
291070162
-345449623
0
-243023338
289531824
-34431258
97898379
-126880105
-765491536
0
-1458121597
-950857230
942931542
1154189506
805263902
-964347382
-1561212142
-298679883
-374274546
562804680
7917723
0
501091656
0
1700910841
0
0
0
335757770
0
436590623
-97969764
-1272438987
-564975906
1680347495
471502103
-1396513157
0
0
384715593
-135456549
0
0
-786213857
-113568321
842083875
936984436
-851077521
842279514
876395419
0
0
-646781060
0
-93565805
0
0
0
0
-364820931
985116776
0
874345243
0
278017900
-251928688
0
1026394482
-1051442488
649286957
-72465237
0
0
287931396
0
-561323608
453307401
0
333856646
803521567
-104509453
-199595760
-753393964
0
-653402262
-383148088
0
1087333854
880927973
0
0
0
163836886
-418133964
-999972579
-1838892768
0
938844803
0
701864818
0
512104645
-169225190
422911943
-1482948347
-346092102
0
314332332
807016101
165322628
-974528695
0
-377521476
-432730437
-425764413
0
993017923
-582036103
0
865972070
0
0
-964358313
436647686
566271123
0
0
-431404470
0
0
-151323722
0
-49318218
128056088
0
629351251
0
463308176
0
0
0
8549078
-899478813
1055396897
-504384557
-716225807
261290075
0
0
853786034
-459293898
-296989910
-530807675
-886540913
902117301
-218553239
783672950
-122429545
-161704090
0
-242927666
-1078635732
0
-299359462
0
-46135995
0
521306546
535053435
0
954925407
-591432806
-826920843
713369440
0
0
-379522853
0
-667791641
253413832
-1120391088
166035318
84655307
-849218419
0
656789851
-128516555
-851077521
-549844393
-663043378
0
0
0
860466035
521306546
-1308191346
-847534486
438613374
0
0
0
0
0
320385777
0
479575794
323647940
-47967943
252873533
-36541162
0
-433146575
0
-1136647885
0
242942239
-70829019
0
329470530
0
-503673798
0
991524211
277916396
0
-250889973
-569620153
0
0
0
282892096
1647339076
-1008183837
-607561149
-48591127
780867728
-356242743
0
-785347810
0
956112274
0
0
604131131
0
0
678529985
364622479
-166197171
743551264
418608636
0
-661443174
-1061139369
0
283082843
755813841
960423873
-427623350
341951558
-389518508
-293602483
647841372
-887655977
76931782
-345923857
0
1680347495
-382102808
0
0
0
0
-891077583
0
262280993
-693922750
686504440
-655360630
0
199042825
0
105594717
-343571666
-988482306
364622479
0
520202557
0
0
-751447909
23452540
-921398261
-87409138
0
1914148407
-506446730
539117769
814129096
342488294
71973197
-94833500
156388689
0
-612467356
538944503
178978119
-19579269
-621102896
687421437
1229002299
0
-507163697
608919315
-747069669
-265778570
0
-1665111970
-158171239
-277062586
6845127
-439234804
0
-414148038
0
97692700
0
-352219114
0
338328635
-355527975
-661137291
0
0
0
-119492272
956096288
858097320
0
0
942930297
1595065622
-194864823
0
-1299136817
878668777
0
-748044992
-558143937
0
0
-679715076
0
0
263091303
0
547475984
-102525070
-349256553
-936172969
-6577158
393354053
0
550177459
-778409858
670231804
0
-374008823
-170235687
1042953594
216500803
0
-537949211
-269020672
996658026
0
529406821
0
0
0
0
293197685
9702731
-653151695
-703206223
0
-159821475
-327493141
288316282
-48437463
792992484
-125309298
0
-474538116
-240821418
0
-517469385
0
0
-138450581
-967226550
0
-972598657
-194864823
0
-367201629
-678712702
-132733175
762068878
0
-439850658
1473818287
0
807466146
97228780
558523394
0
445504668
633586536
-1323587152
882675262
603690911
0
-402518446
0
-326279088
-744667195
-196886696
-854961789
0
573398185
542121509
0
0
-350136439
-34431258
0
-962449118
-601487363
-936972840
1231784786
0
67634767
1435149682
0
-608420826
0
-717982060
-713808376
0
-336763320
914364710
-440500282
-1159553303
0
0
472944068
0
605882813
0
-753393964
-870443388
752399246
-1425225901
634991482
0
1252153505
-449713055
755407507
0
0
0
735002114
154877122
0
-508384361
-538958399
600975549
825651046
693017508
-365649642
0
0
-716898401
0
0
548207274
0
470183291
-40407144
871253807
-747069669
645843878
-35331990
752399246
0
0
382541604
205558015
-443377079
1728820019
-504384557
0
0
0
690837213
-359848998
-119078465
0
599991756
0
410889655
-448167354
0
0
362098562
0
400243351
-746378041
0
-648605564
-909298205
-1125269826
120600659
803785241
0
0
-373378977
0
-966963181
655246515
0
-60541326
9415029
786799962
0
0
0
0
0
-120171833
0
21816197
658578614
-930545810
0
509305204
0
138528304
0
0
-468717806
-414148038
0
-379895209
-405787935
-484617766
317448755
-467096806
0
858481340
1351702365
421924528
-624662248
0
-833531968
-611478399
0
843602774
364147952
921913173
-933712347
-354937461
284395775
0
-113570218
-747884047
0
180740804
196051266
-872280507
435954993
0
1070042422
-454377653
709183384
-82275458
-286851910
0
-819283984
0
-409741533
0
-473725742
614786203
0
-589892888
0
0
0
0
-278535650
905699378
0
0
0
0
0
196510681
0
0
0
-767466509
287908819
379285586
-661137291
322653712
77388139
136770594
1431867541
-849218419
-802465024
-404145784
-253812708
1473818287
-491440193
10126973
-544831223
0
813617198
0
0
-161810492
0
595036309
602082486
-103808122
0
0
0
0
-687760294
-544831223
796519106
0
381500200
-854713092
0
0
509823572
1365590419
249005911
0
783238287
-855844973
1749728928
0
-387600384
-575073707
0
0
0
105464321
-334151063
-941138596
13393143
-110400981
0
-547492174
0
831447474
-198329499
0
681291063
-69139527
0
-797662030
0
0
582038258
0
947410625
864448046
921348815
142549846
0
196847327
-799459559
0
0
-456685199
-1307238714
0
594501195
710343488
0
-706896218
0
309277077
-863191872
0
-378519867
-773284416
-42656770
181423474
680729624
0
-1145898871
100033150
0
-1110928610
-1458666743
0
-939921970
0
1025463414
-703206223
-1192023963
0
7029217
0
-629726754
180486271
-831897024
-613833546
-336763320
0
0
-954678907
0
0
450480163
-551331948
0
0
0
-1657947673
0
0
651712581
982035035
836561012
0
-75757827
0
0
80171893
0
493615127
-460806802
888615248
0
0
696457531
0
0
0
-550879079
203906909
20544881
0
0
657100248
-987608232
577039442
502489518
0
-407480047
697132811
0
462131988
-49318218
0
441758494
438613374
982835061
-868435918
0
-209690709
0
0
-618264087
440079649
0
335860510
860466035
621616910
0
0
542547087
-756994340
0
-457218793
0
368964705
712466488
487788613
1071870176
-915134254
-1039873479
620593346
566247135
0
908792972
-483067467
332474140
0
-8981868
-276154696
881171849
0
0
0
-355527975
0
619754536
-102548348
224633661
0
339914684
641237893
1636246020
-76038073
-24826546
0
0
-708717572
0
74514901
0
-897361251
-767466509
-33369094
9397513
481579576
0
634254732
740071289
-764981320
-364256780
0
718252804
0
776357518
0
0
-842649648
0
566247135
-587322061
-232811328
-911896309
0
567162306
-446542204
-162721088
0
-533574038
0
281494001
1294134
0
323647940
-452430348
729940038
0
244782030
-1703449226
-753235965
908619732
843677855
0
0
-87508191
0
361435540
-719515966
0
0
-753253724
616736713
-706435128
818972143
216500803
268129225
869662063
260124463
0
730670843
0
-271321113
-663065495
-307289018
1209478898
1155456197
0
1093393327
-897487568
0
908636825
-426171483
745047879
0
0
435474608
17367862
567437718
-411702522
0
-279519445
0
-1194085289
100177431
981779820
-917053073
185506367
-168838340
-30749463
-513480171
1001545138
-994669906
460957806
0
0
566485769
0
276423781
971284312
-776363219
0
-1470744441
-404045755
0
774332081
126030509
0
492840205
0
0
-20088486
973253456
834268053
352429734
1081803265
0
-564380212
463350349
-336763320
-349256553
-861470770
210164457
837275540
0
719317691
-1367085850
0
0
0
123933644
-875312203
0
0
151109456
-141018161
-848038749
727904354
0
-904368103
-544200215
0
0
-48879131
-1218322777
0
-460364710
-2952469
91492733
0
-439293263
485898090
-117387983
0
845281744
-466780736
751171249
1055443381
-69895208
-277732324
-410824334
-463173753
-141603739
-97745428
0
-467423973
-924369147
-24459204
-405449993
-160604416
-980897571
-306286368
-122595475
-954136841
0
0
0
0
-612967542
-120039542
929798383
0
-87810907
0
0
0
0
-196886696
-854923782
29874368
875101389
557228276
0
0
0
1435149682
0
0
156327213
0
0
0
0
0
320385777
-807752151
939528757
0
477998659
-512701364
43212475
470796529
-732092749
-378017622
860777221
0
0
314242852
-52543613
984198271
-358274967
-1867878
0
-61972354
-261244394
-42103747
-1133346399
0
0
0
982035035
0
-895518371
-380133439
-841795326
399321700
-12615811
436297484
0
0
0
-809396281
0
-786611218
0
1097595070
0
-832917790
-815665439
0
0
0
0
29041558
0
1778486252
601969525
-465575777
-1053303428
-64503247
-120412425
0
-309326530
1542947861
0
1458111091
647841372
751171249
0
0
1123666309
209994351
885296616
0
-275521181
-277210033
0
741629429
-937052125
0
774332081
1375842381
717378308
0
0
0
516668664
-221632922
825387781
0
919589775
-520667879
0
9058554
-841498809
-1308191346
812074043
0
664861894
1198281206
0
611101849
-93565805
112213585
0
-338926059
192306977
0
0
773272406
-426910936
-564956504
230202570
0
-272815810
0
0
-798172991
-93819828
60240304
319472364
0
285352086
-653402262
302229220
0
581031776
858690191
-886540913
0
0
-646742296
0
-1197007645
0
-246825914
-761999739
0
0
-108944164
0
-735670063
-125450889
712947181
-649264107
675894475
0
-69447554
-300586622
-405538143
0
425356428
0
0
1070042422
600411834
-101926328
348793223
0
0
-250348838
935982673
117865569
787632759
-711626404
-367201629
-177882317
0
106868037
0
767793071
-686394685
130806119
-208362286
521306546
887638509
0
-831966464
0
85823497
42270242
-993622023
-903712352
801597571
0
1421831410
1027779247
1055908623
-296900628
354926373
-18841983
0
0
157279605
-391714066
0
293444416
0
180486271
0
-262901505
815098514
0
-302193633
-977339048
191143306
-1026894746
672480620
-9596674
349014138
-1017396943
-1485963311
-627126522
947607639
-578882439
315555151
0
0
793777354
507980602
0
0
0
-863608761
0
0
-1225653756
0
876139302
-1472685377
-304135378
389572552
0
0
0
0
618100247
0
354257342
822280157
0
631654387
-911896309
-921398261
-206778597
139885625
-718537447
0
-237616216
-799589882
-952778117
0
0
-689087499
0
-659154396
489388901
0
0
-1211152883
912805353
950842138
271449680
0
-200976996
-463405996
387915376
0
-537070182
-692085367
-1910623788
-1061084309
362336146
201102350
-928983238
934471895
0
0
