10
50
50 1 2 3 4 5 6 7 8 9 10 11 12 13 14 15 16 17 18 19 20 21 22 23 24 25 26 27 28 29 30 31 32 33 34 35 36 37 38 39 40 41 42 43 44 45 46 47 48 49
50
45 14 28 36 3 7 26 2 24 33 27 19 39 1 35 43 18 13 48 49 46 17 25 29 22 37 4 30 11 50 6 10 38 9 20 8 23 40 12 21 5 16 31 41 15 34 44 47 32 42
50
7 38 16 32 8 21 24 4 1 31 18 6 3 29 14 41 12 25 22 9 23 5 10 27 42 15 20 44 35 34 13 17 40 50 46 47 11 37 26 43 45 19 36 2 33 39 48 30 49 28
1000
1000 1 2 3 4 5 6 7 8 9 10 11 12 13 14 15 16 17 18 19 20 21 22 23 24 25 26 27 28 29 30 31 32 33 34 35 36 37 38 39 40 41 42 43 44 45 46 47 48 49 50 51 52 53 54 55 56 57 58 59 60 61 62 63 64 65 66 67 68 69 70 71 72 73 74 75 76 77 78 79 80 81 82 83 84 85 86 87 88 89 90 91 92 93 94 95 96 97 98 99 100 101 102 103 104 105 106 107 108 109 110 111 112 113 114 115 116 117 118 119 120 121 122 123 124 125 126 127 128 129 130 131 132 133 134 135 136 137 138 139 140 141 142 143 144 145 146 147 148 149 150 151 152 153 154 155 156 157 158 159 160 161 162 163 164 165 166 167 168 169 170 171 172 173 174 175 176 177 178 179 180 181 182 183 184 185 186 187 188 189 190 191 192 193 194 195 196 197 198 199 200 201 202 203 204 205 206 207 208 209 210 211 212 213 214 215 216 217 218 219 220 221 222 223 224 225 226 227 228 229 230 231 232 233 234 235 236 237 238 239 240 241 242 243 244 245 246 247 248 249 250 251 252 253 254 255 256 257 258 259 260 261 262 263 264 265 266 267 268 269 270 271 272 273 274 275 276 277 278 279 280 281 282 283 284 285 286 287 288 289 290 291 292 293 294 295 296 297 298 299 300 301 302 303 304 305 306 307 308 309 310 311 312 313 314 315 316 317 318 319 320 321 322 323 324 325 326 327 328 329 330 331 332 333 334 335 336 337 338 339 340 341 342 343 344 345 346 347 348 349 350 351 352 353 354 355 356 357 358 359 360 361 362 363 364 365 366 367 368 369 370 371 372 373 374 375 376 377 378 379 380 381 382 383 384 385 386 387 388 389 390 391 392 393 394 395 396 397 398 399 400 401 402 403 404 405 406 407 408 409 410 411 412 413 414 415 416 417 418 419 420 421 422 423 424 425 426 427 428 429 430 431 432 433 434 435 436 437 438 439 440 441 442 443 444 445 446 447 448 449 450 451 452 453 454 455 456 457 458 459 460 461 462 463 464 465 466 467 468 469 470 471 472 473 474 475 476 477 478 479 480 481 482 483 484 485 486 487 488 489 490 491 492 493 494 495 496 497 498 499 500 501 502 503 504 505 506 507 508 509 510 511 512 513 514 515 516 517 518 519 520 521 522 523 524 525 526 527 528 529 530 531 532 533 534 535 536 537 538 539 540 541 542 543 544 545 546 547 548 549 550 551 552 553 554 555 556 557 558 559 560 561 562 563 564 565 566 567 568 569 570 571 572 573 574 575 576 577 578 579 580 581 582 583 584 585 586 587 588 589 590 591 592 593 594 595 596 597 598 599 600 601 602 603 604 605 606 607 608 609 610 611 612 613 614 615 616 617 618 619 620 621 622 623 624 625 626 627 628 629 630 631 632 633 634 635 636 637 638 639 640 641 642 643 644 645 646 647 648 649 650 651 652 653 654 655 656 657 658 659 660 661 662 663 664 665 666 667 668 669 670 671 672 673 674 675 676 677 678 679 680 681 682 683 684 685 686 687 688 689 690 691 692 693 694 695 696 697 698 699 700 701 702 703 704 705 706 707 708 709 710 711 712 713 714 715 716 717 718 719 720 721 722 723 724 725 726 727 728 729 730 731 732 733 734 735 736 737 738 739 740 741 742 743 744 745 746 747 748 749 750 751 752 753 754 755 756 757 758 759 760 761 762 763 764 765 766 767 768 769 770 771 772 773 774 775 776 777 778 779 780 781 782 783 784 785 786 787 788 789 790 791 792 793 794 795 796 797 798 799 800 801 802 803 804 805 806 807 808 809 810 811 812 813 814 815 816 817 818 819 820 821 822 823 824 825 826 827 828 829 830 831 832 833 834 835 836 837 838 839 840 841 842 843 844 845 846 847 848 849 850 851 852 853 854 855 856 857 858 859 860 861 862 863 864 865 866 867 868 869 870 871 872 873 874 875 876 877 878 879 880 881 882 883 884 885 886 887 888 889 890 891 892 893 894 895 896 897 898 899 900 901 902 903 904 905 906 907 908 909 910 911 912 913 914 915 916 917 918 919 920 921 922 923 924 925 926 927 928 929 930 931 932 933 934 935 936 937 938 939 940 941 942 943 944 945 946 947 948 949 950 951 952 953 954 955 956 957 958 959 960 961 962 963 964 965 966 967 968 969 970 971 972 973 974 975 976 977 978 979 980 981 982 983 984 985 986 987 988 989 990 991 992 993 994 995 996 997 998 999
1000
522 834 724 53 955 423 201 590 972 651 323 976 433 94 404 895 161 741 362 210 308 17 563 72 22 580 298 599 120 778 141 898 443 662 569 107 922 629 992 594 918 253 228 371 636 173 387 55 527 535 984 349 956 465 414 849 802 14 3 653 271 691 968 710 200 782 764 890 4 519 869 132 556 727 34 377 600 870 431 540 575 848 733 969 483 708 491 993 311 474 548 525 674 503 225 965 151 787 772 60 721 226 195 855 35 734 114 182 504 233 279 428 509 689 520 24 287 178 745 477 78 98 245 661 917 644 482 818 25 837 315 722 826 407 62 830 321 373 997 614 946 45 444 530 446 507 760 395 363 119 340 32 987 158 961 585 625 762 757 462 183 776 876 641 150 369 655 219 109 970 666 149 75 260 562 185 162 445 102 982 789 254 620 539 372 292 939 9 835 701 627 232 50 309 46 385 517 288 442 359 203 403 499 889 166 438 657 792 767 950 953 331 633 101 191 392 258 39 683 19 500 878 516 464 344 623 367 57 290 400 138 487 339 605 705 23 557 209 638 54 841 425 424 709 129 847 468 412 142 825 546 156 518 190 780 241 358 697 603 861 68 486 216 419 238 806 957 523 759 912 671 994 811 645 51 601 33 181 269 680 134 318 481 496 553 236 730 679 703 865 784 694 310 43 93 882 267 335 929 31 753 213 765 347 110 649 427 718 631 426 544 90 413 659 995 908 763 13 56 635 338 473 595 89 380 416 352 737 962 212 451 543 274 193 137 958 738 817 301 452 664 354 130 261 342 963 2 573 974 750 715 278 859 863 833 463 65 866 434 168 794 867 798 223 983 940 69 571 755 401 281 59 242 48 368 774 777 40 439 252 104 844 647 328 411 773 214 153 299 704 378 307 845 707 300 682 402 576 106 224 938 283 105 788 379 289 936 667 739 256 559 874 952 508 560 26 611 375 295 113 313 808 989 365 672 809 747 199 498 490 21 916 396 791 453 805 143 303 350 949 551 266 907 685 117 5 83 860 393 660 732 902 357 493 615 729 175 681 346 10 821 842 103 886 751 264 285 558 265 73 160 74 920 450 797 604 723 712 197 361 479 948 297 880 262 370 752 99 488 554 136 980 215 88 196 850 112 597 542 570 609 581 883 586 244 511 966 621 8 206 92 592 139 771 131 829 100 927 505 991 642 348 761 589 257 813 397 217 436 872 735 877 513 702 128 935 176 932 229 892 164 891 931 305 459 930 996 897 1000 333 979 230 20 417 951 399 388 602 116 981 174 394 862 18 607 822 30 36 779 221 999 954 801 901 67 296 277 510 494 480 663 719 447 456 455 695 864 171 646 526 12 326 673 748 306 66 713 250 937 926 906 807 934 538 449 839 574 617 144 324 327 70 885 944 696 567 512 838 545 856 911 179 58 521 894 749 828 770 921 893 472 246 391 108 781 896 884 814 159 235 167 492 978 389 988 853 410 177 800 846 502 47 152 282 528 648 650 204 756 619 49 429 610 84 405 552 583 123 272 115 858 122 80 247 421 467 578 550 187 506 7 77 157 240 914 249 291 76 140 95 268 579 915 582 928 364 127 356 415 135 111 220 325 96 64 15 998 923 618 133 437 871 819 263 155 172 693 330 147 785 189 29 879 376 336 676 276 692 769 959 86 698 202 815 942 537 549 337 61 668 888 314 593 154 469 790 612 699 717 832 27 329 960 678 823 430 684 854 11 971 754 243 294 497 565 919 875 28 786 775 218 207 626 555 933 613 42 743 824 52 852 640 259 686 460 366 656 408 441 478 985 317 840 37 687 125 148 466 634 975 795 665 577 231 418 471 435 977 475 194 165 531 304 632 658 1 973 688 322 169 608 964 793 484 700 670 533 711 319 82 180 97 720 622 628 716 87 146 606 85 740 275 572 44 360 476 766 409 744 79 251 284 736 566 170 831 239 803 836 255 192 758 184 198 728 293 121 986 457 422 222 384 881 501 355 706 353 652 804 529 91 280 816 677 799 690 584 345 990 273 461 334 903 624 208 536 868 489 568 924 843 398 768 126 351 643 541 616 145 596 561 320 302 943 205 163 524 341 591 485 820 286 725 827 38 514 587 913 432 211 382 637 454 857 440 470 448 381 16 904 588 675 669 420 332 63 124 851 873 947 118 726 925 248 312 237 598 41 71 386 188 746 796 383 714 234 899 81 909 905 742 495 227 900 532 534 374 186 515 458 910 564 390 6 639 887 967 343 406 731 270 783 654 945 941 630 316 547 812 810
1000
53 61 397 141 926 237 82 585 459 47 257 43 596 421 576 129 976 329 393 541 879 400 394 739 35 608 555 259 57 467 559 684 953 443 59 111 918 299 885 862 380 227 275 96 790 131 916 658 308 117 451 653 169 597 808 363 558 772 774 644 283 625 561 512 30 431 714 752 801 604 315 805 344 381 557 15 609 116 898 8 655 777 277 460 162 855 951 628 309 138 549 627 64 704 41 706 583 125 686 191 861 519 884 357 733 543 455 388 482 7 520 748 750 370 672 776 867 150 932 63 906 826 274 298 663 364 935 535 183 664 161 525 212 967 573 581 865 6 143 321 37 886 51 236 502 470 163 13 710 896 781 928 115 407 900 228 211 447 689 941 56 404 562 233 795 192 256 493 988 688 31 171 794 458 456 412 481 972 789 965 351 68 326 703 756 349 198 209 45 659 153 14 661 685 516 165 336 179 156 621 343 195 955 72 922 325 509 695 640 747 65 758 55 539 28 587 108 496 386 800 860 919 238 649 577 578 160 134 718 473 778 40 536 293 671 595 987 728 574 567 669 368 405 735 725 961 302 690 214 908 266 292 598 213 989 255 312 806 90 863 106 913 956 260 152 297 584 575 177 425 701 996 168 962 109 435 373 295 603 796 660 920 551 167 307 366 957 234 395 73 818 464 474 593 797 197 52 895 107 133 495 995 850 32 159 387 241 70 641 948 631 446 518 911 29 997 494 973 243 17 732 783 384 828 524 271 813 350 827 121 782 80 869 258 267 270 568 42 429 594 305 768 417 391 513 668 985 592 58 980 118 491 50 693 829 807 445 699 469 802 215 92 225 924 892 775 546 788 354 665 62 187 204 378 731 651 1 745 505 934 992 60 383 252 392 219 69 39 514 253 466 504 875 702 332 9 646 242 958 318 488 98 265 410 709 974 853 182 372 650 798 316 416 616 411 878 46 479 484 571 224 851 964 786 971 707 285 345 605 128 155 201 254 399 517 408 553 937 261 889 229 262 722 287 503 812 444 422 579 453 44 872 547 882 675 763 136 288 634 839 823 280 617 103 912 100 610 418 352 681 624 532 743 463 301 590 454 873 232 511 981 24 142 864 975 144 977 367 396 793 894 164 636 588 348 239 180 487 94 289 135 497 711 899 442 849 303 16 476 870 883 385 249 99 310 281 314 311 947 734 186 217 426 10 176 79 501 705 93 240 522 335 537 570 993 508 461 413 120 148 607 680 245 359 620 804 779 837 945 71 127 563 544 77 599 866 638 75 360 140 674 950 933 954 279 986 173 189 846 175 486 757 874 554 582 362 327 819 527 717 619 33 888 666 930 534 845 83 419 122 994 449 978 966 880 415 560 499 677 762 324 21 657 436 223 278 296 785 952 230 170 632 654 434 687 803 626 545 151 347 552 770 905 430 369 613 174 939 887 328 923 441 959 682 268 600 331 188 276 766 342 719 356 991 468 104 338 755 936 528 727 76 835 881 346 751 184 810 114 485 572 564 2 66 811 589 927 784 830 606 929 358 847 612 566 670 36 130 38 521 791 679 708 172 199 483 1000 389 938 475 876 81 250 20 998 698 533 291 736 531 692 569 330 765 629 550 284 194 300 510 398 320 97 910 433 390 753 914 12 317 218 222 414 716 401 760 263 723 838 477 202 730 5 220 623 264 3 158 942 868 871 754 322 893 498 248 618 832 700 269 428 515 304 34 506 678 166 196 746 635 18 480 145 67 341 154 647 809 643 126 834 371 949 761 437 720 74 178 825 478 990 26 540 729 123 713 969 471 84 816 931 290 740 921 764 820 294 507 210 691 340 208 465 112 333 105 697 88 944 982 857 251 968 854 190 450 95 611 742 272 149 909 427 91 402 538 89 377 917 744 49 490 904 424 529 462 48 85 22 548 586 721 226 319 848 891 749 440 379 355 683 983 767 203 54 738 946 334 726 915 741 457 673 591 615 282 361 858 492 737 376 246 840 769 119 580 943 216 652 423 859 207 4 353 448 903 979 696 712 821 831 824 147 542 403 799 822 642 633 667 193 185 902 157 113 630 231 773 565 337 999 901 676 472 614 382 221 530 339 523 963 960 622 897 146 814 306 439 205 787 489 78 833 11 780 925 124 792 662 27 771 101 235 139 273 556 132 852 25 817 984 836 374 844 856 637 181 365 907 420 940 715 639 102 452 244 694 86 890 841 23 409 877 759 601 87 815 313 19 432 137 110 656 286 375 526 648 200 438 247 602 323 843 406 206 500 842 645 970 724
59
42 55 6 56 40 13 28 4 39 44 45 21 59 41 53 10 7 32 36 51 9 20 15 24 38 16 25 8 46 2 52 23 50 34 14 17 57 47 5 11 54 58 49 3 30 26 12 35 27 1 19 43 31 37 33 18 29 48 22
995
343 905 541 274 349 789 436 279 574 16 656 330 180 510 103 262 790 839 821 181 972 195 731 34 453 529 719 842 764 421 488 428 408 525 360 642 113 715 612 564 735 295 413 148 976 429 355 254 167 550 62 207 183 737 673 828 303 738 681 321 721 508 221 130 53 829 950 771 584 20 276 81 882 26 128 528 607 256 325 651 814 9 970 443 188 657 385 289 152 819 892 50 29 506 921 672 13 85 189 527 151 816 802 4 502 341 146 302 288 925 172 938 946 313 305 126 74 701 211 575 369 545 284 59 406 940 655 583 252 37 144 494 641 171 191 981 33 79 309 678 884 271 608 741 868 250 958 625 174 231 187 364 206 88 270 745 793 55 618 381 411 591 153 904 743 362 558 855 120 351 8 467 199 730 551 523 476 864 114 992 219 251 542 847 609 324 19 203 477 776 728 129 452 500 222 434 621 668 317 39 709 109 470 556 894 957 810 350 334 698 293 723 223 173 974 808 878 105 163 837 862 359 269 82 552 278 693 23 110 490 982 560 374 822 417 10 963 175 924 353 794 208 865 747 795 220 18 202 49 281 336 24 484 75 777 337 339 720 754 533 301 700 147 896 783 437 335 859 770 692 210 51 787 498 363 393 69 934 637 466 468 12 987 785 746 481 889 624 314 520 886 774 979 846 852 659 387 939 557 995 536 756 166 845 553 177 67 806 857 915 543 920 870 900 627 647 977 326 611 38 333 64 391 78 322 532 158 962 906 316 445 1 455 92 390 965 184 571 695 767 357 840 3 134 456 438 602 512 416 441 937 778 133 766 168 439 460 507 521 338 361 643 286 628 688 266 224 398 654 401 87 235 518 613 388 43 902 908 451 403 431 968 630 22 241 988 833 21 912 923 805 916 650 111 392 197 380 233 308 383 492 585 243 205 562 112 287 872 863 615 599 752 634 57 772 420 638 757 705 953 170 755 978 485 835 399 860 910 682 834 887 483 283 447 379 389 649 501 44 479 509 371 530 600 108 358 960 410 861 209 513 632 296 11 971 473 713 323 427 836 873 99 76 691 464 645 327 347 782 227 496 750 471 801 91 216 300 589 214 576 47 722 949 577 463 140 125 565 936 769 169 689 866 959 986 66 98 927 179 340 73 342 784 35 320 407 487 264 843 448 145 827 454 378 482 190 446 226 297 707 95 913 137 898 115 461 272 96 631 555 858 712 993 245 84 586 871 280 442 897 943 329 304 238 729 285 356 160 232 726 980 68 622 718 724 7 786 298 497 86 265 969 909 994 699 495 312 919 65 275 242 213 874 948 690 196 941 554 964 685 914 890 249 781 803 952 366 373 595 597 590 458 292 469 903 850 424 598 277 708 617 569 875 930 218 419 516 593 32 56 851 365 539 824 433 559 825 687 139 849 228 352 856 797 457 588 633 664 290 397 45 911 570 282 983 800 883 579 899 885 696 603 63 299 592 386 626 367 549 225 740 614 194 798 594 491 489 792 895 93 717 844 935 515 311 841 748 61 804 775 807 41 261 867 143 881 268 813 178 537 967 121 503 951 947 853 102 40 985 450 240 135 474 15 817 14 204 246 582 117 415 561 961 346 928 991 384 601 780 942 239 667 119 975 616 744 394 376 531 703 435 328 534 36 669 546 104 736 674 310 796 511 504 215 444 517 697 505 344 472 578 733 123 465 535 749 653 675 77 72 354 670 255 818 165 83 138 422 159 101 544 48 141 200 122 30 811 414 382 237 186 193 332 812 917 629 294 581 28 893 348 25 763 596 5 97 540 423 31 217 90 660 619 156 945 765 127 989 955 499 368 716 854 623 652 683 257 956 396 106 662 566 46 666 838 620 832 136 665 891 984 17 568 732 318 331 990 176 684 966 519 922 94 70 212 6 739 823 671 430 107 60 118 370 727 677 247 702 869 639 658 888 58 71 676 375 742 933 753 426 944 154 253 680 405 710 901 315 877 524 826 267 273 480 663 907 462 234 706 372 704 932 714 182 711 236 929 409 201 926 768 526 402 809 132 493 192 404 605 758 751 648 307 644 931 161 646 42 377 52 799 606 131 760 815 954 773 538 164 100 587 694 679 230 762 734 547 580 788 686 610 567 848 229 395 150 116 478 418 258 124 291 142 248 400 260 761 636 244 779 475 522 449 661 459 432 155 259 162 563 759 486 973 2 820 791 198 306 548 604 89 635 640 876 831 157 573 572 263 725 440 880 412 185 54 149 514 918 80 345 27 319 830 879 425
505
163 353 473 52 298 459 51 109 169 185 237 215 338 469 458 68 448 447 324 46 418 284 271 295 446 4 152 192 384 390 42 230 104 54 74 79 504 401 325 302 86 155 313 389 428 90 254 479 416 268 214 285 203 41 36 441 30 236 15 392 162 299 132 373 239 138 238 99 110 352 84 186 222 380 197 80 147 330 198 276 182 266 78 141 114 309 145 420 439 228 210 247 255 349 23 400 456 346 143 270 3 457 146 340 221 477 435 77 65 305 240 112 103 45 316 297 115 379 294 92 403 218 128 434 142 498 452 443 465 314 311 262 343 32 63 398 26 184 170 35 289 444 495 274 82 355 382 472 212 409 474 315 410 175 319 478 363 179 481 157 107 440 273 174 413 241 493 427 148 333 260 16 411 342 406 436 200 149 350 244 64 124 166 252 126 177 106 10 490 62 195 345 220 323 231 429 308 269 361 18 119 98 234 438 272 263 357 213 75 396 189 122 304 60 245 426 232 235 461 437 405 116 224 347 39 300 312 425 423 69 131 159 335 467 258 365 37 287 19 58 223 219 111 279 415 267 172 455 476 168 139 466 249 88 449 94 5 40 320 118 50 181 482 165 307 408 256 331 153 484 11 499 117 34 417 251 376 393 399 216 344 445 501 454 191 397 154 261 301 67 303 451 464 360 246 487 171 383 207 318 317 286 72 194 407 450 500 183 6 395 430 156 337 53 471 76 137 167 150 250 22 125 296 209 95 496 229 422 242 44 158 188 433 130 358 388 43 486 57 196 502 386 27 151 412 431 201 208 362 404 199 48 367 491 374 492 97 233 291 485 280 421 341 164 293 21 378 292 121 47 264 113 73 505 282 377 248 56 187 206 281 129 368 328 332 225 55 265 105 475 503 133 226 494 470 2 257 275 20 176 402 144 59 38 93 178 127 432 160 321 283 71 24 202 66 81 134 375 488 89 28 327 385 253 87 322 204 290 277 193 348 483 414 468 460 424 463 462 278 14 83 205 135 372 1 369 310 12 351 9 394 371 13 102 243 366 354 173 161 326 453 31 356 359 70 29 336 370 381 489 100 419 288 190 91 497 364 391 7 96 123 136 108 120 387 259 217 339 101 49 140 61 85 480 17 25 180 227 33 211 329 442 8 306 334
586
124 206 403 97 356 293 300 491 333 232 255 522 548 411 462 229 397 69 107 413 323 197 186 103 480 452 329 499 472 153 448 560 540 364 496 439 396 551 306 539 382 484 353 271 362 222 164 510 63 101 142 48 428 489 106 251 563 390 464 369 205 459 498 204 366 579 225 332 348 85 453 113 193 145 302 334 160 123 304 405 70 25 426 64 162 159 321 59 110 187 357 56 38 372 312 16 460 487 520 83 254 336 303 425 341 350 577 288 318 509 529 92 493 178 176 26 79 495 363 585 23 359 517 61 437 71 365 384 247 243 523 36 115 474 67 573 3 76 58 534 508 393 262 418 127 383 275 344 395 287 183 286 41 260 105 261 31 450 378 479 568 180 468 310 179 218 580 342 148 264 195 481 129 175 87 324 289 55 429 244 434 404 477 86 78 570 507 295 266 307 552 174 91 228 566 10 22 392 169 475 451 513 62 231 33 355 40 144 94 521 150 351 282 564 114 408 546 149 2 250 151 210 170 263 111 93 221 116 211 217 73 201 326 435 581 492 455 531 60 120 345 488 485 4 549 457 140 95 276 443 196 280 141 473 442 241 421 339 328 227 272 547 161 298 126 184 68 360 96 465 53 537 471 133 168 446 238 19 292 562 207 377 256 43 274 506 134 49 139 343 340 407 194 320 190 223 51 233 285 220 122 30 189 379 567 258 308 138 454 6 283 541 335 555 77 419 27 216 12 441 316 44 80 571 84 202 35 542 279 431 7 130 519 524 327 330 319 32 478 281 456 192 415 469 550 237 514 284 569 265 219 467 387 402 317 501 503 389 309 278 112 338 463 432 483 578 154 361 449 5 13 543 296 212 46 268 575 167 380 526 391 267 559 486 518 410 24 66 502 273 234 400 314 294 269 545 582 177 157 586 311 315 544 461 245 188 98 99 100 28 17 420 252 156 155 259 574 381 119 45 371 470 50 386 401 198 358 109 137 436 163 376 430 72 301 166 39 136 117 528 199 125 416 422 427 370 82 54 88 349 74 558 8 494 536 440 556 173 37 385 42 128 557 538 424 214 208 146 347 147 102 561 171 576 118 75 257 535 185 203 399 226 533 47 444 375 527 181 158 373 482 515 512 246 530 299 565 504 331 143 34 81 352 11 388 230 313 305 516 200 108 445 165 191 490 511 213 532 368 325 57 572 322 337 423 406 346 172 18 132 1 182 236 417 270 9 29 209 240 135 104 215 20 89 466 239 553 52 394 277 253 354 412 374 584 291 525 131 438 152 398 458 367 242 583 248 497 447 14 249 476 15 297 500 224 414 433 505 121 409 235 90 290 21 554 65
