953 3
566 714
566 668
714 62
668 754
668 91
62 377
62 216
91 860
714 681
860 211
91 828
216 938
860 665
828 810
828 255
91 627
754 319
810 59
255 278
754 572
754 327
255 799
327 660
810 879
319 719
754 197
216 949
681 45
377 517
799 254
278 408
828 357
719 606
377 777
408 837
606 395
45 441
714 480
480 7
719 745
949 213
938 12
197 483
395 568
480 250
660 37
517 827
319 498
377 846
498 163
681 788
799 520
197 687
938 921
668 259
799 21
687 89
357 239
921 209
278 489
255 589
408 474
938 46
250 875
62 801
517 158
799 282
163 664
745 781
606 405
282 58
327 683
209 9
660 870
517 782
498 496
754 626
870 427
606 932
837 730
278 602
879 522
602 804
837 460
7 8
517 362
589 769
932 556
568 97
626 325
517 231
158 385
231 611
730 812
804 855
611 937
566 500
163 514
514 98
45 189
282 541
827 776
745 172
9 527
216 443
255 105
949 11
719 910
97 451
626 414
681 771
427 233
611 182
828 758
105 847
182 936
97 485
213 169
45 4
517 663
480 907
602 288
936 588
683 630
683 65
254 341
730 862
936 112
112 389
11 583
259 563
395 438
606 786
860 171
45 707
12 409
812 466
630 366
489 440
209 662
485 332
362 531
949 54
105 727
91 586
112 396
936 473
566 655
440 911
663 503
719 697
209 375
589 180
396 95
777 783
327 711
846 302
911 230
474 579
828 738
409 494
786 501
385 557
879 247
4 791
786 765
765 688
45 379
503 682
879 784
745 326
466 331
98 613
846 785
474 575
568 222
738 192
222 324
259 403
788 274
804 651
870 130
745 90
613 32
473 509
707 945
466 120
98 24
213 267
501 103
375 866
727 544
588 301
45 506
531 55
711 468
758 108
480 371
255 636
319 358
651 194
120 453
324 264
112 504
847 883
358 859
745 345
37 348
846 930
522 350
714 716
357 232
46 437
58 574
91 703
847 944
350 896
348 47
24 20
55 720
896 623
180 199
944 439
480 168
668 679
769 36
324 110
949 608
254 353
441 880
583 210
91 624
738 370
62 42
606 85
660 5
395 717
636 546
36 75
11 258
663 858
239 22
520 696
589 48
389 84
883 857
727 573
171 401
630 69
568 312
21 733
501 106
22 201
626 113
231 829
213 654
668 495
453 686
385 188
325 435
301 484
267 176
880 740
786 912
654 6
494 744
210 384
784 807
110 526
189 816
348 10
98 170
348 121
377 652
494 565
566 50
250 150
401 31
945 906
42 939
103 284
494 397
911 406
180 540
150 52
405 772
696 373
782 275
75 885
566 892
65 365
765 154
385 146
332 767
232 693
804 212
9 878
652 684
827 240
663 218
862 618
945 877
4 35
654 673
744 643
589 128
586 918
531 391
804 287
655 70
325 596
583 842
324 195
231 134
453 549
401 941
408 904
938 493
371 823
885 887
370 536
945 29
496 898
120 175
62 276
46 92
8 317
110 229
875 915
468 277
5 17
921 297
606 244
536 308
427 706
350 307
267 511
301 223
319 127
406 899
170 569
405 187
438 157
613 315
847 178
583 342
566 160
496 149
375 953
767 794
544 444
896 482
915 715
483 751
563 478
276 796
275 116
575 614
468 44
679 886
168 162
182 724
896 283
112 285
438 133
568 871
90 28
489 51
886 795
371 787
588 237
48 336
70 415
70 637
517 49
405 181
341 135
106 848
150 346
232 935
389 779
783 729
679 632
687 833
717 721
563 257
613 560
97 622
703 294
254 361
182 831
473 423
906 700
801 732
444 82
395 535
886 115
327 390
46 347
693 641
401 67
106 853
833 367
325 850
896 183
579 635
527 649
346 610
535 708
517 186
663 931
885 450
624 305
473 748
361 619
175 778
176 768
439 83
485 298
287 56
520 834
540 872
744 449
435 424
7 464
350 76
308 428
915 539
696 203
218 330
12 139
703 339
767 897
831 469
10 378
569 550
834 185
35 303
944 882
627 363
613 844
522 422
120 685
192 196
423 852
706 612
162 418
772 290
740 659
729 359
35 689
852 145
98 815
130 166
326 642
589 599
401 587
377 909
599 581
579 457
435 534
427 532
587 270
608 296
627 621
22 705
62 920
378 125
599 161
450 355
663 459
642 865
303 849
359 253
264 661
391 561
76 479
466 762
878 699
154 299
285 824
587 594
779 692
274 881
689 221
700 471
823 903
911 805
112 249
751 16
768 603
574 710
92 600
391 458
287 835
95 81
195 656
520 542
815 749
729 335
692 426
181 313
362 425
250 491
771 87
495 208
589 645
319 774
409 864
599 351
651 204
427 318
98 430
936 888
784 151
815 447
500 74
52 109
549 490
619 894
652 691
614 33
296 515
885 559
450 380
301 759
823 407
665 552
59 584
375 310
769 617
883 629
313 420
257 518
494 246
324 889
361 432
464 741
599 558
915 530
231 27
303 555
877 421
192 908
749 476
659 71
422 80
482 722
617 640
250 262
74 159
724 104
606 551
829 826
599 126
557 817
120 825
318 725
882 202
556 760
192 261
544 419
583 61
350 658
652 19
906 628
881 124
65 755
230 245
246 410
169 876
664 119
255 328
75 304
550 18
563 30
660 538
124 322
937 153
621 770
656 718
420 309
586 928
777 533
469 63
642 638
784 757
484 191
834 66
33 372
222 271
124 164
531 797
557 657
643 39
825 369
468 144
569 499
363 926
365 548
254 114
82 854
106 184
369 698
441 675
673 433
612 677
253 695
918 905
24 545
501 118
70 13
493 508
718 252
721 79
906 462
36 200
70 838
949 1
307 553
748 26
106 248
855 364
317 919
673 99
26 398
905 802
406 562
508 505
579 263
246 177
385 436
259 634
542 922
887 666
144 265
494 529
907 929
55 947
474 646
493 340
437 343
128 492
549 742
367 789
517 487
719 607
283 585
550 764
203 281
305 400
938 605
335 670
804 386
457 34
862 577
588 461
213 454
47 314
372 142
642 25
768 260
762 140
714 256
632 217
150 147
135 917
546 863
495 463
906 927
371 891
75 243
744 510
550 590
104 822
150 680
315 207
817 38
457 800
118 840
16 251
693 925
154 467
375 943
883 752
896 571
409 734
275 344
559 869
471 946
314 86
563 272
231 890
646 639
906 839
246 923
146 73
415 519
872 934
937 676
336 940
270 311
826 895
327 524
787 269
182 525
833 924
254 836
328 726
602 678
250 225
326 763
424 101
538 129
853 15
708 470
661 845
66 851
587 68
265 753
485 868
335 102
922 53
714 316
515 790
407 179
317 713
796 394
562 916
812 856
888 647
390 88
870 914
718 597
823 874
745 512
302 951
708 694
15 819
405 455
260 811
953 148
550 750
610 818
503 412
781 747
584 205
947 138
355 803
585 861
797 756
145 354
344 413
816 452
824 14
730 64
253 226
811 728
855 933
170 399
689 383
44 582
380 337
635 402
745 743
879 117
436 952
383 736
627 448
848 537
346 820
919 94
32 813
512 671
470 513
427 592
35 950
797 289
747 78
924 631
912 653
438 23
440 609
803 333
850 591
517 241
759 809
178 731
474 352
372 41
271 761
98 832
33 472
801 434
195 481
803 280
64 227
803 167
424 798
58 320
41 242
518 766
937 429
917 570
744 3
949 702
953 690
171 43
23 300
353 475
52 156
99 523
101 674
726 593
930 306
22 913
371 543
926 806
95 136
274 578
24 123
385 576
166 488
344 900
36 486
139 338
765 780
86 323
818 841
869 615
562 948
422 393
853 723
661 704
166 901
641 521
467 360
433 456
546 516
804 198
79 547
355 60
319 902
589 190
912 648
802 775
32 497
779 416
925 122
242 942
462 554
272 739
262 111
752 746
357 266
833 368
18 279
906 40
157 388
315 77
722 601
320 821
486 381
50 376
147 329
164 234
521 165
832 502
504 356
338 737
722 2
380 884
790 143
59 224
574 291
837 174
69 206
484 96
98 465
614 292
27 773
938 604
380 236
174 867
839 349
348 564
588 830
267 417
347 93
818 132
813 295
362 735
925 598
636 442
62 214
269 173
465 792
454 507
576 382
11 595
287 712
234 57
511 411
861 238
209 268
153 374
791 620
500 193
429 152
661 669
97 334
711 445
91 100
217 321
299 709
390 72
738 793
559 477
259 155
156 404
915 137
853 580
91 215
109 616
315 644
654 387
479 286
338 625
333 431
414 141
931 650
651 808
59 667
185 701
223 873
185 228
493 446
49 235
192 567
648 219
630 672
547 893
374 220
873 814
543 528
154 131
401 293
646 843
54 273
438 107
658 392
202 633
