500
1 93
3 478
8 285
10 266
11 107
13 5
15 306
17 49
21 430
23 489
25 148
29 139
35 481
36 96
39 26
40 276
41 103
42 27
27 222
44 91
45 79
46 445
48 299
49 387
50 143
51 235
53 83
59 242
61 210
64 497
65 454
67 123
69 313
72 336
78 85
80 408
82 466
83 279
84 382
86 460
90 453
92 252
94 402
95 330
100 426
102 171
105 34
107 284
109 89
89 183
122 150
123 304
124 362
125 419
127 168
129 212
131 389
135 484
142 263
143 119
119 296
145 293
151 156
153 199
154 317
161 126
162 113
113 185
164 250
175 159
181 52
182 308
184 180
185 256
186 24
191 500
192 321
193 136
194 442
195 32
198 316
202 18
18 218
208 133
133 159
212 471
214 76
76 461
215 38
38 196
196 305
216 316
218 54
220 325
221 118
118 43
43 410
225 121
226 203
203 475
230 26
26 371
233 449
234 422
235 31
237 456
242 405
248 200
251 173
252 12
253 471
256 20
259 116
260 104
262 407
263 285
264 74
266 477
267 481
268 492
269 58
58 246
246 389
270 424
271 12
12 265
275 286
276 243
277 116
279 2
2 335
281 57
283 307
284 132
132 445
285 351
286 210
287 338
288 238
238 56
56 28
290 217
217 313
292 22
22 356
296 249
249 227
227 250
250 213
213 141
141 19
19 183
183 148
298 405
300 81
301 163
302 93
307 120
120 459
308 128
128 156
309 138
138 295
295 304
304 159
159 199
199 101
101 316
310 68
68 190
190 367
311 4
313 4
4 52
314 88
88 342
315 428
320 187
324 465
325 140
140 149
330 318
318 148
148 484
332 326
326 379
336 236
338 73
73 146
340 316
341 306
306 245
245 349
342 106
106 187
187 155
155 137
137 367
344 491
345 404
346 421
347 439
350 413
352 280
353 437
355 112
112 71
71 229
356 413
357 180
180 397
359 37
360 52
52 111
361 316
362 166
364 337
337 240
365 278
367 402
368 423
369 243
371 77
372 385
374 152
377 222
222 438
378 481
380 312
312 77
77 451
381 419
390 299
299 414
393 490
394 334
334 75
395 391
391 327
327 459
396 399
398 179
179 387
399 205
205 211
400 291
291 60
60 297
401 149
402 30
405 351
351 47
47 147
147 170
406 389
389 210
407 436
408 166
166 66
409 467
410 294
412 411
414 165
415 165
165 20
20 413
413 437
416 349
418 167
167 197
197 108
421 231
231 255
255 240
240 420
420 206
423 293
293 87
424 243
243 335
425 273
426 483
429 444
433 376
376 103
434 471
438 81
441 317
317 228
228 282
282 28
442 439
439 189
189 328
443 152
152 435
445 219
219 431
449 24
24 91
91 157
157 163
163 146
146 446
446 496
450 223
451 206
206 333
452 431
453 177
454 385
385 436
456 57
457 305
305 174
460 177
177 93
93 174
462 329
329 366
463 494
464 417
467 85
85 403
403 75
75 373
373 331
331 273
273 258
258 366
366 173
173 404
404 57
57 126
468 178
178 328
328 150
150 37
37 81
81 74
469 493
470 79
471 294
294 280
472 110
110 9
9 16
16 478
474 188
188 200
475 149
149 354
354 172
172 323
323 261
476 370
370 6
6 431
431 436
436 499
477 176
176 458
458 480
478 428
428 87
87 316
316 419
419 339
339 34
481 382
382 103
103 422
482 455
455 321
321 280
280 397
397 348
348 115
115 447
483 210
210 201
201 111
111 358
358 461
461 160
160 30
484 487
485 70
487 297
297 272
272 244
488 479
489 114
114 244
244 136
490 204
204 491
491 96
96 156
156 384
384 55
55 473
473 224
492 32
32 236
236 241
241 28
28 97
97 126
126 335
335 411
493 278
494 70
70 79
79 158
158 333
333 207
207 387
387 239
239 427
427 392
392 343
343 459
495 303
496 5
5 363
363 66
66 211
211 232
232 432
432 265
265 63
63 486
486 411
411 33
33 322
322 383
383 99
99 447
447 14
14 174
174 303
303 130
130 171
497 98
98 417
417 224
224 278
278 435
435 134
134 7
7 386
386 170
170 254
254 144
144 448
498 375
375 117
117 136
136 465
465 379
379 200
200 388
388 440
440 171
171 422
422 247
247 168
168 74
74 139
139 30
30 430
430 257
257 274
274 499
499 480
480 209
209 459
459 229
229 466
466 444
444 62
62 437
437 108
108 31
31 169
169 116
116 121
121 34
34 289
289 479
479 104
104 448
448 54
54 349
349 223
223 261
261 319
319 500
