3000
664 2262
40 271
112 1870
1057 1354
1328 1020
640 499
2947 1579
1422 1920
2994 1832
1621 2067
1930 587
932 2730
2004 1698
1299 748
1645 1671
2419 2306
408 145
1488 1014
2622 1671
425 2626
1333 1530
1046 2263
1708 2639
2619 662
2796 1232
2320 1158
1102 568
928 2840
930 1906
1264 306
543 2306
173 1852
735 905
933 2121
2066 737
698 614
2787 215
1967 1710
879 2430
2055 568
2005 2690
1388 1530
997 985
135 2836
2590 2381
2631 2170
1367 700
1757 689
1877 2440
699 1599
2453 1379
1684 1936
884 694
1481 175
195 668
2180 2785
428 2203
481 244
1429 1595
1447 2015
2878 353
243 299
1964 376
1317 2342
1813 1347
2902 426
285 2853
2008 1017
923 1575
468 2802
2403 884
2281 2035
2823 1200
2283 2920
177 2231
2687 1555
446 1724
2344 2813
1652 144
125 1741
851 2966
272 1735
2778 1222
2022 1962
204 2088
1540 2501
1355 137
1999 1868
1862 1560
1754 898
1091 1721
1344 670
2474 2212
338 1072
2043 1758
915 1148
2975 1577
1104 2133
1438 671
16 1228
606 253
588 2251
1491 2438
358 216
977 440
763 1249
404 1815
1712 872
549 972
751 1085
974 2034
1672 2901
2144 2031
1616 2747
2977 2461
2345 2214
2752 2712
1749 193
2883 705
2350 2795
709 2563
793 1261
154 1178
2904 2662
1230 707
2845 304
2471 489
468 2255
971 2451
706 1748
1586 1159
288 535
1762 1876
1263 2852
134 511
1365 1231
592 2944
2860 132
1638 891
1745 512
98 2800
222 1169
653 350
1836 2025
1556 1280
1287 2711
2653 2886
2314 505
137 2960
1482 1593
605 1001
2347 2827
2825 935
666 340
2198 2596
1087 301
1710 268
1239 51
2982 2206
865 1916
1717 2105
2833 189
975 76
2568 1902
1368 440
2975 1296
1693 1330
319 2522
1732 2572
883 1101
2172 1861
2311 2853
1625 518
921 1161
1147 661
991 2562
590 434
368 871
2114 822
5 163
2799 1131
1053 2781
2042 2618
948 1356
1007 769
964 1802
1373 1338
2129 1405
730 2615
2962 2223
1182 1141
2877 1930
1410 116
1015 310
682 2492
1945 2243
182 700
1428 1154
983 1720
380 2874
143 25
172 815
812 2243
1905 1401
1988 335
1898 845
1752 1923
2581 1907
2654 759
261 2546
2948 2525
56 1532
2867 1170
1159 942
2510 2304
2383 616
1487 2949
2990 2829
895 1166
2840 2422
2842 2661
1100 1469
1523 814
1277 1979
472 491
1108 1496
593 998
2652 525
323 1851
2281 1806
2801 937
2160 1435
2473 1126
2650 1118
2052 2473
654 330
2137 1490
2347 1066
2514 1654
988 467
1966 367
69 753
620 1895
1522 2207
1032 2341
771 1993
719 2119
202 2898
165 1903
2780 987
1290 2479
1798 1367
1502 2632
1480 2076
26 2717
785 1272
694 127
133 2105
121 2938
1903 2847
206 1616
2283 1467
308 638
2040 692
1311 1060
2881 1118
325 1107
2942 648
717 2794
1082 1541
384 2613
2678 2601
2446 197
2505 1562
1412 1419
586 20
2400 1043
2606 917
704 2941
2796 737
370 683
825 258
2294 1756
2353 1291
774 2302
2772 1850
1384 2012
2312 134
1264 1087
1592 281
968 2478
1018 859
2602 2088
1270 1960
2561 1094
1761 263
2094 2906
325 131
2129 2751
175 1244
990 2762
1152 1033
597 998
806 2702
1127 2490
351 1797
1831 1536
208 123
872 1109
1506 1740
1002 1456
695 765
2079 348
2171 2100
1125 1869
1315 266
2503 34
835 2161
1073 2455
1527 1185
819 1457
1156 476
2806 470
2889 581
2746 2637
1010 1952
548 2393
2413 2612
2816 2981
2412 2333
2006 675
2145 1319
1311 2536
1169 2723
1827 2314
485 2694
2775 1680
1786 741
868 2626
270 2830
1906 243
2772 2757
538 1358
89 2834
2933 560
2660 2743
1958 183
1099 2639
2074 2958
840 728
194 1785
694 2220
586 639
2928 2964
459 1536
2563 860
1570 2083
852 1156
421 630
197 1625
1489 2448
1020 1483
566 2808
2713 802
732 1789
811 1939
1630 794
94 1812
2176 1541
2279 570
606 2851
1199 1244
458 2349
2260 1917
1571 2201
1255 1378
2081 2943
451 1184
1841 2519
333 910
2875 959
320 381
2071 1711
2265 352
2319 2637
1558 175
309 859
1113 2437
828 557
1079 676
2934 1224
1362 1140
1767 1485
2946 565
316 2938
1625 147
291 1549
2778 1771
855 873
2537 289
1353 472
492 2966
74 180
113 2004
2986 2805
1495 1797
2934 2754
552 1074
2848 278
2628 441
1803 1454
2313 2108
1882 2289
2888 1372
1781 1485
2157 1066
2043 384
2463 1759
1763 1194
1337 1223
178 1682
2341 1706
1173 1763
2748 161
651 1354
1567 734
717 1369
246 1601
727 1603
2107 1204
1265 236
2236 292
1216 256
1446 2380
2718 437
972 712
812 314
761 2548
1180 2445
1361 2962
1026 969
2240 1963
1780 939
671 1408
2951 2768
449 1270
2763 953
2765 1499
2807 781
1359 718
945 70
386 277
714 2100
123 2211
482 2208
1003 2641
2038 2059
2876 263
820 804
2332 1712
2211 514
2795 1933
2586 1544
1403 2122
1376 2191
1045 2591
2947 1096
2046 968
1998 2879
592 786
1787 648
1978 2488
1070 1040
1863 2259
1046 1171
496 779
1469 2138
517 2326
2309 958
184 165
2904 2922
2249 1898
2286 2836
1470 2210
2664 451
1093 383
2340 1597
221 2301
666 941
1914 2134
241 2045
1894 1971
47 2145
1959 1813
908 1295
1701 2010
2645 916
2222 1134
1607 2637
2900 1062
2307 1687
1590 2197
1360 2735
417 2263
2588 1576
1928 1541
2166 2914
2466 1277
1520 2994
1051 2335
2129 1772
1569 2948
1382 510
1253 1350
372 1630
1485 2990
2505 2862
1719 1072
2485 2784
1826 1330
34 2321
2707 856
615 2758
2211 841
1148 1393
1278 1353
416 764
2138 69
2722 2366
383 316
1796 1460
910 2426
2814 2604
1271 2324
141 96
398 2039
1726 1455
943 1410
2047 1748
83 2946
2645 1212
157 2948
332 2926
2002 1441
1577 721
947 959
1504 1434
203 2017
2835 2481
2343 1730
2681 1817
2072 2954
1612 103
2595 644
2033 1725
2460 565
567 1400
772 510
2461 1611
88 816
70 2174
2127 2014
1952 2616
909 2646
1905 2051
1593 2918
1470 2118
2861 2881
2597 2015
256 2070
2739 1448
790 383
2261 2175
226 741
114 1777
457 1996
697 572
100 232
1984 781
41 2648
1023 43
1964 1133
1163 1497
2462 831
1092 1522
187 2329
2584 798
2788 2229
2690 1293
1801 1202
965 1381
517 2843
1116 1305
2229 1349
2683 649
537 2823
2811 1167
2969 2934
1696 1862
1692 258
239 2313
233 1416
2292 127
419 1999
1342 2653
2062 1706
1615 2825
17 60
666 2460
671 2692
166 2459
2045 2567
2469 1865
213 2162
590 701
1651 2109
174 1046
2572 2597
871 2800
277 1662
84 650
696 2085
2596 1698
1133 1369
115 1534
2150 273
822 2983
2541 1583
383 2102
1717 1940
2717 834
2877 901
2082 1142
286 2232
282 1818
1659 2360
1852 1526
2737 1474
2990 1664
447 2672
1146 2734
1680 162
106 140
2445 1521
461 2683
2499 50
2559 1852
1274 1626
10 18
2770 1843
1113 2289
2533 752
40 765
2777 1454
2817 446
247 2078
1331 501
816 1613
1337 668
646 1704
137 1046
1135 1434
62 1
2139 790
2807 1822
1488 1178
2297 311
430 526
1134 722
124 2825
998 2674
898 2727
2360 251
2223 2793
1847 2106
878 168
334 2767
1060 775
775 2912
1941 1230
475 1875
2915 996
2566 1716
2699 225
383 2399
2779 823
682 1315
578 2249
127 1697
666 519
364 2256
1170 812
1023 1785
318 509
2611 111
2489 2740
2218 2435
720 293
98 568
471 2886
371 2349
857 1762
990 2375
2669 1283
1076 2999
2904 8
561 1596
1758 1277
279 461
772 1428
2152 823
2812 2614
2716 2877
1986 437
135 1980
554 1551
570 2517
2710 1855
1209 1008
1663 2532
2423 511
2030 1787
2778 2963
358 1044
493 2200
2100 2152
115 575
1424 1443
861 2787
2 2684
1248 713
1888 2635
1653 1749
433 1530
853 223
912 1991
2104 629
373 988
1858 2193
2884 1816
967 38
2903 612
986 1860
1911 2960
2475 2214
863 848
1095 1043
733 1389
2707 979
847 565
2281 569
1799 2725
2720 780
2190 2703
659 2721
1362 191
231 375
1080 1588
1990 2157
1788 313
684 1394
1695 2013
1619 532
37 2737
45 2636
275 2305
1693 571
2751 874
890 1779
2331 837
36 2647
56 2509
143 2739
2837 1716
2685 143
522 1407
1261 808
130 290
1182 768
1505 1800
908 1752
2412 2105
1383 1630
2728 733
2091 1886
1843 2507
2701 1756
1944 539
1461 464
2127 158
2922 693
2895 643
266 1208
2232 2407
1503 664
946 1546
2563 2904
387 15
2456 528
2293 2441
907 1699
1024 1260
2571 2897
394 982
1246 2491
1197 1555
919 235
1394 2181
2959 513
2809 1191
601 1214
1641 1396
2279 2201
1433 247
2488 224
1406 2245
1660 583
1531 596
1993 1794
842 2260
2569 147
2726 2279
1652 2517
1327 2675
866 1345
2110 1158
396 1492
2107 2456
2445 2544
132 9
227 307
2558 2611
203 192
2883 476
2196 2042
1650 2487
2720 1090
44 6
795 2550
1628 416
133 946
2503 299
2280 496
659 1650
2001 2064
2021 902
1450 1847
841 107
1036 1595
1855 2111
1732 1597
2540 2612
2578 2972
1354 728
1322 2977
1859 2479
1136 960
1205 140
2599 2998
1572 1899
2570 2475
1566 2024
588 263
2665 653
2503 385
248 225
1978 2551
2630 2912
120 562
557 1416
1486 866
1013 119
2350 1564
1335 2470
1319 153
2282 1306
1524 1314
670 2881
2997 1575
634 277
516 846
2826 82
1606 751
864 2508
877 595
1196 1458
2603 2594
1756 1782
2026 2224
1525 2449
856 1629
1848 1534
602 1615
1611 1600
2713 2848
2373 2155
2557 216
1049 1135
537 2234
930 67
2144 1949
473 2773
1365 1327
725 2377
2993 377
1562 1360
1596 116
1854 2125
1632 2033
751 100
1217 1004
998 1598
2672 2477
126 1344
2871 381
1715 2681
2972 963
2886 2875
1042 2250
870 339
790 2040
606 1647
1025 2632
1586 2658
2898 1318
2207 1102
1278 2896
1701 1914
249 873
2743 331
2426 1536
2376 1514
1219 2359
697 2514
1910 2152
609 264
451 1083
2379 77
1511 119
1769 535
246 1918
2019 277
2671 2706
201 2231
2909 585
889 1250
142 27
776 66
58 2033
259 2753
579 399
2392 866
1516 2050
2844 282
748 2293
788 244
2545 430
1772 1239
254 1515
160 1483
257 1668
747 721
2122 1064
1644 900
2686 956
1634 362
82 1316
1242 1755
1572 2859
278 480
1321 127
2870 1517
2804 2737
1699 1116
1660 2172
1308 509
1055 1576
2221 1754
2097 588
2356 283
2444 1204
576 702
1588 1702
124 1959
2871 407
64 1251
1192 534
320 358
1579 1803
1040 2750
1411 2288
2415 1533
1668 931
1703 155
1453 2709
422 598
2544 1179
340 689
2417 49
1110 799
1192 1675
2093 188
2913 1225
2211 540
977 2450
1890 2324
2603 1273
1705 365
1981 436
801 1795
2965 2584
485 1047
2729 1588
490 2742
228 2084
1805 672
1507 2805
2060 2220
1048 690
752 2369
1117 415
1717 2386
1010 1784
703 2822
1690 119
1240 1098
1896 2535
2683 2239
1925 2728
438 2885
2697 356
1854 1027
1315 2953
892 895
2255 765
607 2789
2113 2639
63 2578
2650 365
2589 1068
2393 2695
429 767
2932 466
1676 2420
2539 2287
1898 2559
2470 1466
1956 590
65 2818
657 2768
1722 1849
1872 1050
848 2808
882 2273
2480 2734
2498 2766
2069 2564
2322 1421
796 454
2039 2320
170 2282
267 2756
521 987
912 149
849 2016
598 2798
94 894
465 745
1839 2090
1558 321
1878 490
1931 1346
2414 1331
741 2750
7 1172
1326 2415
1052 2022
237 2243
2249 1283
1414 2530
1669 2796
2529 1131
826 1958
2884 1400
1313 48
217 1635
84 740
2941 2568
1727 229
2227 1077
1353 1003
2731 2299
1365 2550
1971 1120
2256 444
1773 1886
2357 1162
2150 1372
1296 1797
1922 1616
972 355
553 937
427 1177
2395 513
477 2225
2259 554
2768 255
1692 1433
1918 2608
1939 2024
817 954
800 2991
2107 2527
2362 1746
1002 2648
1312 1162
804 2672
2967 2774
347 428
1192 1100
5 2777
2279 1891
2238 248
2562 2549
1049 1792
224 2049
2338 1087
2378 2764
689 2803
374 824
607 871
1492 2713
2990 2760
2652 747
493 625
1110 2996
363 220
2390 2489
2227 2189
655 1677
567 654
862 1537
1076 867
35 2746
1896 2568
287 656
765 423
2653 1537
1269 989
546 2056
2380 36
2467 2267
29 1283
1857 1816
2294 1820
582 2561
2416 1552
406 2142
2923 2012
2442 488
1257 558
2112 1792
2872 1578
951 2327
141 2348
360 46
345 2030
1700 1201
2342 2193
1257 2292
2501 1234
1478 1663
229 2689
2298 1934
397 2690
2543 1997
1189 524
1665 2981
2742 2057
2582 2553
1739 2363
2036 443
1601 219
2054 1932
171 1623
353 1088
2131 2969
55 2018
1598 2146
1071 2833
912 1947
548 1917
2809 1414
1248 46
1860 45
2536 2001
393 449
542 474
592 1163
1365 1983
298 1495
215 352
1507 1627
581 2649
1748 2798
1467 1390
1174 2847
2679 1473
1262 1681
269 2761
1108 595
2731 627
2130 2702
1372 2634
2394 924
2380 2248
1427 2598
230 2006
171 884
674 27
1737 1786
1962 1750
1566 2363
2834 2230
497 1787
373 2715
656 776
355 1618
127 232
1402 2726
1127 505
366 1483
690 1213
2360 2498
323 527
2542 565
1059 717
839 2821
1565 558
97 189
2160 2583
45 90
2819 1996
1881 308
750 1751
2034 470
2617 1671
460 835
1456 1063
161 2963
1059 2577
1362 229
2026 1915
2016 314
2491 1005
2512 892
2005 749
1909 2304
1404 869
418 1288
2488 2753
1174 138
2865 1508
10 131
2033 1572
796 544
2113 1683
2391 2562
609 661
357 2484
1694 1172
2771 2328
1748 685
1968 1185
2441 1892
1000 1085
905 1539
2630 1580
984 1656
381 922
2240 2517
2534 2512
2300 1533
967 744
580 2534
1942 1427
1861 1127
122 312
813 1107
85 2381
2109 1286
805 1903
2241 4
445 2141
1421 726
2502 597
1913 1731
1441 24
1220 1839
1381 1194
1856 2626
431 790
701 2479
522 2180
766 1132
2184 2462
482 749
2415 740
2140 1578
2215 2128
2707 2061
1564 1768
2749 1897
1524 1840
129 1170
2022 210
2640 1355
970 1696
424 1195
2169 2388
2464 1670
2133 708
1479 1201
1787 22
2859 1552
1161 1976
2787 2163
505 375
2417 2794
494 1025
1512 2075
281 963
1791 1869
739 2440
1135 1291
2604 1056
2623 599
536 2229
2546 17
1256 2328
124 503
2804 1804
2168 2579
1795 2400
886 917
721 798
1746 2889
52 995
835 773
150 2631
2554 1553
2274 2789
1520 1239
2283 1301
1328 1252
430 1459
104 708
2830 1979
1400 2706
856 1987
817 2129
72 1789
33 1769
1814 1681
863 382
2135 2121
2635 830
1114 288
2162 897
2742 2605
2539 898
1195 2667
1585 1989
2268 495
1946 621
1871 361
3 2901
1335 338
1885 2001
2689 1500
1549 983
759 2855
2226 2191
103 4
851 912
1091 1453
2413 283
240 550
1128 1216
565 669
2867 591
2213 2657
1653 540
324 2798
2142 927
302 888
2519 2655
2252 2666
561 2197
1130 2924
815 2028
2780 1268
1780 817
241 2526
2235 1120
883 1292
2146 1356
1220 2080
500 2686
1302 149
1840 1039
1026 2284
774 1975
599 2066
2328 2050
2966 576
1639 1743
1716 1012
212 1311
1976 1358
718 1055
1304 1424
2926 881
2929 1860
462 715
1037 2625
1563 2348
520 2379
1586 917
448 1160
1955 2501
2968 614
2096 1718
1355 660
920 982
838 1932
2134 2218
63 2217
1264 2756
1058 1432
1431 2278
1549 1210
221 2153
2231 1765
2755 2887
2486 2663
1855 1632
2448 730
1211 1652
475 288
17 1341
1274 1171
2304 2538
867 495
1823 2381
380 2384
1254 1670
2192 1943
2515 1147
602 956
2012 2276
1229 935
2605 114
1477 2454
931 1356
2254 219
2365 2222
1523 1802
2838 2496
1351 1345
686 1230
1798 2693
1233 1714
928 64
925 91
2204 296
1867 2984
2873 1182
1228 2744
1379 1555
2133 2349
2780 974
164 1545
842 2199
1650 2407
1118 1303
1808 280
1668 1186
1154 2743
2841 1622
1564 183
2250 2131
138 2117
99 1343
691 462
627 2620
1972 996
835 657
1940 2330
2766 742
2570 1279
2614 1035
1946 203
499 2317
593 1842
2165 1460
1200 1178
192 1126
1194 2499
1889 1144
1203 2836
1879 2745
2691 2449
2585 1036
645 1247
1720 1215
2931 1121
1054 1009
1938 1661
495 337
2980 2547
867 900
2960 2218
938 110
1924 911
1627 2025
2622 2336
487 1297
281 421
2644 2891
1335 131
2374 1519
2347 2431
1664 1078
1794 2199
2533 467
2259 1747
76 2583
1816 893
541 2285
2880 126
1224 1509
124 530
887 12
2217 1812
340 2148
2650 2959
1061 2921
2981 2044
1163 1227
1982 1775
1089 1127
1507 997
1619 1418
152 668
2766 2552
507 2760
2053 411
1010 523
2180 2587
2081 1021
205 2271
232 1529
154 1305
2765 1181
2073 2331
176 628
1531 999
2708 2678
2532 1243
2425 1718
1700 2076
710 1684
905 716
573 1846
1578 1879
2459 637
2351 786
1781 573
641 2857
1988 1992
1771 1241
2697 1688
494 2023
2759 1661
391 1832
2029 584
1583 2114
2170 2949
74 120
7 1006
711 2985
644 2137
556 1874
2174 427
2548 2493
1792 450
1535 795
2312 54
650 199
2083 411
2793 60
2939 1420
1539 644
1916 88
1312 2810
653 1545
1811 2363
2961 753
1818 150
2790 1050
1550 171
633 1282
1224 486
1785 2566
1901 2659
1599 1985
1207 1521
1618 1929
2275 2220
2897 2937
2547 2439
2059 1450
1600 1616
758 435
2911 1445
30 1235
782 1278
693 369
2840 754
2175 1505
1379 1605
1257 2346
28 1673
1793 2159
695 432
2310 2704
1439 1324
1077 86
1886 1534
1298 643
2593 2485
1899 1462
2047 405
1679 2733
643 2858
1332 864
343 2041
1833 579
903 369
1281 2216
885 2604
1055 40
699 1283
87 324
1157 96
555 1434
1371 993
2457 2926
2679 1638
417 1103
2540 1419
1587 2870
1301 438
2856 1077
1477 1021
2791 2453
2531 2438
80 577
2115 1468
519 207
750 2070
763 1152
2030 1619
547 1313
248 2600
1478 1380
218 2167
2737 870
1008 1032
783 2608
1246 2776
2705 2634
2071 1581
1080 179
605 2063
1838 2000
322 770
2096 2449
2054 2528
2094 2331
1496 2917
1669 934
2114 1538
1404 21
790 2427
1620 1312
2761 867
1707 2101
1507 2651
2857 474
2751 2312
1456 2058
2475 1464
2778 1649
1711 2410
2739 1062
1404 515
870 2942
2405 136
2135 1989
2313 2552
2497 22
1594 2769
500 1823
945 2276
1393 1713
1210 2691
1864 180
2372 1983
2079 342
1225 653
618 2748
1534 1744
2135 1481
1278 342
876 187
2530 2286
963 2995
2765 2782
628 2259
1454 367
949 343
1022 906
630 1460
2976 2738
2029 905
1128 2496
1764 963
763 65
1853 1622
1245 2989
237 1088
1271 2279
1495 533
599 2362
2950 2853
2445 14
1510 528
2590 2692
1357 2696
781 2767
503 455
1884 977
1503 2438
761 2659
2358 574
2615 445
2411 934
2415 2388
1449 318
564 1480
1431 1953
2519 465
2255 1759
2176 456
782 2486
650 2592
238 1784
2843 807
51 234
899 2609
13 2510
2098 2522
1260 2104
2587 2560
634 227
832 1289
2472 1682
2516 128
2266 968
2584 830
1788 2625
838 563
2237 2910
1592 405
2023 315
1791 1086
505 913
1404 2668
1035 2736
243 710
93 1447
822 2974
79 1243
376 2290
1333 1834
2511 2245
1014 1907
1920 1130
1679 1143
2049 2188
65 1300
1953 1090
1233 2327
553 1147
1211 2628
2935 1161
919 306
448 2574
209 134
967 2709
1678 681
802 2928
963 2178
2863 1779
473 1946
2087 2075
344 454
1380 2702
2245 2402
1469 1228
1293 1340
253 2824
608 1988
241 1357
185 2303
677 1400
1392 2367
1849 225
1020 2586
528 292
2320 2296
2471 151
508 795
119 2205
1673 395
1656 26
2436 2794
2580 1706
2521 2556
841 2143
952 1992
1189 1238
303 2211
2646 666
2602 1776
2493 2159
2867 498
2759 534
1034 1158
1757 2153
2471 676
2246 635
1313 2621
2865 846
556 2382
1750 1984
2654 2526
2950 1942
2946 2215
2331 1360
2815 1092
674 2348
241 2131
39 1054
2389 101
1743 1700
2756 2492
1179 2036
1888 1961
111 2998
2056 1391
2244 1049
1542 2366
2011 289
416 390
1607 400
616 1228
2084 2742
198 186
1583 1624
2924 203
1155 77
1883 1994
1751 2353
1557 1744
2272 489
1860 2001
2264 681
95 2846
248 1634
2092 1558
2745 1157
523 2978
1514 936
2151 1453
2003 2631
831 1957
912 1182
1003 2021
1172 1394
44 2327
440 76
719 2109
1374 649
289 1256
1385 2381
1109 320
1729 1775
1037 2430
146 833
1430 20
1417 1240
1581 211
202 755
879 1083
133 346
504 567
1288 2693
602 818
1095 2264
188 1941
2475 2428
417 1977
601 2866
2437 2215
2660 1995
590 2845
1600 1195
362 2206
200 2625
2344 2218
1039 1711
853 896
2399 1517
1954 2429
1144 2600
863 2277
1904 636
930 662
1729 2323
1190 2013
2158 53
961 31
1402 2370
335 2987
2469 2040
2781 2396
2361 1951
2880 2752
403 1558
354 1050
315 789
2688 559
568 529
2623 2377
746 2963
2137 2792
2513 2688
2998 1386
2811 2850
2052 1237
1742 1198
2415 1640
2959 741
606 2127
768 2257
2952 167
1467 2023
1930 2352
2636 2877
620 660
2312 1731
75 442
336 2505
970 2786
2038 1403
2069 1036
1323 1028
2273 239
2469 696
613 2428
118 1499
2721 2643
1426 2866
1375 882
1426 1809
1198 1263
2945 2408
663 764
2518 1438
1707 2870
1489 590
172 2558
1916 2005
1442 2846
1955 2575
2424 2683
294 2879
1544 736
1949 1385
2768 602
1878 1100
2170 1937
1494 1461
1535 1866
1927 2802
672 1970
2572 2048
2769 545
605 924
538 1287
347 2364
1045 2706
2762 227
1189 2614
280 2905
1633 26
1765 412
1561 412
300 2473
80 723
245 731
1766 1728
2494 1521
1731 2298
691 2186
1553 659
577 31
1156 1723
880 2436
2694 1686
1674 2003
879 1926
2202 2772
1355 1075
763 1387
2495 2194
1399 1947
597 297
2339 455
1187 2877
1069 1915
2386 683
1067 2814
459 2099
803 1835
2366 696
2782 2482
2083 1199
1967 2555
1281 1352
413 1962
2843 899
1629 1789
2992 122
2956 2644
2888 1141
381 2958
2704 537
641 498
2887 1077
682 326
1111 2344
517 2002
1515 2123
2638 2106
157 1068
2432 2665
1540 1165
2939 2763
1477 2058
2285 2162
1283 2971
1983 1474
1212 365
1908 1935
2126 522
1465 2335
1436 2815
502 2040
155 128
1016 934
1484 133
1801 158
897 557
507 1075
434 1873
2782 2677
1101 330
710 1051
1902 1279
2943 312
1048 844
1546 1807
2833 1820
2113 2488
1113 1068
2902 214
2209 2371
2940 751
214 716
1787 2378
994 174
1667 1837
1960 1835
61 2112
864 1188
2562 1548
1988 571
156 1391
1805 2027
2319 134
1119 874
1033 495
284 880
2840 293
2657 1944
760 29
1537 2974
1115 2167
2689 536
2258 2971
2316 1175
661 1769
1496 1070
2670 1821
2574 2059
1997 843
20 347
287 1414
964 1844
1349 2464
551 671
128 2251
198 78
1057 279
1478 1158
2909 1308
2899 1009
2387 2228
1497 2401
2434 277
809 2300
1185 439
2095 1253
1294 39
1394 955
308 2757
108 2440
485 1663
2141 1188
770 1215
579 526
2308 1696
501 810
2219 1740
1050 1141
1730 1805
420 99
68 2489
2155 1022
1351 260
801 464
1969 25
2476 2458
1829 353
2973 2651
6 302
1931 1743
1608 2001
610 675
305 955
675 836
2627 1753
1965 1077
149 1632
2307 402
1251 2176
612 857
566 1428
610 81
2866 854
688 130
1419 1142
337 2931
1868 767
658 509
2315 2619
56 1449
887 1144
1149 1066
1017 1376
1413 2798
1410 2860
352 2214
1469 778
986 1027
1146 724
214 906
2455 2424
217 791
632 1275
2281 2311
992 367
2600 2195
1602 697
1153 1742
1270 637
1050 1131
2420 2819
2070 1282
427 1468
444 564
111 590
346 1396
2157 1997
1928 1912
2154 248
737 2418
1334 733
2398 2271
955 1945
220 1372
2592 914
819 2342
1425 755
2481 923
685 2327
2812 2996
1513 2585
2577 1919
1643 2077
2764 1459
419 2074
1678 2369
1320 1010
1705 2440
378 1655
1648 1437
1682 2177
1080 1286
1028 2123
827 2015
484 112
310 2672
872 1583
2282 2788
2972 957
1931 1489
1491 424
1783 2867
180 1123
981 1484
971 189
103 467
2206 1170
495 550
2743 918
1547 1704
409 2905
651 989
995 162
1016 1097
1140 1112
1094 1245
2064 2521
1562 1745
157 2500
1939 2201
711 2399
1135 2877
435 109
2630 2000
1759 2495
2506 399
1973 2596
1504 1008
678 1570
926 1333
234 463
566 1476
2322 756
30 2023
93 539
566 2079
2336 2072
274 205
1870 2272
613 2136
464 1637
1622 294
2000 1339
205 2547
128 2916
196 1662
822 2605
2682 2737
1924 624
2828 1689
2321 897
636 1892
248 1594
349 1445
2228 2033
973 494
1740 2362
589 2158
2061 951
2821 1374
252 1896
626 585
936 69
2575 146
2680 1206
1617 2417
679 143
687 1798
640 1861
2848 1094
1329 2918
1769 2714
1805 1336
1486 177
1432 1774
52 395
2192 1568
886 1129
1364 420
343 1351
2555 2360
1287 3
209 609
1164 234
1147 2483
2277 2103
821 2002
2006 1977
311 262
1829 252
2936 1583
143 1409
1294 1518
2918 1307
2984 1480
2820 2238
2338 2408
1361 1739
1189 1027
1275 50
2119 131
169 2551
966 1375
2120 1860
1554 1029
2301 32
23 2422
2854 1637
946 1304
2538 298
218 2370
1293 2277
2517 2882
1851 894
2951 2933
581 107
1606 800
1709 2840
1543 2508
1925 295
1991 2359
2609 93
1439 1179
882 1685
1052 2955
2724 1711
2432 1911
2687 1591
614 2429
2741 1554
311 877
2919 11
1662 1423
1415 2714
2368 2684
1898 287
2348 436
1084 2378
2646 2754
1655 1632
1258 1774
1677 190
2892 2852
1610 506
2267 1670
600 953
1150 2329
2844 1923
1828 2845
117 1798
2464 2034
357 1864
1918 379
2357 1998
617 1573
1111 2607
1310 163
848 1910
1589 2081
753 1015
966 389
187 531
3000 769
481 250
2089 529
29 1455
363 1482
778 277
1455 1176
2993 1325
2095 379
388 2071
2476 594
1741 2797
2832 311
401 249
1981 2242
2514 399
1818 478
49 2495
296 1993
2026 1350
2298 1679
180 627
229 2269
2442 88
1151 327
977 2633
1079 435
805 1574
2161 1172
2316 1262
1755 884
2983 1145
940 525
357 1819
647 2280
1942 1041
1109 1581
2335 2778
2931 1845
1866 688
737 273
2226 2504
832 374
344 937
757 404
1256 2811
1452 964
1967 996
597 348
2791 767
599 726
1331 983
533 2579
2334 2472
964 1946
1121 2447
284 469
2182 1349
1183 927
769 2406
1840 2147
568 2565
1442 2629
2337 2006
265 101
2473 735
1138 1081
1565 1081
425 738
1760 1893
1677 2833
181 1786
2523 123
179 1086
2783 2111
876 108
631 712
668 625
2478 1409
615 1836
2179 2523
1224 1440
2225 2403
2004 1971
911 1463
2247 2734
167 2590
745 619
1394 2067
2046 91
2904 1374
1985 1183
390 2724
530 2610
1632 2979
2355 1339
139 489
1241 2917
924 1380
1588 1406
2456 2668
1883 2644
1903 1600
1854 2183
1115 267
1245 2586
1259 2878
978 373
1349 86
1272 2037
1009 148
530 1002
151 2166
822 2700
652 549
477 1812
2279 50
30 2703
2573 193
2082 1247
883 1366
2731 315
2647 875
1478 2018
713 2945
1527 483
1240 1868
1416 1799
1185 110
2442 2191
2187 1331
2650 731
2959 1948
385 1776
2864 705
2169 1876
2967 1666
610 1248
2164 1631
2325 665
1817 2259
1950 1164
665 76
1471 585
188 341
1 2124
159 2266
2855 1925
2181 1250
2997 2069
1475 1778
899 1778
1842 1375
1865 2400
1734 581
2647 530
1973 1197
1670 2908
1136 2590
736 2270
510 33
1907 1614
2286 1074
377 1900
2405 2149
2666 816
2590 2524
1632 1742
2576 1802
591 67
2606 1534
2309 132
2306 950
2597 2869
2321 1038
443 1139
766 2433
10 2964
1616 2343
1688 375
145 177
102 2714
1610 2397
2987 1206
1680 993
1798 796
1011 2338
387 2957
31 651
660 2124
1138 275
588 118
1820 1284
309 1390
982 283
1031 780
1277 328
1570 217
1397 2736
2301 2997
963 2594
2285 1090
1544 271
1937 1770
2264 1788
2315 2919
246 2993
59 1713
2928 1246
487 2943
523 57
458 2497
319 441
2384 1783
2302 1935
1119 1830
195 2624
792 2246
1774 1126
1741 1472
951 976
1725 2831
1081 465
1281 854
804 2421
878 76
420 2541
2598 300
1123 1019
2679 1316
1360 1065
1343 2970
1261 1362
2478 1255
141 2086
656 247
568 2303
1893 847
1280 2894
1728 486
2464 427
459 2322
1642 878
1555 1146
2150 1398
881 442
1857 1417
1425 1678
1604 1585
2190 1316
2976 278
2909 269
671 2230
2190 387
1516 2930
315 2868
2974 1601
2020 1538
448 208
546 1292
2397 1918
1579 283
1168 1474
36 970
2865 1086
2955 1609
2727 2077
1953 1498
1979 1738
1874 1402
2068 2627
1277 1183
879 1974
46 1530
929 826
2925 2240
691 1669
1451 1371
2001 2656
1636 1571
1392 2664
2676 2749
2883 2887
1582 1754
1334 2520
1504 2439
1363 1726
2702 1445
2863 1676
1604 178
2456 641
2054 517
1237 2988
2663 1193
762 1952
2096 2196
1810 2379
905 673
1614 2033
577 2291
276 1152
1657 1393
743 190
2927 203
2932 1177
1584 2931
2732 337
2085 452
1091 1340
1053 95
1272 633
622 199
1991 2670
2066 667
688 596
1921 2607
2575 244
1106 952
777 1561
1486 2488
1706 2358
115 2572
1939 1149
261 1887
2059 1238
2189 617
223 2011
1137 2970
1266 488
1444 482
858 2143
1218 635
1451 604
2489 2216
994 2253
29 729
101 240
236 358
2900 2339
198 2255
1121 1336
1691 2389
1728 1528
2493 1458
2103 425
2007 1072
2569 1344
1274 611
855 1180
1285 176
1214 2443
1519 2301
1490 2627
1459 1665
1793 1155
1865 604
1719 1296
2516 1584
2156 1712
2840 541
2373 392
2767 456
2288 1003
479 249
1186 624
105 2588
2108 599
682 1564
59 250
2741 2742
254 996
1992 770
2732 2173
573 980
2850 1790
799 962
2938 1704
1050 706
2323 418
2905 1166
12 631
347 904
2361 2617
2474 1991
1236 2020
875 1024
1499 1501
1317 2784
1327 947
786 19
854 1843
74 637
233 71
1377 762
2199 1348
701 1070
2233 2844
2065 1072
801 2582
1276 2604
2365 2412
1276 1309
222 512
1326 2723
944 460
1800 2114
1415 1682
2465 2818
2189 1992
2125 1620
2622 468
1122 727
2280 2323
1667 2895
2839 1881
785 1678
707 2272
2420 2287
2921 2397
2673 1624
1580 2205
1379 2513
1365 1733
1277 367
2912 317
848 1843
2295 92
2278 787
2164 382
2909 2684
994 2774
242 1304
1833 414
149 2364
2087 160
1138 2462
623 1055
638 2549
387 446
824 2261
523 1033
2601 281
939 2476
2890 1155
1871 1366
2651 17
2682 991
1689 1470
53 2284
2944 977
2302 1328
1267 853
2952 969
1237 442
465 1971
2517 938
2042 698
2281 2366
1117 2336
2907 507
418 2351
1287 878
1153 2452
2385 130
1323 2118
1736 476
2032 2986
2295 2807
1941 1139
690 576
1221 815
1433 1355
361 1276
1682 1262
2512 2318
1832 2719
1619 2849
2080 1173
2048 2116
2833 1373
657 329
984 1148
1904 581
1138 2055
2323 1801
1825 562
1285 2322
1122 2485
2451 2053
650 950
1105 666
2571 642
1667 2136
277 1
941 1967
441 829
1401 2136
635 1078
2409 397
2571 1669
932 2268
39 2195
2955 1752
603 1594
2433 1513
493 333
2404 1167
404 2835
734 979
410 1295
2582 402
1181 582
2009 119
2761 1190
1978 797
2988 805
1648 1743
1872 784
2857 1880
2538 242
2538 73
2494 1692
916 1493
2221 1196
63 2468
128 1824
1217 498
735 1578
1507 680
2132 1764
1785 2943
522 223
803 453
2278 2396
2698 1793
1699 808
1559 1897
1319 2949
2910 2259
1317 2128
2354 1527
2862 2941
2185 2918
1855 2209
1699 2642
1439 2317
2651 1472
1809 1370
159 485
970 1280
1340 1589
2116 848
1644 2661
1808 1013
1030 816
2698 2537
1250 1395
327 429
1124 278
1656 1548
1226 1543
140 504
1587 343
306 42
2956 1846
1007 2048
2942 659
2893 2634
64 437
958 2494
2291 2658
1254 850
1887 1559
1654 2405
1390 794
359 2140
329 2393
1313 353
1730 1735
993 2763
486 1646
2158 703
1943 556
2548 2197
2667 1658
804 2731
